"","date","mindownloads","count","package","updateday","adjusted_downloads","adjusted_total_downloads","total_downloads"
"1",2023-06-12,0,0,"aion",FALSE,0,0,0
"2",2023-06-13,0,50,"aion",TRUE,2,2,50
"3",2023-06-14,0,10,"aion",FALSE,2,4,60
"4",2023-06-15,2,8,"aion",FALSE,6,10,68
"5",2023-06-16,0,39,"aion",FALSE,39,49,107
"6",2023-06-17,0,6,"aion",FALSE,6,55,113
"7",2023-06-18,0,13,"aion",FALSE,13,68,126
"8",2023-06-19,0,23,"aion",FALSE,23,91,149
"9",2023-06-20,0,18,"aion",FALSE,18,109,167
"10",2023-06-21,1,12,"aion",FALSE,11,120,179
"11",2023-06-22,0,10,"aion",FALSE,10,130,189
"12",2023-06-23,0,8,"aion",FALSE,8,138,197
"13",2023-06-24,0,4,"aion",FALSE,4,142,201
"14",2023-06-25,0,7,"aion",FALSE,7,149,208
"15",2023-06-26,0,9,"aion",FALSE,9,158,217
"16",2023-06-27,0,30,"aion",FALSE,30,188,247
"17",2023-06-28,2,16,"aion",FALSE,14,202,263
"18",2023-06-29,0,13,"aion",FALSE,13,215,276
"19",2023-06-30,0,4,"aion",FALSE,4,219,280
"20",2023-07-01,0,6,"aion",FALSE,6,225,286
"21",2023-07-02,0,3,"aion",FALSE,3,228,289
"22",2023-07-03,0,13,"aion",FALSE,13,241,302
"23",2023-07-04,0,13,"aion",FALSE,13,254,315
"24",2023-07-05,1,15,"aion",FALSE,14,268,330
"25",2023-07-06,0,14,"aion",FALSE,14,282,344
"26",2023-07-07,0,17,"aion",FALSE,17,299,361
"27",2023-07-08,0,7,"aion",FALSE,7,306,368
"28",2023-07-09,0,5,"aion",FALSE,5,311,373
"29",2023-07-10,0,13,"aion",FALSE,13,324,386
"30",2023-07-11,0,10,"aion",FALSE,10,334,396
"31",2023-07-12,2,13,"aion",FALSE,11,345,409
"32",2023-07-13,0,8,"aion",FALSE,8,353,417
"33",2023-07-14,0,10,"aion",FALSE,10,363,427
"34",2023-07-15,0,7,"aion",FALSE,7,370,434
"35",2023-07-16,0,6,"aion",FALSE,6,376,440
"36",2023-07-17,0,9,"aion",FALSE,9,385,449
"37",2023-07-18,0,13,"aion",FALSE,13,398,462
"38",2023-07-19,2,8,"aion",FALSE,6,404,470
"39",2023-07-20,0,2,"aion",FALSE,2,406,472
"40",2023-07-21,0,10,"aion",FALSE,10,416,482
"41",2023-07-22,0,4,"aion",FALSE,4,420,486
"42",2023-07-23,0,8,"aion",FALSE,8,428,494
"43",2023-07-24,0,8,"aion",FALSE,8,436,502
"44",2023-07-25,0,11,"aion",FALSE,11,447,513
"45",2023-07-26,2,13,"aion",FALSE,11,458,526
"46",2023-07-27,0,16,"aion",FALSE,16,474,542
"47",2023-07-28,0,8,"aion",FALSE,8,482,550
"48",2023-07-29,0,6,"aion",FALSE,6,488,556
"49",2023-07-30,0,6,"aion",FALSE,6,494,562
"50",2023-07-31,0,10,"aion",FALSE,10,504,572
"51",2023-08-01,0,10,"aion",FALSE,10,514,582
"52",2023-08-02,0,7,"aion",FALSE,7,521,589
"53",2023-08-03,2,9,"aion",FALSE,7,528,598
"54",2023-08-04,0,8,"aion",FALSE,8,536,606
"55",2023-08-05,0,5,"aion",FALSE,5,541,611
"56",2023-08-06,0,10,"aion",FALSE,10,551,621
"57",2023-08-07,0,6,"aion",FALSE,6,557,627
"58",2023-08-08,0,10,"aion",FALSE,10,567,637
"59",2023-08-09,2,10,"aion",FALSE,8,575,647
"60",2023-08-10,0,8,"aion",FALSE,8,583,655
"61",2023-08-11,0,8,"aion",FALSE,8,591,663
"62",2023-08-12,0,8,"aion",FALSE,8,599,671
"63",2023-08-13,0,2,"aion",FALSE,2,601,673
"64",2023-08-14,0,8,"aion",FALSE,8,609,681
"65",2023-08-15,0,11,"aion",FALSE,11,620,692
"66",2023-08-16,1,13,"aion",FALSE,12,632,705
"67",2023-08-17,0,11,"aion",FALSE,11,643,716
"68",2023-08-18,0,8,"aion",FALSE,8,651,724
"69",2023-08-19,0,6,"aion",FALSE,6,657,730
"70",2023-08-20,0,4,"aion",FALSE,4,661,734
"71",2023-08-21,0,3,"aion",FALSE,3,664,737
"72",2023-08-22,0,15,"aion",TRUE,2,666,752
"73",2023-08-23,2,33,"aion",FALSE,2,668,785
"74",2023-08-24,0,44,"aion",FALSE,44,712,829
"75",2023-08-25,0,22,"aion",FALSE,22,734,851
"76",2023-08-26,0,17,"aion",FALSE,17,751,868
"77",2023-08-27,0,11,"aion",FALSE,11,762,879
"78",2023-08-28,0,29,"aion",FALSE,29,791,908
"79",2023-08-29,0,28,"aion",FALSE,28,819,936
"80",2023-08-30,2,49,"aion",FALSE,47,866,985
"81",2023-08-31,0,16,"aion",FALSE,16,882,1001
"82",2023-09-01,0,14,"aion",FALSE,14,896,1015
"83",2023-09-02,0,9,"aion",FALSE,9,905,1024
"84",2023-09-03,0,10,"aion",FALSE,10,915,1034
"85",2023-09-04,0,19,"aion",FALSE,19,934,1053
"86",2023-09-05,0,14,"aion",FALSE,14,948,1067
"87",2023-09-06,1,9,"aion",FALSE,8,956,1076
"88",2023-09-07,0,18,"aion",FALSE,18,974,1094
"89",2023-09-08,0,17,"aion",FALSE,17,991,1111
"90",2023-09-09,0,5,"aion",FALSE,5,996,1116
"91",2023-09-10,0,10,"aion",FALSE,10,1006,1126
"92",2023-09-11,0,7,"aion",FALSE,7,1013,1133
"93",2023-09-12,0,9,"aion",FALSE,9,1022,1142
"94",2023-09-13,0,12,"aion",FALSE,12,1034,1154
"95",2023-09-14,0,8,"aion",FALSE,8,1042,1162
"96",2023-09-15,0,20,"aion",FALSE,20,1062,1182
"97",2023-09-16,0,10,"aion",FALSE,10,1072,1192
"98",2023-09-17,0,3,"aion",FALSE,3,1075,1195
"99",2023-09-18,0,8,"aion",FALSE,8,1083,1203
"100",2023-09-19,0,14,"aion",FALSE,14,1097,1217
"101",2023-09-20,0,16,"aion",FALSE,16,1113,1233
"102",2023-09-21,0,10,"aion",FALSE,10,1123,1243
"103",2023-09-22,0,18,"aion",FALSE,18,1141,1261
"104",2023-09-23,0,6,"aion",FALSE,6,1147,1267
"105",2023-09-24,0,3,"aion",FALSE,3,1150,1270
"106",2023-09-25,0,15,"aion",FALSE,15,1165,1285
"107",2023-09-26,0,6,"aion",FALSE,6,1171,1291
"108",2023-09-27,2,11,"aion",FALSE,9,1180,1302
"109",2023-09-28,0,15,"aion",FALSE,15,1195,1317
"110",2023-09-29,0,5,"aion",FALSE,5,1200,1322
"111",2023-09-30,0,5,"aion",FALSE,5,1205,1327
"112",2023-10-01,0,8,"aion",FALSE,8,1213,1335
"113",2023-10-02,0,11,"aion",FALSE,11,1224,1346
"114",2023-10-03,0,11,"aion",FALSE,11,1235,1357
"115",2023-10-04,1,22,"aion",FALSE,21,1256,1379
"116",2023-10-05,0,15,"aion",FALSE,15,1271,1394
"117",2023-10-06,0,11,"aion",FALSE,11,1282,1405
"118",2023-10-07,0,10,"aion",FALSE,10,1292,1415
"119",2023-10-08,0,4,"aion",FALSE,4,1296,1419
"120",2023-10-09,0,7,"aion",FALSE,7,1303,1426
"121",2023-10-10,0,10,"aion",FALSE,10,1313,1436
"122",2023-10-11,0,9,"aion",FALSE,9,1322,1445
"123",2023-10-12,0,15,"aion",FALSE,15,1337,1460
"124",2023-10-13,0,9,"aion",FALSE,9,1346,1469
"125",2023-10-14,0,17,"aion",FALSE,17,1363,1486
"126",2023-10-15,0,8,"aion",FALSE,8,1371,1494
"127",2023-10-16,0,15,"aion",FALSE,15,1386,1509
"128",2023-10-17,0,12,"aion",FALSE,12,1398,1521
"129",2023-10-18,1,18,"aion",FALSE,17,1415,1539
"130",2023-10-19,0,15,"aion",FALSE,15,1430,1554
"131",2023-10-20,0,20,"aion",FALSE,20,1450,1574
"132",2023-10-21,0,8,"aion",FALSE,8,1458,1582
"133",2023-10-22,0,6,"aion",FALSE,6,1464,1588
"134",2023-10-23,0,7,"aion",FALSE,7,1471,1595
"135",2023-10-24,0,9,"aion",FALSE,9,1480,1604
"136",2023-10-25,1,18,"aion",FALSE,17,1497,1622
"137",2023-10-26,0,20,"aion",TRUE,2,1499,1642
"138",2023-10-27,0,42,"aion",FALSE,2,1501,1684
"139",2023-10-28,0,11,"aion",FALSE,11,1512,1695
"140",2023-10-29,0,10,"aion",FALSE,10,1522,1705
"141",2023-10-30,0,48,"aion",FALSE,48,1570,1753
"142",2023-10-31,0,18,"aion",FALSE,18,1588,1771
"143",2023-11-01,1,19,"aion",FALSE,18,1606,1790
"144",2023-11-02,0,23,"aion",FALSE,23,1629,1813
"145",2023-11-03,0,31,"aion",FALSE,31,1660,1844
"146",2023-11-04,0,9,"aion",FALSE,9,1669,1853
"147",2023-11-05,0,15,"aion",FALSE,15,1684,1868
"148",2023-11-06,0,24,"aion",FALSE,24,1708,1892
"149",2023-11-07,0,13,"aion",FALSE,13,1721,1905
"150",2023-11-08,2,32,"aion",FALSE,30,1751,1937
"151",2023-11-09,0,16,"aion",FALSE,16,1767,1953
"152",2023-11-10,0,7,"aion",FALSE,7,1774,1960
"153",2023-11-11,0,4,"aion",FALSE,4,1778,1964
"154",2023-11-12,0,5,"aion",FALSE,5,1783,1969
"155",2023-11-13,0,18,"aion",FALSE,18,1801,1987
"156",2023-11-14,0,10,"aion",FALSE,10,1811,1997
"157",2023-11-15,2,17,"aion",FALSE,15,1826,2014
"158",2023-11-16,0,9,"aion",FALSE,9,1835,2023
"159",2023-11-17,0,21,"aion",FALSE,21,1856,2044
"160",2023-11-18,0,12,"aion",FALSE,12,1868,2056
"161",2023-11-19,0,12,"aion",FALSE,12,1880,2068
"162",2023-11-20,0,25,"aion",FALSE,25,1905,2093
"163",2023-11-21,0,9,"aion",FALSE,9,1914,2102
"164",2023-11-22,1,14,"aion",FALSE,13,1927,2116
"165",2023-11-23,0,13,"aion",FALSE,13,1940,2129
"166",2023-11-24,0,26,"aion",FALSE,26,1966,2155
"167",2023-11-25,0,11,"aion",FALSE,11,1977,2166
"168",2023-11-26,0,12,"aion",FALSE,12,1989,2178
"169",2023-11-27,0,8,"aion",FALSE,8,1997,2186
"170",2023-11-28,0,13,"aion",FALSE,13,2010,2199
"171",2023-11-29,3,22,"aion",FALSE,19,2029,2221
"172",2023-11-30,0,18,"aion",FALSE,18,2047,2239
"173",2023-12-01,0,17,"aion",FALSE,17,2064,2256
"174",2023-12-02,0,9,"aion",FALSE,9,2073,2265
"175",2023-12-03,0,5,"aion",FALSE,5,2078,2270
"176",2023-12-04,0,14,"aion",FALSE,14,2092,2284
"177",2023-12-05,0,12,"aion",FALSE,12,2104,2296
"178",2023-12-06,2,15,"aion",FALSE,13,2117,2311
"179",2023-12-07,0,16,"aion",FALSE,16,2133,2327
"180",2023-12-08,0,7,"aion",FALSE,7,2140,2334
"181",2023-12-09,0,12,"aion",FALSE,12,2152,2346
"182",2023-12-10,0,7,"aion",FALSE,7,2159,2353
"183",2023-12-11,0,10,"aion",FALSE,10,2169,2363
"184",2023-12-12,0,11,"aion",FALSE,11,2180,2374
"185",2023-12-13,0,10,"aion",FALSE,10,2190,2384
"186",2023-12-14,0,7,"aion",FALSE,7,2197,2391
"187",2023-12-15,2,22,"aion",FALSE,20,2217,2413
"188",2023-12-16,0,5,"aion",FALSE,5,2222,2418
"189",2023-12-17,0,7,"aion",FALSE,7,2229,2425
"190",2023-12-18,0,5,"aion",FALSE,5,2234,2430
"191",2023-12-19,0,24,"aion",FALSE,24,2258,2454
"192",2023-12-20,0,17,"aion",FALSE,17,2275,2471
"193",2023-12-21,0,7,"aion",FALSE,7,2282,2478
"194",2023-12-22,0,6,"aion",FALSE,6,2288,2484
"195",2023-12-23,0,1,"aion",FALSE,1,2289,2485
"196",2023-12-24,0,12,"aion",FALSE,12,2301,2497
"197",2023-12-25,0,14,"aion",FALSE,14,2315,2511
"198",2023-12-26,0,6,"aion",FALSE,6,2321,2517
"199",2023-12-27,2,12,"aion",FALSE,10,2331,2529
"200",2023-12-28,0,7,"aion",FALSE,7,2338,2536
"201",2023-12-29,0,7,"aion",FALSE,7,2345,2543
"202",2023-12-30,0,3,"aion",FALSE,3,2348,2546
"203",2023-12-31,0,3,"aion",FALSE,3,2351,2549
"204",2024-01-01,0,3,"aion",FALSE,3,2354,2552
"205",2024-01-02,0,7,"aion",FALSE,7,2361,2559
"206",2024-01-03,1,17,"aion",FALSE,16,2377,2576
"207",2024-01-04,0,9,"aion",FALSE,9,2386,2585
"208",2024-01-05,0,6,"aion",FALSE,6,2392,2591
"209",2024-01-06,0,4,"aion",FALSE,4,2396,2595
"210",2024-01-07,0,5,"aion",FALSE,5,2401,2600
"211",2024-01-08,0,10,"aion",FALSE,10,2411,2610
"212",2024-01-09,0,10,"aion",FALSE,10,2421,2620
"213",2024-01-10,2,16,"aion",FALSE,14,2435,2636
"214",2024-01-11,0,7,"aion",FALSE,7,2442,2643
"215",2024-01-12,0,40,"aion",FALSE,40,2482,2683
"216",2024-01-13,0,9,"aion",FALSE,9,2491,2692
"217",2024-01-14,0,8,"aion",FALSE,8,2499,2700
"218",2024-01-15,0,7,"aion",FALSE,7,2506,2707
"219",2024-01-16,0,14,"aion",FALSE,14,2520,2721
"220",2024-01-17,2,14,"aion",FALSE,12,2532,2735
"221",2024-01-18,0,18,"aion",FALSE,18,2550,2753
"222",2024-01-19,0,5,"aion",FALSE,5,2555,2758
"223",2024-01-20,0,7,"aion",FALSE,7,2562,2765
"224",2024-01-21,0,4,"aion",FALSE,4,2566,2769
"225",2024-01-22,0,15,"aion",FALSE,15,2581,2784
"226",2024-01-23,0,24,"aion",FALSE,24,2605,2808
"227",2024-01-24,6,92,"aion",FALSE,86,2691,2900
"228",2024-01-25,1,85,"aion",FALSE,84,2775,2985
"229",2024-01-26,0,9,"aion",FALSE,9,2784,2994
"230",2024-01-27,0,1,"aion",FALSE,1,2785,2995
"231",2024-01-28,0,2,"aion",FALSE,2,2787,2997
"232",2024-01-29,0,17,"aion",FALSE,17,2804,3014
"233",2024-01-30,0,18,"aion",FALSE,18,2822,3032
"234",2024-01-31,2,21,"aion",FALSE,19,2841,3053
"235",2024-02-01,0,4,"aion",FALSE,4,2845,3057
"236",2024-02-02,0,16,"aion",FALSE,16,2861,3073
"237",2024-02-03,0,21,"aion",FALSE,21,2882,3094
"238",2024-02-04,0,9,"aion",FALSE,9,2891,3103
"239",2024-02-05,0,9,"aion",FALSE,9,2900,3112
"240",2024-02-06,0,12,"aion",FALSE,12,2912,3124
"241",2024-02-07,2,13,"aion",FALSE,11,2923,3137
"242",2024-02-08,0,8,"aion",FALSE,8,2931,3145
"243",2024-02-09,0,7,"aion",FALSE,7,2938,3152
"244",2024-02-10,0,3,"aion",FALSE,3,2941,3155
"245",2024-02-11,0,3,"aion",FALSE,3,2944,3158
"246",2024-02-12,0,8,"aion",FALSE,8,2952,3166
"247",2024-02-13,0,14,"aion",FALSE,14,2966,3180
"248",2024-02-14,2,11,"aion",FALSE,9,2975,3191
"249",2024-02-15,0,6,"aion",FALSE,6,2981,3197
"250",2024-02-16,0,11,"aion",FALSE,11,2992,3208
"251",2024-02-17,0,8,"aion",FALSE,8,3000,3216
"252",2024-02-18,0,9,"aion",FALSE,9,3009,3225
"253",2024-02-19,0,11,"aion",FALSE,11,3020,3236
"254",2024-02-20,0,9,"aion",FALSE,9,3029,3245
"255",2024-02-21,2,11,"aion",FALSE,9,3038,3256
"256",2024-02-22,0,12,"aion",FALSE,12,3050,3268
"257",2024-02-23,0,14,"aion",FALSE,14,3064,3282
"258",2024-02-24,1,6,"aion",FALSE,5,3069,3288
"259",2024-02-25,0,4,"aion",FALSE,4,3073,3292
"260",2024-02-26,0,10,"aion",FALSE,10,3083,3302
"261",2024-02-27,0,13,"aion",FALSE,13,3096,3315
"262",2024-02-28,2,20,"aion",FALSE,18,3114,3335
"263",2024-02-29,0,13,"aion",FALSE,13,3127,3348
"264",2024-03-01,0,17,"aion",FALSE,17,3144,3365
"265",2024-03-02,0,7,"aion",FALSE,7,3151,3372
"266",2024-03-03,0,9,"aion",FALSE,9,3160,3381
"267",2024-03-04,0,22,"aion",FALSE,22,3182,3403
"268",2024-03-05,0,15,"aion",FALSE,15,3197,3418
"269",2024-03-06,2,14,"aion",FALSE,12,3209,3432
"270",2024-03-07,0,10,"aion",FALSE,10,3219,3442
"271",2024-03-08,0,12,"aion",FALSE,12,3231,3454
"272",2024-03-09,0,8,"aion",FALSE,8,3239,3462
"273",2024-03-10,0,12,"aion",FALSE,12,3251,3474
"274",2024-03-11,0,7,"aion",FALSE,7,3258,3481
"275",2024-03-12,0,9,"aion",FALSE,9,3267,3490
"276",2024-03-13,2,16,"aion",FALSE,14,3281,3506
"277",2024-03-14,0,9,"aion",FALSE,9,3290,3515
"278",2024-03-15,0,10,"aion",FALSE,10,3300,3525
"279",2024-03-16,0,10,"aion",FALSE,10,3310,3535
"280",2024-03-17,0,4,"aion",FALSE,4,3314,3539
"281",2024-03-18,0,13,"aion",FALSE,13,3327,3552
"282",2024-03-19,0,12,"aion",FALSE,12,3339,3564
"283",2024-03-20,0,9,"aion",FALSE,9,3348,3573
"284",2024-03-21,2,17,"aion",FALSE,15,3363,3590
"285",2024-03-22,0,12,"aion",FALSE,12,3375,3602
"286",2024-03-23,0,7,"aion",FALSE,7,3382,3609
"287",2024-03-24,0,7,"aion",FALSE,7,3389,3616
"288",2024-03-25,0,9,"aion",FALSE,9,3398,3625
"289",2024-03-26,0,11,"aion",FALSE,11,3409,3636
"290",2024-03-27,2,21,"aion",FALSE,19,3428,3657
"291",2024-03-28,0,32,"aion",FALSE,32,3460,3689
"292",2024-03-29,0,13,"aion",FALSE,13,3473,3702
"293",2024-03-30,0,8,"aion",FALSE,8,3481,3710
"294",2024-03-31,0,7,"aion",FALSE,7,3488,3717
"295",2024-04-01,0,15,"aion",FALSE,15,3503,3732
"296",2024-04-02,0,11,"aion",FALSE,11,3514,3743
"297",2024-04-03,2,21,"aion",FALSE,19,3533,3764
"298",2024-04-04,0,14,"aion",FALSE,14,3547,3778
"299",2024-04-05,0,12,"aion",FALSE,12,3559,3790
"300",2024-04-06,0,2,"aion",FALSE,2,3561,3792
"301",2024-04-07,0,3,"aion",FALSE,3,3564,3795
"302",2024-04-08,0,7,"aion",FALSE,7,3571,3802
"303",2024-04-09,0,10,"aion",FALSE,10,3581,3812
"304",2024-04-10,2,12,"aion",FALSE,10,3591,3824
"305",2024-04-11,0,7,"aion",FALSE,7,3598,3831
"306",2024-04-12,0,6,"aion",FALSE,6,3604,3837
"307",2024-04-13,0,7,"aion",FALSE,7,3611,3844
"308",2024-04-14,0,2,"aion",FALSE,2,3613,3846
"309",2024-04-15,0,13,"aion",FALSE,13,3626,3859
"310",2024-04-16,0,8,"aion",FALSE,8,3634,3867
"311",2024-04-17,2,18,"aion",FALSE,16,3650,3885
"312",2024-04-18,0,17,"aion",FALSE,17,3667,3902
"313",2024-04-19,0,6,"aion",FALSE,6,3673,3908
"314",2024-04-20,0,11,"aion",FALSE,11,3684,3919
"315",2024-04-21,0,9,"aion",FALSE,9,3693,3928
"316",2024-04-22,0,12,"aion",FALSE,12,3705,3940
"317",2024-04-23,0,5,"aion",FALSE,5,3710,3945
"318",2024-04-24,0,15,"aion",FALSE,15,3725,3960
"319",2024-04-25,0,13,"aion",FALSE,13,3738,3973
"320",2024-04-26,0,18,"aion",FALSE,18,3756,3991
"321",2024-04-27,0,11,"aion",FALSE,11,3767,4002
"322",2024-04-28,0,14,"aion",FALSE,14,3781,4016
"323",2024-04-29,0,16,"aion",FALSE,16,3797,4032
"324",2024-04-30,0,11,"aion",FALSE,11,3808,4043
"325",2024-05-01,2,9,"aion",FALSE,7,3815,4052
"326",2024-05-02,0,18,"aion",FALSE,18,3833,4070
"327",2024-05-03,0,16,"aion",FALSE,16,3849,4086
"328",2024-05-04,0,6,"aion",FALSE,6,3855,4092
"329",2024-05-05,0,3,"aion",FALSE,3,3858,4095
"330",2024-05-06,0,16,"aion",FALSE,16,3874,4111
"331",2024-05-07,0,16,"aion",FALSE,16,3890,4127
"332",2024-05-08,2,30,"aion",FALSE,28,3918,4157
"333",2024-05-09,0,11,"aion",FALSE,11,3929,4168
"334",2024-05-10,0,10,"aion",FALSE,10,3939,4178
"335",2024-05-11,0,11,"aion",FALSE,11,3950,4189
"336",2024-05-12,0,10,"aion",FALSE,10,3960,4199
"337",2024-05-13,0,13,"aion",FALSE,13,3973,4212
"338",2024-05-14,0,11,"aion",FALSE,11,3984,4223
"339",2024-05-15,2,21,"aion",FALSE,19,4003,4244
"340",2024-05-16,0,16,"aion",FALSE,16,4019,4260
"341",2024-05-17,0,9,"aion",FALSE,9,4028,4269
"342",2024-05-18,0,7,"aion",FALSE,7,4035,4276
"343",2024-05-19,0,4,"aion",FALSE,4,4039,4280
"344",2024-05-20,0,8,"aion",FALSE,8,4047,4288
"345",2024-05-21,0,9,"aion",FALSE,9,4056,4297
"346",2024-05-22,2,24,"aion",FALSE,22,4078,4321
"347",2024-05-23,0,8,"aion",FALSE,8,4086,4329
"348",2024-05-24,0,9,"aion",FALSE,9,4095,4338
"349",2024-05-25,0,5,"aion",FALSE,5,4100,4343
"350",2024-05-26,0,4,"aion",FALSE,4,4104,4347
"351",2024-05-27,0,7,"aion",FALSE,7,4111,4354
"352",2024-05-28,0,13,"aion",FALSE,13,4124,4367
"353",2024-05-29,2,22,"aion",FALSE,20,4144,4389
"354",2024-05-30,0,13,"aion",FALSE,13,4157,4402
"355",2024-05-31,0,16,"aion",FALSE,16,4173,4418
"356",2024-06-01,0,15,"aion",FALSE,15,4188,4433
"357",2024-06-02,0,21,"aion",FALSE,21,4209,4454
"358",2024-06-03,0,12,"aion",FALSE,12,4221,4466
"359",2024-06-04,0,24,"aion",FALSE,24,4245,4490
"360",2024-06-05,2,25,"aion",FALSE,23,4268,4515
"361",2024-06-06,0,7,"aion",FALSE,7,4275,4522
"362",2024-06-07,0,9,"aion",FALSE,9,4284,4531
"363",2024-06-08,0,6,"aion",FALSE,6,4290,4537
"364",2024-06-09,0,3,"aion",FALSE,3,4293,4540
"365",2024-06-10,0,7,"aion",FALSE,7,4300,4547
"366",2024-06-11,0,15,"aion",FALSE,15,4315,4562
"367",2024-06-12,2,11,"aion",FALSE,9,4324,4573
"368",2024-06-13,0,4,"aion",FALSE,4,4328,4577
"369",2024-06-14,0,12,"aion",FALSE,12,4340,4589
"370",2024-06-15,0,6,"aion",FALSE,6,4346,4595
"371",2024-06-16,0,11,"aion",FALSE,11,4357,4606
"372",2024-06-17,0,18,"aion",FALSE,18,4375,4624
"373",2024-06-18,0,12,"aion",FALSE,12,4387,4636
"374",2024-06-19,2,27,"aion",FALSE,25,4412,4663
"375",2024-06-20,0,8,"aion",FALSE,8,4420,4671
"376",2024-06-21,0,12,"aion",FALSE,12,4432,4683
"377",2024-06-22,0,5,"aion",FALSE,5,4437,4688
"378",2024-06-23,0,12,"aion",FALSE,12,4449,4700
"379",2024-06-24,0,11,"aion",FALSE,11,4460,4711
"380",2024-06-25,0,20,"aion",FALSE,20,4480,4731
"381",2024-06-26,0,16,"aion",FALSE,16,4496,4747
"382",2024-06-27,0,17,"aion",FALSE,17,4513,4764
"383",2024-06-28,0,8,"aion",FALSE,8,4521,4772
"384",2024-06-29,0,6,"aion",FALSE,6,4527,4778
"385",2024-06-30,0,6,"aion",FALSE,6,4533,4784
"386",2024-07-01,0,20,"aion",FALSE,20,4553,4804
"387",2024-07-02,0,9,"aion",FALSE,9,4562,4813
"388",2024-07-03,2,15,"aion",FALSE,13,4575,4828
"389",2024-07-04,0,16,"aion",FALSE,16,4591,4844
"390",2024-07-05,0,10,"aion",FALSE,10,4601,4854
"391",2024-07-06,0,5,"aion",FALSE,5,4606,4859
"392",2024-07-07,0,3,"aion",FALSE,3,4609,4862
"393",2024-07-08,0,6,"aion",FALSE,6,4615,4868
"394",2024-07-09,0,8,"aion",FALSE,8,4623,4876
"395",2024-07-10,0,12,"aion",FALSE,12,4635,4888
"396",2024-07-11,0,11,"aion",FALSE,11,4646,4899
"397",2024-07-12,0,11,"aion",FALSE,11,4657,4910
"398",2024-07-13,0,8,"aion",FALSE,8,4665,4918
"399",2024-07-14,0,9,"aion",FALSE,9,4674,4927
"400",2024-07-15,0,13,"aion",FALSE,13,4687,4940
"401",2024-07-16,0,10,"aion",FALSE,10,4697,4950
"402",2024-07-17,2,17,"aion",FALSE,15,4712,4967
"403",2024-07-18,0,12,"aion",FALSE,12,4724,4979
"404",2024-07-19,0,9,"aion",FALSE,9,4733,4988
"405",2024-07-20,0,3,"aion",FALSE,3,4736,4991
"406",2024-07-21,0,5,"aion",FALSE,5,4741,4996
"407",2024-07-22,0,15,"aion",FALSE,15,4756,5011
"408",2024-07-23,0,23,"aion",FALSE,23,4779,5034
"409",2024-07-24,2,26,"aion",FALSE,24,4803,5060
"410",2024-07-25,0,17,"aion",FALSE,17,4820,5077
"411",2024-07-26,0,33,"aion",TRUE,2,4822,5110
"412",2024-07-27,0,29,"aion",FALSE,2,4824,5139
"413",2024-07-28,0,21,"aion",FALSE,21,4845,5160
"414",2024-07-29,0,57,"aion",FALSE,57,4902,5217
"415",2024-07-30,0,21,"aion",FALSE,21,4923,5238
"416",2024-07-31,0,31,"aion",FALSE,31,4954,5269
"417",2024-08-01,0,32,"aion",FALSE,32,4986,5301
"418",2024-08-02,0,11,"aion",FALSE,11,4997,5312
"419",2024-08-03,0,9,"aion",FALSE,9,5006,5321
"420",2024-08-04,0,24,"aion",FALSE,24,5030,5345
"421",2024-08-05,0,27,"aion",FALSE,27,5057,5372
"422",2024-08-06,0,22,"aion",FALSE,22,5079,5394
"423",2024-08-07,0,18,"aion",FALSE,18,5097,5412
"424",2024-08-08,2,16,"aion",FALSE,14,5111,5428
"425",2024-08-09,0,9,"aion",FALSE,9,5120,5437
"426",2024-08-10,0,7,"aion",FALSE,7,5127,5444
"427",2024-08-11,0,7,"aion",FALSE,7,5134,5451
"428",2024-08-12,0,17,"aion",FALSE,17,5151,5468
"429",2024-08-13,0,13,"aion",FALSE,13,5164,5481
"430",2024-08-14,0,18,"aion",FALSE,18,5182,5499
"431",2024-08-15,2,28,"aion",FALSE,26,5208,5527
"432",2024-08-16,0,16,"aion",FALSE,16,5224,5543
"433",2024-08-17,0,7,"aion",FALSE,7,5231,5550
"434",2024-08-18,0,8,"aion",FALSE,8,5239,5558
"435",2024-08-19,0,19,"aion",FALSE,19,5258,5577
"436",2024-08-20,0,20,"aion",FALSE,20,5278,5597
"437",2024-08-21,0,26,"aion",FALSE,26,5304,5623
"438",2024-08-22,0,32,"aion",FALSE,32,5336,5655
"439",2024-08-23,0,19,"aion",FALSE,19,5355,5674
"440",2024-08-24,0,13,"aion",FALSE,13,5368,5687
"441",2024-08-25,0,8,"aion",FALSE,8,5376,5695
"442",2024-08-26,0,14,"aion",FALSE,14,5390,5709
"443",2024-08-27,0,39,"aion",FALSE,39,5429,5748
"444",2024-08-28,2,66,"aion",FALSE,64,5493,5814
"445",2024-08-29,0,13,"aion",FALSE,13,5506,5827
"446",2024-08-30,0,24,"aion",FALSE,24,5530,5851
"447",2024-08-31,0,5,"aion",FALSE,5,5535,5856
"448",2024-09-01,0,7,"aion",FALSE,7,5542,5863
"449",2024-09-02,0,11,"aion",FALSE,11,5553,5874
"450",2024-09-03,0,28,"aion",FALSE,28,5581,5902
"451",2024-09-04,2,23,"aion",FALSE,21,5602,5925
"452",2024-09-05,0,20,"aion",FALSE,20,5622,5945
"453",2024-09-06,0,13,"aion",FALSE,13,5635,5958
"454",2024-09-07,0,12,"aion",FALSE,12,5647,5970
"455",2024-09-08,0,4,"aion",FALSE,4,5651,5974
"456",2024-09-09,0,9,"aion",FALSE,9,5660,5983
"457",2024-09-10,0,27,"aion",FALSE,27,5687,6010
"458",2024-09-11,3,35,"aion",FALSE,32,5719,6045
"459",2024-09-12,0,16,"aion",FALSE,16,5735,6061
"460",2024-09-13,0,9,"aion",FALSE,9,5744,6070
"461",2024-09-14,0,8,"aion",FALSE,8,5752,6078
"462",2024-09-15,0,5,"aion",FALSE,5,5757,6083
"463",2024-09-16,0,12,"aion",FALSE,12,5769,6095
"464",2024-09-17,0,6,"aion",FALSE,6,5775,6101
"465",2024-09-18,2,20,"aion",FALSE,18,5793,6121
"466",2024-09-19,0,18,"aion",FALSE,18,5811,6139
"467",2024-09-20,0,19,"aion",FALSE,19,5830,6158
"468",2024-09-21,0,14,"aion",FALSE,14,5844,6172
"469",2024-09-22,0,4,"aion",FALSE,4,5848,6176
"470",2024-09-23,0,12,"aion",FALSE,12,5860,6188
"471",2024-09-24,0,26,"aion",FALSE,26,5886,6214
"472",2024-09-25,0,18,"aion",FALSE,18,5904,6232
"473",2024-09-26,1,24,"aion",FALSE,23,5927,6256
"474",2024-09-27,0,17,"aion",FALSE,17,5944,6273
"475",2024-09-28,0,0,"aion",FALSE,0,5944,6273
"476",2024-09-29,0,0,"aion",FALSE,0,5944,6273
"477",2022-09-14,5,0,"alkahest",FALSE,0,0,0
"478",2022-09-15,0,4,"alkahest",TRUE,2,2,4
"479",2022-09-16,0,10,"alkahest",FALSE,2,4,14
"480",2022-09-17,0,18,"alkahest",FALSE,18,22,32
"481",2022-09-18,0,7,"alkahest",FALSE,7,29,39
"482",2022-09-19,0,11,"alkahest",FALSE,11,40,50
"483",2022-09-20,0,29,"alkahest",FALSE,29,69,79
"484",2022-09-21,0,7,"alkahest",FALSE,7,76,86
"485",2022-09-22,0,19,"alkahest",FALSE,19,95,105
"486",2022-09-23,0,24,"alkahest",FALSE,24,119,129
"487",2022-09-24,0,3,"alkahest",FALSE,3,122,132
"488",2022-09-25,0,11,"alkahest",FALSE,11,133,143
"489",2022-09-26,0,21,"alkahest",FALSE,21,154,164
"490",2022-09-27,0,7,"alkahest",FALSE,7,161,171
"491",2022-09-28,0,4,"alkahest",FALSE,4,165,175
"492",2022-09-29,0,14,"alkahest",FALSE,14,179,189
"493",2022-09-30,0,3,"alkahest",FALSE,3,182,192
"494",2022-10-01,0,6,"alkahest",FALSE,6,188,198
"495",2022-10-02,0,6,"alkahest",FALSE,6,194,204
"496",2022-10-03,0,10,"alkahest",FALSE,10,204,214
"497",2022-10-04,0,16,"alkahest",FALSE,16,220,230
"498",2022-10-05,0,8,"alkahest",FALSE,8,228,238
"499",2022-10-06,0,9,"alkahest",FALSE,9,237,247
"500",2022-10-07,0,12,"alkahest",FALSE,12,249,259
"501",2022-10-08,0,11,"alkahest",FALSE,11,260,270
"502",2022-10-09,0,2,"alkahest",FALSE,2,262,272
"503",2022-10-10,0,12,"alkahest",FALSE,12,274,284
"504",2022-10-11,0,14,"alkahest",FALSE,14,288,298
"505",2022-10-12,0,13,"alkahest",FALSE,13,301,311
"506",2022-10-13,0,11,"alkahest",FALSE,11,312,322
"507",2022-10-14,0,10,"alkahest",FALSE,10,322,332
"508",2022-10-15,0,9,"alkahest",FALSE,9,331,341
"509",2022-10-16,0,4,"alkahest",FALSE,4,335,345
"510",2022-10-17,0,39,"alkahest",FALSE,39,374,384
"511",2022-10-18,0,15,"alkahest",FALSE,15,389,399
"512",2022-10-19,0,7,"alkahest",FALSE,7,396,406
"513",2022-10-20,0,10,"alkahest",FALSE,10,406,416
"514",2022-10-21,0,6,"alkahest",FALSE,6,412,422
"515",2022-10-22,0,16,"alkahest",FALSE,16,428,438
"516",2022-10-23,0,6,"alkahest",FALSE,6,434,444
"517",2022-10-24,0,15,"alkahest",FALSE,15,449,459
"518",2022-10-25,0,11,"alkahest",FALSE,11,460,470
"519",2022-10-26,0,8,"alkahest",FALSE,8,468,478
"520",2022-10-27,0,4,"alkahest",FALSE,4,472,482
"521",2022-10-28,0,17,"alkahest",FALSE,17,489,499
"522",2022-10-29,0,13,"alkahest",FALSE,13,502,512
"523",2022-10-30,0,3,"alkahest",FALSE,3,505,515
"524",2022-10-31,0,6,"alkahest",FALSE,6,511,521
"525",2022-11-01,0,7,"alkahest",FALSE,7,518,528
"526",2022-11-02,0,10,"alkahest",FALSE,10,528,538
"527",2022-11-03,0,10,"alkahest",FALSE,10,538,548
"528",2022-11-04,0,3,"alkahest",FALSE,3,541,551
"529",2022-11-05,0,5,"alkahest",FALSE,5,546,556
"530",2022-11-06,0,4,"alkahest",FALSE,4,550,560
"531",2022-11-07,0,10,"alkahest",FALSE,10,560,570
"532",2022-11-08,0,17,"alkahest",FALSE,17,577,587
"533",2022-11-09,0,12,"alkahest",FALSE,12,589,599
"534",2022-11-10,0,8,"alkahest",FALSE,8,597,607
"535",2022-11-11,0,6,"alkahest",FALSE,6,603,613
"536",2022-11-12,0,12,"alkahest",FALSE,12,615,625
"537",2022-11-13,0,7,"alkahest",FALSE,7,622,632
"538",2022-11-14,0,6,"alkahest",FALSE,6,628,638
"539",2022-11-15,0,9,"alkahest",FALSE,9,637,647
"540",2022-11-16,0,5,"alkahest",FALSE,5,642,652
"541",2022-11-17,0,8,"alkahest",FALSE,8,650,660
"542",2022-11-18,6,13,"alkahest",FALSE,7,657,673
"543",2022-11-19,0,5,"alkahest",FALSE,5,662,678
"544",2022-11-20,0,6,"alkahest",FALSE,6,668,684
"545",2022-11-21,0,10,"alkahest",FALSE,10,678,694
"546",2022-11-22,0,5,"alkahest",FALSE,5,683,699
"547",2022-11-23,0,11,"alkahest",FALSE,11,694,710
"548",2022-11-24,0,6,"alkahest",FALSE,6,700,716
"549",2022-11-25,0,12,"alkahest",FALSE,12,712,728
"550",2022-11-26,0,12,"alkahest",FALSE,12,724,740
"551",2022-11-27,0,10,"alkahest",FALSE,10,734,750
"552",2022-11-28,1,6,"alkahest",FALSE,5,739,756
"553",2022-11-29,0,5,"alkahest",FALSE,5,744,761
"554",2022-11-30,0,7,"alkahest",FALSE,7,751,768
"555",2022-12-01,0,12,"alkahest",FALSE,12,763,780
"556",2022-12-02,0,4,"alkahest",FALSE,4,767,784
"557",2022-12-03,0,2,"alkahest",FALSE,2,769,786
"558",2022-12-04,0,3,"alkahest",FALSE,3,772,789
"559",2022-12-05,0,7,"alkahest",FALSE,7,779,796
"560",2022-12-06,0,3,"alkahest",FALSE,3,782,799
"561",2022-12-07,0,8,"alkahest",FALSE,8,790,807
"562",2022-12-08,0,6,"alkahest",FALSE,6,796,813
"563",2022-12-09,0,8,"alkahest",FALSE,8,804,821
"564",2022-12-10,0,2,"alkahest",FALSE,2,806,823
"565",2022-12-11,0,6,"alkahest",FALSE,6,812,829
"566",2022-12-12,0,5,"alkahest",FALSE,5,817,834
"567",2022-12-13,0,7,"alkahest",FALSE,7,824,841
"568",2022-12-14,0,2,"alkahest",FALSE,2,826,843
"569",2022-12-15,0,10,"alkahest",FALSE,10,836,853
"570",2022-12-16,4,7,"alkahest",FALSE,3,839,860
"571",2022-12-17,0,4,"alkahest",FALSE,4,843,864
"572",2022-12-18,0,3,"alkahest",FALSE,3,846,867
"573",2022-12-19,0,3,"alkahest",FALSE,3,849,870
"574",2022-12-20,0,7,"alkahest",FALSE,7,856,877
"575",2022-12-21,0,15,"alkahest",FALSE,15,871,892
"576",2022-12-22,0,4,"alkahest",FALSE,4,875,896
"577",2022-12-23,0,12,"alkahest",FALSE,12,887,908
"578",2022-12-24,0,1,"alkahest",FALSE,1,888,909
"579",2022-12-25,0,9,"alkahest",FALSE,9,897,918
"580",2022-12-26,0,2,"alkahest",FALSE,2,899,920
"581",2022-12-27,0,7,"alkahest",FALSE,7,906,927
"582",2022-12-28,0,5,"alkahest",FALSE,5,911,932
"583",2022-12-29,0,6,"alkahest",FALSE,6,917,938
"584",2022-12-30,0,5,"alkahest",FALSE,5,922,943
"585",2022-12-31,0,6,"alkahest",FALSE,6,928,949
"586",2023-01-01,0,2,"alkahest",FALSE,2,930,951
"587",2023-01-02,0,4,"alkahest",FALSE,4,934,955
"588",2023-01-03,0,8,"alkahest",FALSE,8,942,963
"589",2023-01-04,0,9,"alkahest",FALSE,9,951,972
"590",2023-01-05,0,9,"alkahest",FALSE,9,960,981
"591",2023-01-06,0,5,"alkahest",FALSE,5,965,986
"592",2023-01-07,0,8,"alkahest",FALSE,8,973,994
"593",2023-01-08,0,4,"alkahest",FALSE,4,977,998
"594",2023-01-09,0,9,"alkahest",FALSE,9,986,1007
"595",2023-01-10,0,5,"alkahest",FALSE,5,991,1012
"596",2023-01-11,0,7,"alkahest",FALSE,7,998,1019
"597",2023-01-12,0,6,"alkahest",FALSE,6,1004,1025
"598",2023-01-13,0,8,"alkahest",FALSE,8,1012,1033
"599",2023-01-14,0,7,"alkahest",FALSE,7,1019,1040
"600",2023-01-15,0,12,"alkahest",FALSE,12,1031,1052
"601",2023-01-16,0,4,"alkahest",FALSE,4,1035,1056
"602",2023-01-17,4,13,"alkahest",FALSE,9,1044,1069
"603",2023-01-18,2,8,"alkahest",FALSE,6,1050,1077
"604",2023-01-19,0,15,"alkahest",FALSE,15,1065,1092
"605",2023-01-20,0,6,"alkahest",FALSE,6,1071,1098
"606",2023-01-21,0,6,"alkahest",FALSE,6,1077,1104
"607",2023-01-22,0,6,"alkahest",FALSE,6,1083,1110
"608",2023-01-23,0,9,"alkahest",FALSE,9,1092,1119
"609",2023-01-24,0,8,"alkahest",FALSE,8,1100,1127
"610",2023-01-25,0,6,"alkahest",FALSE,6,1106,1133
"611",2023-01-26,0,9,"alkahest",FALSE,9,1115,1142
"612",2023-01-27,0,5,"alkahest",FALSE,5,1120,1147
"613",2023-01-28,0,5,"alkahest",FALSE,5,1125,1152
"614",2023-01-29,0,4,"alkahest",FALSE,4,1129,1156
"615",2023-01-30,0,5,"alkahest",FALSE,5,1134,1161
"616",2023-01-31,0,5,"alkahest",FALSE,5,1139,1166
"617",2023-02-01,0,6,"alkahest",FALSE,6,1145,1172
"618",2023-02-02,5,9,"alkahest",FALSE,4,1149,1181
"619",2023-02-03,0,3,"alkahest",FALSE,3,1152,1184
"620",2023-02-04,0,5,"alkahest",FALSE,5,1157,1189
"621",2023-02-05,0,6,"alkahest",FALSE,6,1163,1195
"622",2023-02-06,0,8,"alkahest",FALSE,8,1171,1203
"623",2023-02-07,0,18,"alkahest",FALSE,18,1189,1221
"624",2023-02-08,0,13,"alkahest",FALSE,13,1202,1234
"625",2023-02-09,0,8,"alkahest",FALSE,8,1210,1242
"626",2023-02-10,0,9,"alkahest",FALSE,9,1219,1251
"627",2023-02-11,0,8,"alkahest",FALSE,8,1227,1259
"628",2023-02-12,0,5,"alkahest",FALSE,5,1232,1264
"629",2023-02-13,0,5,"alkahest",FALSE,5,1237,1269
"630",2023-02-14,0,14,"alkahest",FALSE,14,1251,1283
"631",2023-02-15,0,11,"alkahest",FALSE,11,1262,1294
"632",2023-02-16,0,4,"alkahest",FALSE,4,1266,1298
"633",2023-02-17,0,8,"alkahest",FALSE,8,1274,1306
"634",2023-02-18,0,1,"alkahest",FALSE,1,1275,1307
"635",2023-02-19,2,1,"alkahest",FALSE,0,1275,1308
"636",2023-02-20,0,3,"alkahest",FALSE,3,1278,1311
"637",2023-02-21,0,7,"alkahest",FALSE,7,1285,1318
"638",2023-02-22,0,11,"alkahest",FALSE,11,1296,1329
"639",2023-02-23,1,9,"alkahest",FALSE,8,1304,1338
"640",2023-02-24,0,5,"alkahest",FALSE,5,1309,1343
"641",2023-02-25,0,1,"alkahest",FALSE,1,1310,1344
"642",2023-02-26,0,3,"alkahest",FALSE,3,1313,1347
"643",2023-02-27,0,14,"alkahest",FALSE,14,1327,1361
"644",2023-02-28,0,10,"alkahest",FALSE,10,1337,1371
"645",2023-03-01,0,18,"alkahest",FALSE,18,1355,1389
"646",2023-03-02,0,4,"alkahest",FALSE,4,1359,1393
"647",2023-03-03,0,8,"alkahest",FALSE,8,1367,1401
"648",2023-03-04,0,4,"alkahest",FALSE,4,1371,1405
"649",2023-03-05,0,5,"alkahest",FALSE,5,1376,1410
"650",2023-03-06,0,6,"alkahest",FALSE,6,1382,1416
"651",2023-03-07,0,8,"alkahest",FALSE,8,1390,1424
"652",2023-03-08,0,6,"alkahest",FALSE,6,1396,1430
"653",2023-03-09,3,7,"alkahest",FALSE,4,1400,1437
"654",2023-03-10,2,8,"alkahest",FALSE,6,1406,1445
"655",2023-03-11,0,9,"alkahest",FALSE,9,1415,1454
"656",2023-03-12,0,6,"alkahest",FALSE,6,1421,1460
"657",2023-03-13,0,15,"alkahest",FALSE,15,1436,1475
"658",2023-03-14,0,4,"alkahest",FALSE,4,1440,1479
"659",2023-03-15,5,7,"alkahest",FALSE,2,1442,1486
"660",2023-03-16,1,14,"alkahest",FALSE,13,1455,1500
"661",2023-03-17,0,4,"alkahest",FALSE,4,1459,1504
"662",2023-03-18,2,3,"alkahest",FALSE,1,1460,1507
"663",2023-03-19,0,7,"alkahest",FALSE,7,1467,1514
"664",2023-03-20,0,19,"alkahest",FALSE,19,1486,1533
"665",2023-03-21,0,14,"alkahest",FALSE,14,1500,1547
"666",2023-03-22,2,9,"alkahest",FALSE,7,1507,1556
"667",2023-03-23,0,7,"alkahest",FALSE,7,1514,1563
"668",2023-03-24,0,8,"alkahest",FALSE,8,1522,1571
"669",2023-03-25,0,4,"alkahest",FALSE,4,1526,1575
"670",2023-03-26,0,9,"alkahest",FALSE,9,1535,1584
"671",2023-03-27,0,12,"alkahest",FALSE,12,1547,1596
"672",2023-03-28,0,16,"alkahest",FALSE,16,1563,1612
"673",2023-03-29,2,9,"alkahest",FALSE,7,1570,1621
"674",2023-03-30,0,6,"alkahest",FALSE,6,1576,1627
"675",2023-03-31,0,5,"alkahest",FALSE,5,1581,1632
"676",2023-04-01,0,4,"alkahest",FALSE,4,1585,1636
"677",2023-04-02,0,5,"alkahest",FALSE,5,1590,1641
"678",2023-04-03,0,7,"alkahest",FALSE,7,1597,1648
"679",2023-04-04,0,5,"alkahest",FALSE,5,1602,1653
"680",2023-04-05,0,8,"alkahest",FALSE,8,1610,1661
"681",2023-04-06,0,10,"alkahest",FALSE,10,1620,1671
"682",2023-04-07,0,10,"alkahest",FALSE,10,1630,1681
"683",2023-04-08,0,7,"alkahest",FALSE,7,1637,1688
"684",2023-04-09,0,7,"alkahest",FALSE,7,1644,1695
"685",2023-04-10,0,6,"alkahest",FALSE,6,1650,1701
"686",2023-04-11,0,9,"alkahest",FALSE,9,1659,1710
"687",2023-04-12,2,14,"alkahest",FALSE,12,1671,1724
"688",2023-04-13,0,7,"alkahest",FALSE,7,1678,1731
"689",2023-04-14,0,9,"alkahest",FALSE,9,1687,1740
"690",2023-04-15,0,6,"alkahest",FALSE,6,1693,1746
"691",2023-04-16,0,1,"alkahest",FALSE,1,1694,1747
"692",2023-04-17,0,10,"alkahest",FALSE,10,1704,1757
"693",2023-04-18,0,10,"alkahest",FALSE,10,1714,1767
"694",2023-04-19,5,19,"alkahest",FALSE,14,1728,1786
"695",2023-04-20,0,11,"alkahest",FALSE,11,1739,1797
"696",2023-04-21,0,7,"alkahest",FALSE,7,1746,1804
"697",2023-04-22,0,13,"alkahest",FALSE,13,1759,1817
"698",2023-04-23,0,3,"alkahest",FALSE,3,1762,1820
"699",2023-04-24,0,13,"alkahest",FALSE,13,1775,1833
"700",2023-04-25,0,5,"alkahest",FALSE,5,1780,1838
"701",2023-04-26,2,10,"alkahest",FALSE,8,1788,1848
"702",2023-04-27,0,13,"alkahest",FALSE,13,1801,1861
"703",2023-04-28,0,9,"alkahest",FALSE,9,1810,1870
"704",2023-04-29,0,4,"alkahest",FALSE,4,1814,1874
"705",2023-04-30,0,3,"alkahest",FALSE,3,1817,1877
"706",2023-05-01,0,5,"alkahest",FALSE,5,1822,1882
"707",2023-05-02,0,4,"alkahest",FALSE,4,1826,1886
"708",2023-05-03,2,6,"alkahest",FALSE,4,1830,1892
"709",2023-05-04,0,4,"alkahest",FALSE,4,1834,1896
"710",2023-05-05,1,6,"alkahest",FALSE,5,1839,1902
"711",2023-05-06,0,10,"alkahest",FALSE,10,1849,1912
"712",2023-05-07,0,5,"alkahest",FALSE,5,1854,1917
"713",2023-05-08,0,20,"alkahest",FALSE,20,1874,1937
"714",2023-05-09,0,7,"alkahest",FALSE,7,1881,1944
"715",2023-05-10,2,14,"alkahest",FALSE,12,1893,1958
"716",2023-05-11,0,12,"alkahest",FALSE,12,1905,1970
"717",2023-05-12,0,11,"alkahest",FALSE,11,1916,1981
"718",2023-05-13,0,11,"alkahest",FALSE,11,1927,1992
"719",2023-05-14,0,7,"alkahest",FALSE,7,1934,1999
"720",2023-05-15,1,4,"alkahest",FALSE,3,1937,2003
"721",2023-05-16,0,14,"alkahest",FALSE,14,1951,2017
"722",2023-05-17,2,10,"alkahest",FALSE,8,1959,2027
"723",2023-05-18,0,15,"alkahest",TRUE,2,1961,2042
"724",2023-05-19,0,7,"alkahest",FALSE,2,1963,2049
"725",2023-05-20,0,31,"alkahest",FALSE,31,1994,2080
"726",2023-05-21,0,6,"alkahest",FALSE,6,2000,2086
"727",2023-05-22,0,17,"alkahest",FALSE,17,2017,2103
"728",2023-05-23,0,23,"alkahest",FALSE,23,2040,2126
"729",2023-05-24,2,27,"alkahest",FALSE,25,2065,2153
"730",2023-05-25,0,15,"alkahest",FALSE,15,2080,2168
"731",2023-05-26,0,12,"alkahest",FALSE,12,2092,2180
"732",2023-05-27,0,6,"alkahest",FALSE,6,2098,2186
"733",2023-05-28,0,6,"alkahest",FALSE,6,2104,2192
"734",2023-05-29,0,6,"alkahest",FALSE,6,2110,2198
"735",2023-05-30,0,10,"alkahest",FALSE,10,2120,2208
"736",2023-05-31,0,11,"alkahest",FALSE,11,2131,2219
"737",2023-06-01,0,20,"alkahest",FALSE,20,2151,2239
"738",2023-06-02,0,14,"alkahest",FALSE,14,2165,2253
"739",2023-06-03,0,6,"alkahest",FALSE,6,2171,2259
"740",2023-06-04,0,9,"alkahest",FALSE,9,2180,2268
"741",2023-06-05,0,6,"alkahest",FALSE,6,2186,2274
"742",2023-06-06,0,8,"alkahest",FALSE,8,2194,2282
"743",2023-06-07,0,4,"alkahest",FALSE,4,2198,2286
"744",2023-06-08,2,12,"alkahest",FALSE,10,2208,2298
"745",2023-06-09,0,14,"alkahest",FALSE,14,2222,2312
"746",2023-06-10,0,4,"alkahest",FALSE,4,2226,2316
"747",2023-06-11,0,9,"alkahest",FALSE,9,2235,2325
"748",2023-06-12,0,9,"alkahest",FALSE,9,2244,2334
"749",2023-06-13,0,18,"alkahest",TRUE,2,2246,2352
"750",2023-06-14,0,11,"alkahest",FALSE,2,2248,2363
"751",2023-06-15,2,17,"alkahest",FALSE,15,2263,2380
"752",2023-06-16,0,41,"alkahest",FALSE,41,2304,2421
"753",2023-06-17,0,10,"alkahest",FALSE,10,2314,2431
"754",2023-06-18,0,5,"alkahest",FALSE,5,2319,2436
"755",2023-06-19,0,20,"alkahest",FALSE,20,2339,2456
"756",2023-06-20,0,17,"alkahest",FALSE,17,2356,2473
"757",2023-06-21,1,14,"alkahest",FALSE,13,2369,2487
"758",2023-06-22,0,13,"alkahest",FALSE,13,2382,2500
"759",2023-06-23,0,8,"alkahest",FALSE,8,2390,2508
"760",2023-06-24,0,5,"alkahest",FALSE,5,2395,2513
"761",2023-06-25,0,13,"alkahest",FALSE,13,2408,2526
"762",2023-06-26,0,12,"alkahest",FALSE,12,2420,2538
"763",2023-06-27,0,10,"alkahest",FALSE,10,2430,2548
"764",2023-06-28,2,15,"alkahest",FALSE,13,2443,2563
"765",2023-06-29,0,24,"alkahest",FALSE,24,2467,2587
"766",2023-06-30,0,9,"alkahest",FALSE,9,2476,2596
"767",2023-07-01,0,6,"alkahest",FALSE,6,2482,2602
"768",2023-07-02,0,3,"alkahest",FALSE,3,2485,2605
"769",2023-07-03,0,12,"alkahest",FALSE,12,2497,2617
"770",2023-07-04,0,7,"alkahest",FALSE,7,2504,2624
"771",2023-07-05,1,13,"alkahest",FALSE,12,2516,2637
"772",2023-07-06,0,21,"alkahest",FALSE,21,2537,2658
"773",2023-07-07,0,20,"alkahest",FALSE,20,2557,2678
"774",2023-07-08,0,6,"alkahest",FALSE,6,2563,2684
"775",2023-07-09,0,4,"alkahest",FALSE,4,2567,2688
"776",2023-07-10,0,11,"alkahest",FALSE,11,2578,2699
"777",2023-07-11,0,6,"alkahest",FALSE,6,2584,2705
"778",2023-07-12,2,13,"alkahest",FALSE,11,2595,2718
"779",2023-07-13,0,5,"alkahest",FALSE,5,2600,2723
"780",2023-07-14,0,9,"alkahest",FALSE,9,2609,2732
"781",2023-07-15,0,5,"alkahest",FALSE,5,2614,2737
"782",2023-07-16,0,5,"alkahest",FALSE,5,2619,2742
"783",2023-07-17,0,11,"alkahest",FALSE,11,2630,2753
"784",2023-07-18,0,16,"alkahest",FALSE,16,2646,2769
"785",2023-07-19,2,13,"alkahest",FALSE,11,2657,2782
"786",2023-07-20,0,7,"alkahest",FALSE,7,2664,2789
"787",2023-07-21,0,10,"alkahest",FALSE,10,2674,2799
"788",2023-07-22,0,4,"alkahest",FALSE,4,2678,2803
"789",2023-07-23,0,1,"alkahest",FALSE,1,2679,2804
"790",2023-07-24,0,5,"alkahest",FALSE,5,2684,2809
"791",2023-07-25,0,12,"alkahest",FALSE,12,2696,2821
"792",2023-07-26,2,13,"alkahest",FALSE,11,2707,2834
"793",2023-07-27,0,8,"alkahest",FALSE,8,2715,2842
"794",2023-07-28,0,6,"alkahest",FALSE,6,2721,2848
"795",2023-07-29,0,6,"alkahest",FALSE,6,2727,2854
"796",2023-07-30,0,7,"alkahest",FALSE,7,2734,2861
"797",2023-07-31,0,10,"alkahest",FALSE,10,2744,2871
"798",2023-08-01,0,9,"alkahest",FALSE,9,2753,2880
"799",2023-08-02,0,5,"alkahest",FALSE,5,2758,2885
"800",2023-08-03,2,11,"alkahest",FALSE,9,2767,2896
"801",2023-08-04,0,4,"alkahest",FALSE,4,2771,2900
"802",2023-08-05,0,4,"alkahest",FALSE,4,2775,2904
"803",2023-08-06,0,8,"alkahest",FALSE,8,2783,2912
"804",2023-08-07,0,5,"alkahest",FALSE,5,2788,2917
"805",2023-08-08,0,10,"alkahest",FALSE,10,2798,2927
"806",2023-08-09,2,12,"alkahest",FALSE,10,2808,2939
"807",2023-08-10,0,7,"alkahest",FALSE,7,2815,2946
"808",2023-08-11,0,14,"alkahest",FALSE,14,2829,2960
"809",2023-08-12,0,6,"alkahest",FALSE,6,2835,2966
"810",2023-08-13,0,2,"alkahest",FALSE,2,2837,2968
"811",2023-08-14,0,7,"alkahest",FALSE,7,2844,2975
"812",2023-08-15,0,10,"alkahest",FALSE,10,2854,2985
"813",2023-08-16,1,17,"alkahest",FALSE,16,2870,3002
"814",2023-08-17,0,11,"alkahest",FALSE,11,2881,3013
"815",2023-08-18,0,8,"alkahest",FALSE,8,2889,3021
"816",2023-08-19,0,7,"alkahest",FALSE,7,2896,3028
"817",2023-08-20,0,4,"alkahest",FALSE,4,2900,3032
"818",2023-08-21,0,3,"alkahest",FALSE,3,2903,3035
"819",2023-08-22,0,4,"alkahest",FALSE,4,2907,3039
"820",2023-08-23,2,13,"alkahest",FALSE,11,2918,3052
"821",2023-08-24,0,9,"alkahest",FALSE,9,2927,3061
"822",2023-08-25,0,9,"alkahest",FALSE,9,2936,3070
"823",2023-08-26,0,3,"alkahest",FALSE,3,2939,3073
"824",2023-08-27,0,7,"alkahest",FALSE,7,2946,3080
"825",2023-08-28,0,7,"alkahest",FALSE,7,2953,3087
"826",2023-08-29,0,8,"alkahest",FALSE,8,2961,3095
"827",2023-08-30,2,14,"alkahest",FALSE,12,2973,3109
"828",2023-08-31,0,7,"alkahest",FALSE,7,2980,3116
"829",2023-09-01,0,7,"alkahest",FALSE,7,2987,3123
"830",2023-09-02,0,4,"alkahest",FALSE,4,2991,3127
"831",2023-09-03,0,7,"alkahest",FALSE,7,2998,3134
"832",2023-09-04,0,5,"alkahest",FALSE,5,3003,3139
"833",2023-09-05,0,6,"alkahest",FALSE,6,3009,3145
"834",2023-09-06,1,8,"alkahest",FALSE,7,3016,3153
"835",2023-09-07,0,11,"alkahest",FALSE,11,3027,3164
"836",2023-09-08,0,7,"alkahest",FALSE,7,3034,3171
"837",2023-09-09,0,4,"alkahest",FALSE,4,3038,3175
"838",2023-09-10,0,7,"alkahest",FALSE,7,3045,3182
"839",2023-09-11,0,5,"alkahest",FALSE,5,3050,3187
"840",2023-09-12,0,5,"alkahest",FALSE,5,3055,3192
"841",2023-09-13,0,8,"alkahest",FALSE,8,3063,3200
"842",2023-09-14,0,6,"alkahest",FALSE,6,3069,3206
"843",2023-09-15,0,14,"alkahest",FALSE,14,3083,3220
"844",2023-09-16,0,6,"alkahest",FALSE,6,3089,3226
"845",2023-09-17,0,1,"alkahest",FALSE,1,3090,3227
"846",2023-09-18,0,9,"alkahest",FALSE,9,3099,3236
"847",2023-09-19,0,10,"alkahest",FALSE,10,3109,3246
"848",2023-09-20,0,10,"alkahest",FALSE,10,3119,3256
"849",2023-09-21,0,7,"alkahest",FALSE,7,3126,3263
"850",2023-09-22,0,13,"alkahest",FALSE,13,3139,3276
"851",2023-09-23,0,3,"alkahest",FALSE,3,3142,3279
"852",2023-09-24,0,2,"alkahest",FALSE,2,3144,3281
"853",2023-09-25,0,7,"alkahest",FALSE,7,3151,3288
"854",2023-09-26,0,3,"alkahest",FALSE,3,3154,3291
"855",2023-09-27,2,13,"alkahest",FALSE,11,3165,3304
"856",2023-09-28,0,12,"alkahest",FALSE,12,3177,3316
"857",2023-09-29,0,6,"alkahest",FALSE,6,3183,3322
"858",2023-09-30,0,4,"alkahest",FALSE,4,3187,3326
"859",2023-10-01,0,4,"alkahest",FALSE,4,3191,3330
"860",2023-10-02,0,8,"alkahest",FALSE,8,3199,3338
"861",2023-10-03,0,2,"alkahest",FALSE,2,3201,3340
"862",2023-10-04,1,13,"alkahest",FALSE,12,3213,3353
"863",2023-10-05,0,12,"alkahest",FALSE,12,3225,3365
"864",2023-10-06,0,7,"alkahest",FALSE,7,3232,3372
"865",2023-10-07,0,2,"alkahest",FALSE,2,3234,3374
"866",2023-10-08,0,4,"alkahest",FALSE,4,3238,3378
"867",2023-10-09,0,8,"alkahest",FALSE,8,3246,3386
"868",2023-10-10,0,5,"alkahest",FALSE,5,3251,3391
"869",2023-10-11,0,9,"alkahest",FALSE,9,3260,3400
"870",2023-10-12,0,8,"alkahest",FALSE,8,3268,3408
"871",2023-10-13,0,2,"alkahest",FALSE,2,3270,3410
"872",2023-10-14,0,9,"alkahest",FALSE,9,3279,3419
"873",2023-10-15,0,5,"alkahest",FALSE,5,3284,3424
"874",2023-10-16,0,14,"alkahest",FALSE,14,3298,3438
"875",2023-10-17,0,11,"alkahest",FALSE,11,3309,3449
"876",2023-10-18,1,10,"alkahest",FALSE,9,3318,3459
"877",2023-10-19,0,11,"alkahest",FALSE,11,3329,3470
"878",2023-10-20,0,4,"alkahest",FALSE,4,3333,3474
"879",2023-10-21,0,5,"alkahest",FALSE,5,3338,3479
"880",2023-10-22,0,9,"alkahest",FALSE,9,3347,3488
"881",2023-10-23,0,8,"alkahest",FALSE,8,3355,3496
"882",2023-10-24,0,4,"alkahest",FALSE,4,3359,3500
"883",2023-10-25,1,12,"alkahest",FALSE,11,3370,3512
"884",2023-10-26,0,14,"alkahest",FALSE,14,3384,3526
"885",2023-10-27,0,6,"alkahest",FALSE,6,3390,3532
"886",2023-10-28,0,8,"alkahest",FALSE,8,3398,3540
"887",2023-10-29,0,6,"alkahest",FALSE,6,3404,3546
"888",2023-10-30,0,3,"alkahest",FALSE,3,3407,3549
"889",2023-10-31,0,14,"alkahest",FALSE,14,3421,3563
"890",2023-11-01,1,8,"alkahest",FALSE,7,3428,3571
"891",2023-11-02,0,17,"alkahest",FALSE,17,3445,3588
"892",2023-11-03,0,10,"alkahest",FALSE,10,3455,3598
"893",2023-11-04,0,10,"alkahest",FALSE,10,3465,3608
"894",2023-11-05,0,6,"alkahest",FALSE,6,3471,3614
"895",2023-11-06,0,11,"alkahest",FALSE,11,3482,3625
"896",2023-11-07,0,10,"alkahest",FALSE,10,3492,3635
"897",2023-11-08,2,18,"alkahest",FALSE,16,3508,3653
"898",2023-11-09,0,11,"alkahest",FALSE,11,3519,3664
"899",2023-11-10,0,5,"alkahest",FALSE,5,3524,3669
"900",2023-11-11,0,4,"alkahest",FALSE,4,3528,3673
"901",2023-11-12,0,2,"alkahest",FALSE,2,3530,3675
"902",2023-11-13,0,12,"alkahest",FALSE,12,3542,3687
"903",2023-11-14,0,7,"alkahest",FALSE,7,3549,3694
"904",2023-11-15,2,18,"alkahest",FALSE,16,3565,3712
"905",2023-11-16,0,10,"alkahest",FALSE,10,3575,3722
"906",2023-11-17,0,9,"alkahest",FALSE,9,3584,3731
"907",2023-11-18,0,8,"alkahest",FALSE,8,3592,3739
"908",2023-11-19,0,6,"alkahest",FALSE,6,3598,3745
"909",2023-11-20,0,9,"alkahest",FALSE,9,3607,3754
"910",2023-11-21,0,6,"alkahest",FALSE,6,3613,3760
"911",2023-11-22,1,7,"alkahest",FALSE,6,3619,3767
"912",2023-11-23,0,4,"alkahest",FALSE,4,3623,3771
"913",2023-11-24,0,5,"alkahest",FALSE,5,3628,3776
"914",2023-11-25,0,2,"alkahest",FALSE,2,3630,3778
"915",2023-11-26,0,2,"alkahest",FALSE,2,3632,3780
"916",2023-11-27,0,3,"alkahest",FALSE,3,3635,3783
"917",2023-11-28,0,8,"alkahest",FALSE,8,3643,3791
"918",2023-11-29,3,12,"alkahest",FALSE,9,3652,3803
"919",2023-11-30,0,11,"alkahest",FALSE,11,3663,3814
"920",2023-12-01,0,8,"alkahest",FALSE,8,3671,3822
"921",2023-12-02,0,1,"alkahest",FALSE,1,3672,3823
"922",2023-12-03,0,5,"alkahest",FALSE,5,3677,3828
"923",2023-12-04,0,5,"alkahest",FALSE,5,3682,3833
"924",2023-12-05,0,5,"alkahest",FALSE,5,3687,3838
"925",2023-12-06,2,14,"alkahest",FALSE,12,3699,3852
"926",2023-12-07,0,12,"alkahest",FALSE,12,3711,3864
"927",2023-12-08,0,4,"alkahest",FALSE,4,3715,3868
"928",2023-12-09,0,7,"alkahest",FALSE,7,3722,3875
"929",2023-12-10,0,9,"alkahest",FALSE,9,3731,3884
"930",2023-12-11,0,9,"alkahest",FALSE,9,3740,3893
"931",2023-12-12,0,9,"alkahest",FALSE,9,3749,3902
"932",2023-12-13,0,7,"alkahest",FALSE,7,3756,3909
"933",2023-12-14,0,5,"alkahest",FALSE,5,3761,3914
"934",2023-12-15,2,12,"alkahest",FALSE,10,3771,3926
"935",2023-12-16,0,4,"alkahest",FALSE,4,3775,3930
"936",2023-12-17,0,6,"alkahest",FALSE,6,3781,3936
"937",2023-12-18,0,4,"alkahest",FALSE,4,3785,3940
"938",2023-12-19,0,2,"alkahest",FALSE,2,3787,3942
"939",2023-12-20,0,18,"alkahest",FALSE,18,3805,3960
"940",2023-12-21,0,5,"alkahest",FALSE,5,3810,3965
"941",2023-12-22,0,7,"alkahest",FALSE,7,3817,3972
"942",2023-12-23,0,2,"alkahest",FALSE,2,3819,3974
"943",2023-12-24,0,6,"alkahest",FALSE,6,3825,3980
"944",2023-12-25,0,4,"alkahest",FALSE,4,3829,3984
"945",2023-12-26,0,5,"alkahest",FALSE,5,3834,3989
"946",2023-12-27,2,10,"alkahest",FALSE,8,3842,3999
"947",2023-12-28,0,3,"alkahest",FALSE,3,3845,4002
"948",2023-12-29,0,1,"alkahest",FALSE,1,3846,4003
"949",2023-12-30,0,2,"alkahest",FALSE,2,3848,4005
"950",2023-12-31,0,3,"alkahest",FALSE,3,3851,4008
"951",2024-01-01,0,2,"alkahest",FALSE,2,3853,4010
"952",2024-01-02,0,3,"alkahest",FALSE,3,3856,4013
"953",2024-01-03,1,6,"alkahest",FALSE,5,3861,4019
"954",2024-01-04,0,3,"alkahest",FALSE,3,3864,4022
"955",2024-01-05,0,2,"alkahest",FALSE,2,3866,4024
"956",2024-01-06,0,10,"alkahest",FALSE,10,3876,4034
"957",2024-01-07,0,4,"alkahest",FALSE,4,3880,4038
"958",2024-01-08,0,8,"alkahest",FALSE,8,3888,4046
"959",2024-01-09,0,9,"alkahest",FALSE,9,3897,4055
"960",2024-01-10,2,12,"alkahest",FALSE,10,3907,4067
"961",2024-01-11,0,4,"alkahest",FALSE,4,3911,4071
"962",2024-01-12,0,8,"alkahest",FALSE,8,3919,4079
"963",2024-01-13,0,10,"alkahest",FALSE,10,3929,4089
"964",2024-01-14,0,6,"alkahest",FALSE,6,3935,4095
"965",2024-01-15,0,7,"alkahest",FALSE,7,3942,4102
"966",2024-01-16,0,14,"alkahest",FALSE,14,3956,4116
"967",2024-01-17,2,13,"alkahest",FALSE,11,3967,4129
"968",2024-01-18,0,17,"alkahest",FALSE,17,3984,4146
"969",2024-01-19,0,7,"alkahest",FALSE,7,3991,4153
"970",2024-01-20,0,8,"alkahest",FALSE,8,3999,4161
"971",2024-01-21,0,3,"alkahest",FALSE,3,4002,4164
"972",2024-01-22,0,9,"alkahest",FALSE,9,4011,4173
"973",2024-01-23,0,20,"alkahest",FALSE,20,4031,4193
"974",2024-01-24,6,108,"alkahest",FALSE,102,4133,4301
"975",2024-01-25,1,96,"alkahest",FALSE,95,4228,4397
"976",2024-01-26,0,7,"alkahest",FALSE,7,4235,4404
"977",2024-01-27,0,2,"alkahest",FALSE,2,4237,4406
"978",2024-01-28,0,1,"alkahest",FALSE,1,4238,4407
"979",2024-01-29,0,18,"alkahest",FALSE,18,4256,4425
"980",2024-01-30,0,20,"alkahest",FALSE,20,4276,4445
"981",2024-01-31,2,13,"alkahest",FALSE,11,4287,4458
"982",2024-02-01,0,9,"alkahest",FALSE,9,4296,4467
"983",2024-02-02,0,7,"alkahest",FALSE,7,4303,4474
"984",2024-02-03,0,3,"alkahest",FALSE,3,4306,4477
"985",2024-02-04,0,8,"alkahest",FALSE,8,4314,4485
"986",2024-02-05,0,6,"alkahest",FALSE,6,4320,4491
"987",2024-02-06,0,6,"alkahest",FALSE,6,4326,4497
"988",2024-02-07,2,10,"alkahest",FALSE,8,4334,4507
"989",2024-02-08,0,6,"alkahest",FALSE,6,4340,4513
"990",2024-02-09,0,5,"alkahest",FALSE,5,4345,4518
"991",2024-02-10,0,3,"alkahest",FALSE,3,4348,4521
"992",2024-02-11,0,1,"alkahest",FALSE,1,4349,4522
"993",2024-02-12,0,5,"alkahest",FALSE,5,4354,4527
"994",2024-02-13,0,9,"alkahest",FALSE,9,4363,4536
"995",2024-02-14,2,10,"alkahest",FALSE,8,4371,4546
"996",2024-02-15,0,5,"alkahest",FALSE,5,4376,4551
"997",2024-02-16,0,7,"alkahest",FALSE,7,4383,4558
"998",2024-02-17,0,5,"alkahest",FALSE,5,4388,4563
"999",2024-02-18,0,4,"alkahest",FALSE,4,4392,4567
"1000",2024-02-19,0,7,"alkahest",FALSE,7,4399,4574
"1001",2024-02-20,0,8,"alkahest",FALSE,8,4407,4582
"1002",2024-02-21,2,9,"alkahest",FALSE,7,4414,4591
"1003",2024-02-22,0,7,"alkahest",FALSE,7,4421,4598
"1004",2024-02-23,0,7,"alkahest",FALSE,7,4428,4605
"1005",2024-02-24,1,4,"alkahest",FALSE,3,4431,4609
"1006",2024-02-25,0,3,"alkahest",FALSE,3,4434,4612
"1007",2024-02-26,0,7,"alkahest",FALSE,7,4441,4619
"1008",2024-02-27,0,9,"alkahest",FALSE,9,4450,4628
"1009",2024-02-28,2,15,"alkahest",FALSE,13,4463,4643
"1010",2024-02-29,0,11,"alkahest",FALSE,11,4474,4654
"1011",2024-03-01,0,12,"alkahest",FALSE,12,4486,4666
"1012",2024-03-02,0,5,"alkahest",FALSE,5,4491,4671
"1013",2024-03-03,0,5,"alkahest",FALSE,5,4496,4676
"1014",2024-03-04,0,10,"alkahest",FALSE,10,4506,4686
"1015",2024-03-05,0,13,"alkahest",FALSE,13,4519,4699
"1016",2024-03-06,2,14,"alkahest",FALSE,12,4531,4713
"1017",2024-03-07,0,10,"alkahest",FALSE,10,4541,4723
"1018",2024-03-08,0,6,"alkahest",FALSE,6,4547,4729
"1019",2024-03-09,0,7,"alkahest",FALSE,7,4554,4736
"1020",2024-03-10,0,8,"alkahest",FALSE,8,4562,4744
"1021",2024-03-11,0,7,"alkahest",FALSE,7,4569,4751
"1022",2024-03-12,0,10,"alkahest",FALSE,10,4579,4761
"1023",2024-03-13,2,13,"alkahest",FALSE,11,4590,4774
"1024",2024-03-14,0,8,"alkahest",FALSE,8,4598,4782
"1025",2024-03-15,0,9,"alkahest",FALSE,9,4607,4791
"1026",2024-03-16,0,10,"alkahest",FALSE,10,4617,4801
"1027",2024-03-17,0,4,"alkahest",FALSE,4,4621,4805
"1028",2024-03-18,0,6,"alkahest",FALSE,6,4627,4811
"1029",2024-03-19,0,8,"alkahest",FALSE,8,4635,4819
"1030",2024-03-20,0,8,"alkahest",FALSE,8,4643,4827
"1031",2024-03-21,2,13,"alkahest",FALSE,11,4654,4840
"1032",2024-03-22,0,8,"alkahest",FALSE,8,4662,4848
"1033",2024-03-23,0,5,"alkahest",FALSE,5,4667,4853
"1034",2024-03-24,0,9,"alkahest",FALSE,9,4676,4862
"1035",2024-03-25,0,8,"alkahest",FALSE,8,4684,4870
"1036",2024-03-26,0,7,"alkahest",FALSE,7,4691,4877
"1037",2024-03-27,2,12,"alkahest",FALSE,10,4701,4889
"1038",2024-03-28,0,17,"alkahest",FALSE,17,4718,4906
"1039",2024-03-29,0,8,"alkahest",FALSE,8,4726,4914
"1040",2024-03-30,0,8,"alkahest",FALSE,8,4734,4922
"1041",2024-03-31,0,5,"alkahest",FALSE,5,4739,4927
"1042",2024-04-01,0,14,"alkahest",FALSE,14,4753,4941
"1043",2024-04-02,0,14,"alkahest",FALSE,14,4767,4955
"1044",2024-04-03,2,17,"alkahest",FALSE,15,4782,4972
"1045",2024-04-04,0,12,"alkahest",FALSE,12,4794,4984
"1046",2024-04-05,0,8,"alkahest",FALSE,8,4802,4992
"1047",2024-04-06,0,1,"alkahest",FALSE,1,4803,4993
"1048",2024-04-07,0,9,"alkahest",FALSE,9,4812,5002
"1049",2024-04-08,0,7,"alkahest",FALSE,7,4819,5009
"1050",2024-04-09,0,6,"alkahest",FALSE,6,4825,5015
"1051",2024-04-10,2,11,"alkahest",FALSE,9,4834,5026
"1052",2024-04-11,0,4,"alkahest",FALSE,4,4838,5030
"1053",2024-04-12,0,5,"alkahest",FALSE,5,4843,5035
"1054",2024-04-13,0,6,"alkahest",FALSE,6,4849,5041
"1055",2024-04-14,0,1,"alkahest",FALSE,1,4850,5042
"1056",2024-04-15,0,10,"alkahest",FALSE,10,4860,5052
"1057",2024-04-16,0,5,"alkahest",FALSE,5,4865,5057
"1058",2024-04-17,2,15,"alkahest",FALSE,13,4878,5072
"1059",2024-04-18,0,12,"alkahest",FALSE,12,4890,5084
"1060",2024-04-19,0,4,"alkahest",FALSE,4,4894,5088
"1061",2024-04-20,0,8,"alkahest",FALSE,8,4902,5096
"1062",2024-04-21,0,10,"alkahest",FALSE,10,4912,5106
"1063",2024-04-22,0,10,"alkahest",FALSE,10,4922,5116
"1064",2024-04-23,0,11,"alkahest",FALSE,11,4933,5127
"1065",2024-04-24,0,13,"alkahest",FALSE,13,4946,5140
"1066",2024-04-25,0,15,"alkahest",FALSE,15,4961,5155
"1067",2024-04-26,0,13,"alkahest",FALSE,13,4974,5168
"1068",2024-04-27,0,6,"alkahest",FALSE,6,4980,5174
"1069",2024-04-28,0,7,"alkahest",FALSE,7,4987,5181
"1070",2024-04-29,0,15,"alkahest",FALSE,15,5002,5196
"1071",2024-04-30,0,9,"alkahest",FALSE,9,5011,5205
"1072",2024-05-01,2,13,"alkahest",FALSE,11,5022,5218
"1073",2024-05-02,0,12,"alkahest",FALSE,12,5034,5230
"1074",2024-05-03,0,11,"alkahest",FALSE,11,5045,5241
"1075",2024-05-04,0,5,"alkahest",FALSE,5,5050,5246
"1076",2024-05-05,0,3,"alkahest",FALSE,3,5053,5249
"1077",2024-05-06,0,15,"alkahest",FALSE,15,5068,5264
"1078",2024-05-07,0,10,"alkahest",FALSE,10,5078,5274
"1079",2024-05-08,2,25,"alkahest",FALSE,23,5101,5299
"1080",2024-05-09,0,5,"alkahest",FALSE,5,5106,5304
"1081",2024-05-10,0,7,"alkahest",FALSE,7,5113,5311
"1082",2024-05-11,0,7,"alkahest",FALSE,7,5120,5318
"1083",2024-05-12,0,4,"alkahest",FALSE,4,5124,5322
"1084",2024-05-13,0,8,"alkahest",FALSE,8,5132,5330
"1085",2024-05-14,0,6,"alkahest",FALSE,6,5138,5336
"1086",2024-05-15,2,13,"alkahest",FALSE,11,5149,5349
"1087",2024-05-16,0,9,"alkahest",FALSE,9,5158,5358
"1088",2024-05-17,0,7,"alkahest",FALSE,7,5165,5365
"1089",2024-05-18,0,5,"alkahest",FALSE,5,5170,5370
"1090",2024-05-19,0,2,"alkahest",FALSE,2,5172,5372
"1091",2024-05-20,0,8,"alkahest",FALSE,8,5180,5380
"1092",2024-05-21,0,9,"alkahest",FALSE,9,5189,5389
"1093",2024-05-22,2,11,"alkahest",FALSE,9,5198,5400
"1094",2024-05-23,0,7,"alkahest",FALSE,7,5205,5407
"1095",2024-05-24,0,5,"alkahest",FALSE,5,5210,5412
"1096",2024-05-25,0,5,"alkahest",FALSE,5,5215,5417
"1097",2024-05-26,0,4,"alkahest",FALSE,4,5219,5421
"1098",2024-05-27,0,6,"alkahest",FALSE,6,5225,5427
"1099",2024-05-28,0,7,"alkahest",FALSE,7,5232,5434
"1100",2024-05-29,2,14,"alkahest",FALSE,12,5244,5448
"1101",2024-05-30,0,10,"alkahest",FALSE,10,5254,5458
"1102",2024-05-31,0,11,"alkahest",FALSE,11,5265,5469
"1103",2024-06-01,0,6,"alkahest",FALSE,6,5271,5475
"1104",2024-06-02,0,9,"alkahest",FALSE,9,5280,5484
"1105",2024-06-03,0,4,"alkahest",FALSE,4,5284,5488
"1106",2024-06-04,0,5,"alkahest",FALSE,5,5289,5493
"1107",2024-06-05,2,10,"alkahest",FALSE,8,5297,5503
"1108",2024-06-06,0,5,"alkahest",FALSE,5,5302,5508
"1109",2024-06-07,0,5,"alkahest",FALSE,5,5307,5513
"1110",2024-06-08,0,3,"alkahest",FALSE,3,5310,5516
"1111",2024-06-09,0,5,"alkahest",FALSE,5,5315,5521
"1112",2024-06-10,0,7,"alkahest",FALSE,7,5322,5528
"1113",2024-06-11,0,10,"alkahest",FALSE,10,5332,5538
"1114",2024-06-12,2,8,"alkahest",FALSE,6,5338,5546
"1115",2024-06-13,0,4,"alkahest",FALSE,4,5342,5550
"1116",2024-06-14,0,6,"alkahest",FALSE,6,5348,5556
"1117",2024-06-15,0,4,"alkahest",FALSE,4,5352,5560
"1118",2024-06-16,0,5,"alkahest",FALSE,5,5357,5565
"1119",2024-06-17,0,7,"alkahest",FALSE,7,5364,5572
"1120",2024-06-18,0,4,"alkahest",FALSE,4,5368,5576
"1121",2024-06-19,2,12,"alkahest",FALSE,10,5378,5588
"1122",2024-06-20,0,4,"alkahest",FALSE,4,5382,5592
"1123",2024-06-21,0,8,"alkahest",FALSE,8,5390,5600
"1124",2024-06-22,0,5,"alkahest",FALSE,5,5395,5605
"1125",2024-06-23,0,7,"alkahest",FALSE,7,5402,5612
"1126",2024-06-24,0,6,"alkahest",FALSE,6,5408,5618
"1127",2024-06-25,0,16,"alkahest",FALSE,16,5424,5634
"1128",2024-06-26,0,12,"alkahest",FALSE,12,5436,5646
"1129",2024-06-27,0,11,"alkahest",FALSE,11,5447,5657
"1130",2024-06-28,0,5,"alkahest",FALSE,5,5452,5662
"1131",2024-06-29,0,5,"alkahest",FALSE,5,5457,5667
"1132",2024-06-30,0,6,"alkahest",FALSE,6,5463,5673
"1133",2024-07-01,0,14,"alkahest",FALSE,14,5477,5687
"1134",2024-07-02,0,6,"alkahest",FALSE,6,5483,5693
"1135",2024-07-03,2,9,"alkahest",FALSE,7,5490,5702
"1136",2024-07-04,0,11,"alkahest",FALSE,11,5501,5713
"1137",2024-07-05,0,8,"alkahest",FALSE,8,5509,5721
"1138",2024-07-06,0,4,"alkahest",FALSE,4,5513,5725
"1139",2024-07-07,0,4,"alkahest",FALSE,4,5517,5729
"1140",2024-07-08,0,6,"alkahest",FALSE,6,5523,5735
"1141",2024-07-09,0,5,"alkahest",FALSE,5,5528,5740
"1142",2024-07-10,0,13,"alkahest",FALSE,13,5541,5753
"1143",2024-07-11,0,10,"alkahest",FALSE,10,5551,5763
"1144",2024-07-12,0,5,"alkahest",FALSE,5,5556,5768
"1145",2024-07-13,0,6,"alkahest",FALSE,6,5562,5774
"1146",2024-07-14,0,6,"alkahest",FALSE,6,5568,5780
"1147",2024-07-15,0,6,"alkahest",FALSE,6,5574,5786
"1148",2024-07-16,0,7,"alkahest",FALSE,7,5581,5793
"1149",2024-07-17,2,15,"alkahest",FALSE,13,5594,5808
"1150",2024-07-18,0,9,"alkahest",FALSE,9,5603,5817
"1151",2024-07-19,0,5,"alkahest",FALSE,5,5608,5822
"1152",2024-07-20,0,3,"alkahest",FALSE,3,5611,5825
"1153",2024-07-21,0,3,"alkahest",FALSE,3,5614,5828
"1154",2024-07-22,0,16,"alkahest",FALSE,16,5630,5844
"1155",2024-07-23,0,28,"alkahest",FALSE,28,5658,5872
"1156",2024-07-24,2,31,"alkahest",FALSE,29,5687,5903
"1157",2024-07-25,0,17,"alkahest",FALSE,17,5704,5920
"1158",2024-07-26,0,10,"alkahest",TRUE,2,5706,5930
"1159",2024-07-27,0,14,"alkahest",FALSE,2,5708,5944
"1160",2024-07-28,0,17,"alkahest",FALSE,17,5725,5961
"1161",2024-07-29,0,44,"alkahest",FALSE,44,5769,6005
"1162",2024-07-30,0,12,"alkahest",FALSE,12,5781,6017
"1163",2024-07-31,0,17,"alkahest",FALSE,17,5798,6034
"1164",2024-08-01,0,25,"alkahest",FALSE,25,5823,6059
"1165",2024-08-02,0,8,"alkahest",FALSE,8,5831,6067
"1166",2024-08-03,0,8,"alkahest",FALSE,8,5839,6075
"1167",2024-08-04,0,19,"alkahest",FALSE,19,5858,6094
"1168",2024-08-05,0,18,"alkahest",FALSE,18,5876,6112
"1169",2024-08-06,0,10,"alkahest",FALSE,10,5886,6122
"1170",2024-08-07,0,12,"alkahest",FALSE,12,5898,6134
"1171",2024-08-08,2,13,"alkahest",FALSE,11,5909,6147
"1172",2024-08-09,0,5,"alkahest",FALSE,5,5914,6152
"1173",2024-08-10,0,4,"alkahest",FALSE,4,5918,6156
"1174",2024-08-11,0,8,"alkahest",FALSE,8,5926,6164
"1175",2024-08-12,0,7,"alkahest",FALSE,7,5933,6171
"1176",2024-08-13,0,6,"alkahest",FALSE,6,5939,6177
"1177",2024-08-14,0,12,"alkahest",FALSE,12,5951,6189
"1178",2024-08-15,2,22,"alkahest",FALSE,20,5971,6211
"1179",2024-08-16,0,10,"alkahest",FALSE,10,5981,6221
"1180",2024-08-17,0,4,"alkahest",FALSE,4,5985,6225
"1181",2024-08-18,0,4,"alkahest",FALSE,4,5989,6229
"1182",2024-08-19,0,14,"alkahest",FALSE,14,6003,6243
"1183",2024-08-20,0,10,"alkahest",FALSE,10,6013,6253
"1184",2024-08-21,0,15,"alkahest",FALSE,15,6028,6268
"1185",2024-08-22,0,24,"alkahest",FALSE,24,6052,6292
"1186",2024-08-23,0,12,"alkahest",FALSE,12,6064,6304
"1187",2024-08-24,0,9,"alkahest",FALSE,9,6073,6313
"1188",2024-08-25,0,6,"alkahest",FALSE,6,6079,6319
"1189",2024-08-26,0,10,"alkahest",FALSE,10,6089,6329
"1190",2024-08-27,0,27,"alkahest",FALSE,27,6116,6356
"1191",2024-08-28,2,61,"alkahest",FALSE,59,6175,6417
"1192",2024-08-29,0,9,"alkahest",FALSE,9,6184,6426
"1193",2024-08-30,0,14,"alkahest",FALSE,14,6198,6440
"1194",2024-08-31,0,5,"alkahest",FALSE,5,6203,6445
"1195",2024-09-01,0,4,"alkahest",FALSE,4,6207,6449
"1196",2024-09-02,0,7,"alkahest",FALSE,7,6214,6456
"1197",2024-09-03,0,16,"alkahest",FALSE,16,6230,6472
"1198",2024-09-04,2,19,"alkahest",FALSE,17,6247,6491
"1199",2024-09-05,0,7,"alkahest",FALSE,7,6254,6498
"1200",2024-09-06,0,10,"alkahest",FALSE,10,6264,6508
"1201",2024-09-07,0,6,"alkahest",FALSE,6,6270,6514
"1202",2024-09-08,0,12,"alkahest",FALSE,12,6282,6526
"1203",2024-09-09,0,9,"alkahest",FALSE,9,6291,6535
"1204",2024-09-10,0,22,"alkahest",FALSE,22,6313,6557
"1205",2024-09-11,3,28,"alkahest",FALSE,25,6338,6585
"1206",2024-09-12,0,6,"alkahest",FALSE,6,6344,6591
"1207",2024-09-13,0,5,"alkahest",FALSE,5,6349,6596
"1208",2024-09-14,0,9,"alkahest",FALSE,9,6358,6605
"1209",2024-09-15,0,4,"alkahest",FALSE,4,6362,6609
"1210",2024-09-16,0,6,"alkahest",FALSE,6,6368,6615
"1211",2024-09-17,0,5,"alkahest",FALSE,5,6373,6620
"1212",2024-09-18,2,13,"alkahest",FALSE,11,6384,6633
"1213",2024-09-19,0,6,"alkahest",FALSE,6,6390,6639
"1214",2024-09-20,0,13,"alkahest",FALSE,13,6403,6652
"1215",2024-09-21,0,13,"alkahest",FALSE,13,6416,6665
"1216",2024-09-22,0,7,"alkahest",FALSE,7,6423,6672
"1217",2024-09-23,0,11,"alkahest",FALSE,11,6434,6683
"1218",2024-09-24,0,11,"alkahest",FALSE,11,6445,6694
"1219",2024-09-25,0,20,"alkahest",FALSE,20,6465,6714
"1220",2024-09-26,1,17,"alkahest",FALSE,16,6481,6731
"1221",2024-09-27,0,11,"alkahest",FALSE,11,6492,6742
"1222",2024-09-28,0,0,"alkahest",FALSE,0,6492,6742
"1223",2024-09-29,0,0,"alkahest",FALSE,0,6492,6742
"1224",2019-12-17,0,0,"arkhe",FALSE,0,0,0
"1225",2019-12-18,3,11,"arkhe",TRUE,2,2,11
"1226",2019-12-19,0,8,"arkhe",FALSE,2,4,19
"1227",2019-12-20,3,20,"arkhe",FALSE,17,21,39
"1228",2019-12-21,5,56,"arkhe",FALSE,51,72,95
"1229",2019-12-22,4,31,"arkhe",FALSE,27,99,126
"1230",2019-12-23,4,31,"arkhe",FALSE,27,126,157
"1231",2019-12-24,4,26,"arkhe",FALSE,22,148,183
"1232",2019-12-25,7,25,"arkhe",FALSE,18,166,208
"1233",2019-12-26,4,26,"arkhe",FALSE,22,188,234
"1234",2019-12-27,4,16,"arkhe",FALSE,12,200,250
"1235",2019-12-28,5,16,"arkhe",FALSE,11,211,266
"1236",2019-12-29,6,17,"arkhe",FALSE,11,222,283
"1237",2019-12-30,4,24,"arkhe",FALSE,20,242,307
"1238",2019-12-31,3,20,"arkhe",FALSE,17,259,327
"1239",2020-01-01,8,23,"arkhe",FALSE,15,274,350
"1240",2020-01-02,3,18,"arkhe",FALSE,15,289,368
"1241",2020-01-03,8,19,"arkhe",FALSE,11,300,387
"1242",2020-01-04,9,20,"arkhe",FALSE,11,311,407
"1243",2020-01-05,6,15,"arkhe",FALSE,9,320,422
"1244",2020-01-06,5,23,"arkhe",FALSE,18,338,445
"1245",2020-01-07,4,21,"arkhe",FALSE,17,355,466
"1246",2020-01-08,14,29,"arkhe",FALSE,15,370,495
"1247",2020-01-09,10,20,"arkhe",FALSE,10,380,515
"1248",2020-01-10,10,14,"arkhe",FALSE,4,384,529
"1249",2020-01-11,12,19,"arkhe",FALSE,7,391,548
"1250",2020-01-12,9,17,"arkhe",FALSE,8,399,565
"1251",2020-01-13,8,11,"arkhe",FALSE,3,402,576
"1252",2020-01-14,8,13,"arkhe",FALSE,5,407,589
"1253",2020-01-15,11,21,"arkhe",FALSE,10,417,610
"1254",2020-01-16,4,26,"arkhe",FALSE,22,439,636
"1255",2020-01-17,5,33,"arkhe",FALSE,28,467,669
"1256",2020-01-18,4,11,"arkhe",FALSE,7,474,680
"1257",2020-01-19,4,18,"arkhe",FALSE,14,488,698
"1258",2020-01-20,4,21,"arkhe",FALSE,17,505,719
"1259",2020-01-21,4,28,"arkhe",FALSE,24,529,747
"1260",2020-01-22,13,24,"arkhe",FALSE,11,540,771
"1261",2020-01-23,3,16,"arkhe",FALSE,13,553,787
"1262",2020-01-24,3,19,"arkhe",FALSE,16,569,806
"1263",2020-01-25,3,19,"arkhe",FALSE,16,585,825
"1264",2020-01-26,3,13,"arkhe",FALSE,10,595,838
"1265",2020-01-27,5,19,"arkhe",FALSE,14,609,857
"1266",2020-01-28,3,35,"arkhe",FALSE,32,641,892
"1267",2020-01-29,13,24,"arkhe",FALSE,11,652,916
"1268",2020-01-30,3,20,"arkhe",FALSE,17,669,936
"1269",2020-01-31,3,30,"arkhe",FALSE,27,696,966
"1270",2020-02-01,5,20,"arkhe",FALSE,15,711,986
"1271",2020-02-02,4,16,"arkhe",FALSE,12,723,1002
"1272",2020-02-03,3,14,"arkhe",FALSE,11,734,1016
"1273",2020-02-04,3,23,"arkhe",FALSE,20,754,1039
"1274",2020-02-05,4,23,"arkhe",FALSE,19,773,1062
"1275",2020-02-06,3,33,"arkhe",FALSE,30,803,1095
"1276",2020-02-07,1,29,"arkhe",FALSE,28,831,1124
"1277",2020-02-08,0,27,"arkhe",FALSE,27,858,1151
"1278",2020-02-09,0,9,"arkhe",FALSE,9,867,1160
"1279",2020-02-10,0,17,"arkhe",FALSE,17,884,1177
"1280",2020-02-11,0,24,"arkhe",FALSE,24,908,1201
"1281",2020-02-12,6,20,"arkhe",FALSE,14,922,1221
"1282",2020-02-13,0,20,"arkhe",FALSE,20,942,1241
"1283",2020-02-14,0,19,"arkhe",FALSE,19,961,1260
"1284",2020-02-15,4,18,"arkhe",TRUE,2,963,1278
"1285",2020-02-16,1,30,"arkhe",FALSE,2,965,1308
"1286",2020-02-17,0,34,"arkhe",FALSE,34,999,1342
"1287",2020-02-18,0,37,"arkhe",FALSE,37,1036,1379
"1288",2020-02-19,7,52,"arkhe",FALSE,45,1081,1431
"1289",2020-02-20,0,40,"arkhe",FALSE,40,1121,1471
"1290",2020-02-21,0,47,"arkhe",FALSE,47,1168,1518
"1291",2020-02-22,0,32,"arkhe",FALSE,32,1200,1550
"1292",2020-02-23,0,27,"arkhe",FALSE,27,1227,1577
"1293",2020-02-24,0,36,"arkhe",FALSE,36,1263,1613
"1294",2020-02-25,0,34,"arkhe",FALSE,34,1297,1647
"1295",2020-02-26,5,35,"arkhe",FALSE,30,1327,1682
"1296",2020-02-27,0,31,"arkhe",FALSE,31,1358,1713
"1297",2020-02-28,0,15,"arkhe",FALSE,15,1373,1728
"1298",2020-02-29,0,4,"arkhe",FALSE,4,1377,1732
"1299",2020-03-01,0,19,"arkhe",FALSE,19,1396,1751
"1300",2020-03-02,0,19,"arkhe",FALSE,19,1415,1770
"1301",2020-03-03,0,23,"arkhe",FALSE,23,1438,1793
"1302",2020-03-04,6,29,"arkhe",FALSE,23,1461,1822
"1303",2020-03-05,0,16,"arkhe",FALSE,16,1477,1838
"1304",2020-03-06,0,23,"arkhe",FALSE,23,1500,1861
"1305",2020-03-07,0,21,"arkhe",FALSE,21,1521,1882
"1306",2020-03-08,0,19,"arkhe",FALSE,19,1540,1901
"1307",2020-03-09,0,27,"arkhe",FALSE,27,1567,1928
"1308",2020-03-10,0,30,"arkhe",FALSE,30,1597,1958
"1309",2020-03-11,4,20,"arkhe",FALSE,16,1613,1978
"1310",2020-03-12,1,23,"arkhe",FALSE,22,1635,2001
"1311",2020-03-13,1,20,"arkhe",FALSE,19,1654,2021
"1312",2020-03-14,0,13,"arkhe",FALSE,13,1667,2034
"1313",2020-03-15,0,30,"arkhe",FALSE,30,1697,2064
"1314",2020-03-16,0,30,"arkhe",FALSE,30,1727,2094
"1315",2020-03-17,0,20,"arkhe",FALSE,20,1747,2114
"1316",2020-03-18,2,11,"arkhe",FALSE,9,1756,2125
"1317",2020-03-19,0,17,"arkhe",FALSE,17,1773,2142
"1318",2020-03-20,0,25,"arkhe",FALSE,25,1798,2167
"1319",2020-03-21,0,20,"arkhe",FALSE,20,1818,2187
"1320",2020-03-22,0,10,"arkhe",FALSE,10,1828,2197
"1321",2020-03-23,0,35,"arkhe",TRUE,2,1830,2232
"1322",2020-03-24,1,52,"arkhe",FALSE,2,1832,2284
"1323",2020-03-25,4,49,"arkhe",FALSE,45,1877,2333
"1324",2020-03-26,0,35,"arkhe",FALSE,35,1912,2368
"1325",2020-03-27,0,25,"arkhe",FALSE,25,1937,2393
"1326",2020-03-28,0,33,"arkhe",FALSE,33,1970,2426
"1327",2020-03-29,0,38,"arkhe",FALSE,38,2008,2464
"1328",2020-03-30,0,38,"arkhe",FALSE,38,2046,2502
"1329",2020-03-31,0,40,"arkhe",FALSE,40,2086,2542
"1330",2020-04-01,6,35,"arkhe",FALSE,29,2115,2577
"1331",2020-04-02,0,21,"arkhe",FALSE,21,2136,2598
"1332",2020-04-03,0,30,"arkhe",FALSE,30,2166,2628
"1333",2020-04-04,0,31,"arkhe",FALSE,31,2197,2659
"1334",2020-04-05,0,29,"arkhe",FALSE,29,2226,2688
"1335",2020-04-06,0,36,"arkhe",FALSE,36,2262,2724
"1336",2020-04-07,0,43,"arkhe",FALSE,43,2305,2767
"1337",2020-04-08,6,40,"arkhe",FALSE,34,2339,2807
"1338",2020-04-09,0,52,"arkhe",FALSE,52,2391,2859
"1339",2020-04-10,0,16,"arkhe",FALSE,16,2407,2875
"1340",2020-04-11,0,10,"arkhe",FALSE,10,2417,2885
"1341",2020-04-12,0,12,"arkhe",FALSE,12,2429,2897
"1342",2020-04-13,0,23,"arkhe",FALSE,23,2452,2920
"1343",2020-04-14,1,14,"arkhe",FALSE,13,2465,2934
"1344",2020-04-15,5,44,"arkhe",FALSE,39,2504,2978
"1345",2020-04-16,0,28,"arkhe",FALSE,28,2532,3006
"1346",2020-04-17,0,34,"arkhe",FALSE,34,2566,3040
"1347",2020-04-18,0,13,"arkhe",FALSE,13,2579,3053
"1348",2020-04-19,0,9,"arkhe",FALSE,9,2588,3062
"1349",2020-04-20,0,21,"arkhe",FALSE,21,2609,3083
"1350",2020-04-21,0,16,"arkhe",FALSE,16,2625,3099
"1351",2020-04-22,6,46,"arkhe",FALSE,40,2665,3145
"1352",2020-04-23,1,17,"arkhe",FALSE,16,2681,3162
"1353",2020-04-24,0,24,"arkhe",FALSE,24,2705,3186
"1354",2020-04-25,0,39,"arkhe",FALSE,39,2744,3225
"1355",2020-04-26,0,20,"arkhe",FALSE,20,2764,3245
"1356",2020-04-27,0,26,"arkhe",FALSE,26,2790,3271
"1357",2020-04-28,0,30,"arkhe",FALSE,30,2820,3301
"1358",2020-04-29,5,54,"arkhe",FALSE,49,2869,3355
"1359",2020-04-30,0,37,"arkhe",FALSE,37,2906,3392
"1360",2020-05-01,0,31,"arkhe",FALSE,31,2937,3423
"1361",2020-05-02,0,29,"arkhe",FALSE,29,2966,3452
"1362",2020-05-03,0,26,"arkhe",FALSE,26,2992,3478
"1363",2020-05-04,0,31,"arkhe",FALSE,31,3023,3509
"1364",2020-05-05,0,23,"arkhe",FALSE,23,3046,3532
"1365",2020-05-06,5,47,"arkhe",FALSE,42,3088,3579
"1366",2020-05-07,0,30,"arkhe",FALSE,30,3118,3609
"1367",2020-05-08,0,23,"arkhe",FALSE,23,3141,3632
"1368",2020-05-09,0,33,"arkhe",FALSE,33,3174,3665
"1369",2020-05-10,0,61,"arkhe",FALSE,61,3235,3726
"1370",2020-05-11,0,58,"arkhe",FALSE,58,3293,3784
"1371",2020-05-12,0,29,"arkhe",FALSE,29,3322,3813
"1372",2020-05-13,5,32,"arkhe",FALSE,27,3349,3845
"1373",2020-05-14,0,17,"arkhe",FALSE,17,3366,3862
"1374",2020-05-15,0,23,"arkhe",FALSE,23,3389,3885
"1375",2020-05-16,0,20,"arkhe",FALSE,20,3409,3905
"1376",2020-05-17,0,26,"arkhe",FALSE,26,3435,3931
"1377",2020-05-18,0,33,"arkhe",FALSE,33,3468,3964
"1378",2020-05-19,0,26,"arkhe",FALSE,26,3494,3990
"1379",2020-05-20,5,40,"arkhe",FALSE,35,3529,4030
"1380",2020-05-21,0,16,"arkhe",FALSE,16,3545,4046
"1381",2020-05-22,0,22,"arkhe",FALSE,22,3567,4068
"1382",2020-05-23,0,12,"arkhe",FALSE,12,3579,4080
"1383",2020-05-24,0,16,"arkhe",FALSE,16,3595,4096
"1384",2020-05-25,0,27,"arkhe",FALSE,27,3622,4123
"1385",2020-05-26,0,23,"arkhe",FALSE,23,3645,4146
"1386",2020-05-27,5,36,"arkhe",FALSE,31,3676,4182
"1387",2020-05-28,0,30,"arkhe",FALSE,30,3706,4212
"1388",2020-05-29,0,28,"arkhe",FALSE,28,3734,4240
"1389",2020-05-30,0,23,"arkhe",FALSE,23,3757,4263
"1390",2020-05-31,0,20,"arkhe",FALSE,20,3777,4283
"1391",2020-06-01,0,22,"arkhe",FALSE,22,3799,4305
"1392",2020-06-02,0,27,"arkhe",FALSE,27,3826,4332
"1393",2020-06-03,5,29,"arkhe",FALSE,24,3850,4361
"1394",2020-06-04,0,21,"arkhe",FALSE,21,3871,4382
"1395",2020-06-05,0,22,"arkhe",FALSE,22,3893,4404
"1396",2020-06-06,0,14,"arkhe",FALSE,14,3907,4418
"1397",2020-06-07,0,25,"arkhe",FALSE,25,3932,4443
"1398",2020-06-08,0,30,"arkhe",FALSE,30,3962,4473
"1399",2020-06-09,0,30,"arkhe",FALSE,30,3992,4503
"1400",2020-06-10,6,46,"arkhe",FALSE,40,4032,4549
"1401",2020-06-11,2,31,"arkhe",FALSE,29,4061,4580
"1402",2020-06-12,0,19,"arkhe",FALSE,19,4080,4599
"1403",2020-06-13,0,20,"arkhe",FALSE,20,4100,4619
"1404",2020-06-14,0,20,"arkhe",FALSE,20,4120,4639
"1405",2020-06-15,0,20,"arkhe",FALSE,20,4140,4659
"1406",2020-06-16,0,19,"arkhe",FALSE,19,4159,4678
"1407",2020-06-17,4,30,"arkhe",FALSE,26,4185,4708
"1408",2020-06-18,2,38,"arkhe",FALSE,36,4221,4746
"1409",2020-06-19,0,28,"arkhe",FALSE,28,4249,4774
"1410",2020-06-20,0,16,"arkhe",FALSE,16,4265,4790
"1411",2020-06-21,0,21,"arkhe",FALSE,21,4286,4811
"1412",2020-06-22,0,23,"arkhe",FALSE,23,4309,4834
"1413",2020-06-23,0,33,"arkhe",FALSE,33,4342,4867
"1414",2020-06-24,7,28,"arkhe",FALSE,21,4363,4895
"1415",2020-06-25,0,20,"arkhe",FALSE,20,4383,4915
"1416",2020-06-26,0,20,"arkhe",FALSE,20,4403,4935
"1417",2020-06-27,0,20,"arkhe",FALSE,20,4423,4955
"1418",2020-06-28,0,20,"arkhe",FALSE,20,4443,4975
"1419",2020-06-29,0,29,"arkhe",FALSE,29,4472,5004
"1420",2020-06-30,0,21,"arkhe",FALSE,21,4493,5025
"1421",2020-07-01,4,22,"arkhe",FALSE,18,4511,5047
"1422",2020-07-02,0,19,"arkhe",FALSE,19,4530,5066
"1423",2020-07-03,0,23,"arkhe",FALSE,23,4553,5089
"1424",2020-07-04,0,14,"arkhe",FALSE,14,4567,5103
"1425",2020-07-05,0,12,"arkhe",FALSE,12,4579,5115
"1426",2020-07-06,0,25,"arkhe",FALSE,25,4604,5140
"1427",2020-07-07,0,36,"arkhe",FALSE,36,4640,5176
"1428",2020-07-08,5,24,"arkhe",FALSE,19,4659,5200
"1429",2020-07-09,0,27,"arkhe",FALSE,27,4686,5227
"1430",2020-07-10,0,18,"arkhe",FALSE,18,4704,5245
"1431",2020-07-11,0,12,"arkhe",FALSE,12,4716,5257
"1432",2020-07-12,0,18,"arkhe",FALSE,18,4734,5275
"1433",2020-07-13,0,28,"arkhe",FALSE,28,4762,5303
"1434",2020-07-14,0,25,"arkhe",FALSE,25,4787,5328
"1435",2020-07-15,6,24,"arkhe",FALSE,18,4805,5352
"1436",2020-07-16,0,17,"arkhe",FALSE,17,4822,5369
"1437",2020-07-17,0,17,"arkhe",FALSE,17,4839,5386
"1438",2020-07-18,0,20,"arkhe",FALSE,20,4859,5406
"1439",2020-07-19,0,15,"arkhe",FALSE,15,4874,5421
"1440",2020-07-20,0,24,"arkhe",FALSE,24,4898,5445
"1441",2020-07-21,0,27,"arkhe",FALSE,27,4925,5472
"1442",2020-07-22,6,31,"arkhe",FALSE,25,4950,5503
"1443",2020-07-23,0,18,"arkhe",FALSE,18,4968,5521
"1444",2020-07-24,0,27,"arkhe",FALSE,27,4995,5548
"1445",2020-07-25,0,24,"arkhe",FALSE,24,5019,5572
"1446",2020-07-26,0,17,"arkhe",FALSE,17,5036,5589
"1447",2020-07-27,0,27,"arkhe",FALSE,27,5063,5616
"1448",2020-07-28,2,26,"arkhe",FALSE,24,5087,5642
"1449",2020-07-29,6,24,"arkhe",FALSE,18,5105,5666
"1450",2020-07-30,3,25,"arkhe",FALSE,22,5127,5691
"1451",2020-07-31,0,11,"arkhe",FALSE,11,5138,5702
"1452",2020-08-01,0,5,"arkhe",FALSE,5,5143,5707
"1453",2020-08-02,0,8,"arkhe",FALSE,8,5151,5715
"1454",2020-08-03,1,18,"arkhe",FALSE,17,5168,5733
"1455",2020-08-04,0,35,"arkhe",FALSE,35,5203,5768
"1456",2020-08-05,6,26,"arkhe",FALSE,20,5223,5794
"1457",2020-08-06,0,28,"arkhe",FALSE,28,5251,5822
"1458",2020-08-07,0,22,"arkhe",FALSE,22,5273,5844
"1459",2020-08-08,0,19,"arkhe",FALSE,19,5292,5863
"1460",2020-08-09,0,20,"arkhe",FALSE,20,5312,5883
"1461",2020-08-10,0,35,"arkhe",FALSE,35,5347,5918
"1462",2020-08-11,0,19,"arkhe",FALSE,19,5366,5937
"1463",2020-08-12,6,27,"arkhe",FALSE,21,5387,5964
"1464",2020-08-13,0,31,"arkhe",FALSE,31,5418,5995
"1465",2020-08-14,0,21,"arkhe",FALSE,21,5439,6016
"1466",2020-08-15,0,12,"arkhe",FALSE,12,5451,6028
"1467",2020-08-16,0,12,"arkhe",FALSE,12,5463,6040
"1468",2020-08-17,0,15,"arkhe",FALSE,15,5478,6055
"1469",2020-08-18,0,21,"arkhe",FALSE,21,5499,6076
"1470",2020-08-19,6,22,"arkhe",FALSE,16,5515,6098
"1471",2020-08-20,0,22,"arkhe",FALSE,22,5537,6120
"1472",2020-08-21,0,15,"arkhe",FALSE,15,5552,6135
"1473",2020-08-22,0,14,"arkhe",FALSE,14,5566,6149
"1474",2020-08-23,0,10,"arkhe",FALSE,10,5576,6159
"1475",2020-08-24,0,19,"arkhe",FALSE,19,5595,6178
"1476",2020-08-25,0,18,"arkhe",FALSE,18,5613,6196
"1477",2020-08-26,6,20,"arkhe",FALSE,14,5627,6216
"1478",2020-08-27,0,19,"arkhe",FALSE,19,5646,6235
"1479",2020-08-28,0,15,"arkhe",FALSE,15,5661,6250
"1480",2020-08-29,0,19,"arkhe",FALSE,19,5680,6269
"1481",2020-08-30,0,13,"arkhe",FALSE,13,5693,6282
"1482",2020-08-31,0,23,"arkhe",FALSE,23,5716,6305
"1483",2020-09-01,0,19,"arkhe",FALSE,19,5735,6324
"1484",2020-09-02,6,30,"arkhe",FALSE,24,5759,6354
"1485",2020-09-03,0,13,"arkhe",FALSE,13,5772,6367
"1486",2020-09-04,0,14,"arkhe",FALSE,14,5786,6381
"1487",2020-09-05,0,21,"arkhe",FALSE,21,5807,6402
"1488",2020-09-06,0,22,"arkhe",FALSE,22,5829,6424
"1489",2020-09-07,0,32,"arkhe",FALSE,32,5861,6456
"1490",2020-09-08,0,33,"arkhe",FALSE,33,5894,6489
"1491",2020-09-09,5,32,"arkhe",FALSE,27,5921,6521
"1492",2020-09-10,0,25,"arkhe",FALSE,25,5946,6546
"1493",2020-09-11,0,28,"arkhe",FALSE,28,5974,6574
"1494",2020-09-12,0,30,"arkhe",FALSE,30,6004,6604
"1495",2020-09-13,0,23,"arkhe",FALSE,23,6027,6627
"1496",2020-09-14,0,36,"arkhe",FALSE,36,6063,6663
"1497",2020-09-15,0,24,"arkhe",FALSE,24,6087,6687
"1498",2020-09-16,4,23,"arkhe",FALSE,19,6106,6710
"1499",2020-09-17,0,35,"arkhe",FALSE,35,6141,6745
"1500",2020-09-18,0,32,"arkhe",FALSE,32,6173,6777
"1501",2020-09-19,0,26,"arkhe",FALSE,26,6199,6803
"1502",2020-09-20,0,19,"arkhe",FALSE,19,6218,6822
"1503",2020-09-21,0,24,"arkhe",FALSE,24,6242,6846
"1504",2020-09-22,0,29,"arkhe",FALSE,29,6271,6875
"1505",2020-09-23,6,24,"arkhe",FALSE,18,6289,6899
"1506",2020-09-24,0,14,"arkhe",FALSE,14,6303,6913
"1507",2020-09-25,0,11,"arkhe",FALSE,11,6314,6924
"1508",2020-09-26,0,13,"arkhe",FALSE,13,6327,6937
"1509",2020-09-27,0,13,"arkhe",FALSE,13,6340,6950
"1510",2020-09-28,0,25,"arkhe",FALSE,25,6365,6975
"1511",2020-09-29,0,29,"arkhe",FALSE,29,6394,7004
"1512",2020-09-30,4,27,"arkhe",FALSE,23,6417,7031
"1513",2020-10-01,1,22,"arkhe",FALSE,21,6438,7053
"1514",2020-10-02,0,23,"arkhe",FALSE,23,6461,7076
"1515",2020-10-03,0,18,"arkhe",FALSE,18,6479,7094
"1516",2020-10-04,0,19,"arkhe",FALSE,19,6498,7113
"1517",2020-10-05,0,20,"arkhe",FALSE,20,6518,7133
"1518",2020-10-06,0,14,"arkhe",FALSE,14,6532,7147
"1519",2020-10-07,4,16,"arkhe",FALSE,12,6544,7163
"1520",2020-10-08,0,20,"arkhe",FALSE,20,6564,7183
"1521",2020-10-09,0,19,"arkhe",FALSE,19,6583,7202
"1522",2020-10-10,0,17,"arkhe",FALSE,17,6600,7219
"1523",2020-10-11,0,15,"arkhe",FALSE,15,6615,7234
"1524",2020-10-12,0,25,"arkhe",FALSE,25,6640,7259
"1525",2020-10-13,0,17,"arkhe",FALSE,17,6657,7276
"1526",2020-10-14,6,20,"arkhe",FALSE,14,6671,7296
"1527",2020-10-15,0,13,"arkhe",FALSE,13,6684,7309
"1528",2020-10-16,0,16,"arkhe",FALSE,16,6700,7325
"1529",2020-10-17,0,3,"arkhe",FALSE,3,6703,7328
"1530",2020-10-18,0,12,"arkhe",FALSE,12,6715,7340
"1531",2020-10-19,0,25,"arkhe",FALSE,25,6740,7365
"1532",2020-10-20,0,22,"arkhe",FALSE,22,6762,7387
"1533",2020-10-21,6,21,"arkhe",FALSE,15,6777,7408
"1534",2020-10-22,0,22,"arkhe",FALSE,22,6799,7430
"1535",2020-10-23,0,17,"arkhe",FALSE,17,6816,7447
"1536",2020-10-24,0,18,"arkhe",FALSE,18,6834,7465
"1537",2020-10-25,0,15,"arkhe",FALSE,15,6849,7480
"1538",2020-10-26,0,17,"arkhe",FALSE,17,6866,7497
"1539",2020-10-27,0,20,"arkhe",FALSE,20,6886,7517
"1540",2020-10-28,4,22,"arkhe",FALSE,18,6904,7539
"1541",2020-10-29,0,33,"arkhe",FALSE,33,6937,7572
"1542",2020-10-30,0,13,"arkhe",FALSE,13,6950,7585
"1543",2020-10-31,0,15,"arkhe",FALSE,15,6965,7600
"1544",2020-11-01,0,13,"arkhe",FALSE,13,6978,7613
"1545",2020-11-02,0,13,"arkhe",FALSE,13,6991,7626
"1546",2020-11-03,0,18,"arkhe",FALSE,18,7009,7644
"1547",2020-11-04,2,10,"arkhe",FALSE,8,7017,7654
"1548",2020-11-05,0,25,"arkhe",FALSE,25,7042,7679
"1549",2020-11-06,0,18,"arkhe",FALSE,18,7060,7697
"1550",2020-11-07,0,29,"arkhe",FALSE,29,7089,7726
"1551",2020-11-08,0,21,"arkhe",FALSE,21,7110,7747
"1552",2020-11-09,0,21,"arkhe",FALSE,21,7131,7768
"1553",2020-11-10,0,20,"arkhe",FALSE,20,7151,7788
"1554",2020-11-11,5,28,"arkhe",FALSE,23,7174,7816
"1555",2020-11-12,0,18,"arkhe",FALSE,18,7192,7834
"1556",2020-11-13,0,15,"arkhe",FALSE,15,7207,7849
"1557",2020-11-14,0,12,"arkhe",FALSE,12,7219,7861
"1558",2020-11-15,0,18,"arkhe",FALSE,18,7237,7879
"1559",2020-11-16,0,16,"arkhe",FALSE,16,7253,7895
"1560",2020-11-17,1,21,"arkhe",FALSE,20,7273,7916
"1561",2020-11-18,6,23,"arkhe",FALSE,17,7290,7939
"1562",2020-11-19,0,17,"arkhe",FALSE,17,7307,7956
"1563",2020-11-20,0,18,"arkhe",FALSE,18,7325,7974
"1564",2020-11-21,0,14,"arkhe",FALSE,14,7339,7988
"1565",2020-11-22,0,13,"arkhe",FALSE,13,7352,8001
"1566",2020-11-23,0,15,"arkhe",FALSE,15,7367,8016
"1567",2020-11-24,0,21,"arkhe",FALSE,21,7388,8037
"1568",2020-11-25,3,23,"arkhe",FALSE,20,7408,8060
"1569",2020-11-26,0,9,"arkhe",FALSE,9,7417,8069
"1570",2020-11-27,0,20,"arkhe",FALSE,20,7437,8089
"1571",2020-11-28,0,15,"arkhe",FALSE,15,7452,8104
"1572",2020-11-29,0,17,"arkhe",FALSE,17,7469,8121
"1573",2020-11-30,0,13,"arkhe",FALSE,13,7482,8134
"1574",2020-12-01,0,17,"arkhe",FALSE,17,7499,8151
"1575",2020-12-02,6,28,"arkhe",FALSE,22,7521,8179
"1576",2020-12-03,0,20,"arkhe",FALSE,20,7541,8199
"1577",2020-12-04,0,22,"arkhe",FALSE,22,7563,8221
"1578",2020-12-05,0,15,"arkhe",FALSE,15,7578,8236
"1579",2020-12-06,0,12,"arkhe",FALSE,12,7590,8248
"1580",2020-12-07,0,17,"arkhe",FALSE,17,7607,8265
"1581",2020-12-08,0,8,"arkhe",FALSE,8,7615,8273
"1582",2020-12-09,5,24,"arkhe",FALSE,19,7634,8297
"1583",2020-12-10,1,18,"arkhe",FALSE,17,7651,8315
"1584",2020-12-11,1,16,"arkhe",FALSE,15,7666,8331
"1585",2020-12-12,0,13,"arkhe",FALSE,13,7679,8344
"1586",2020-12-13,0,14,"arkhe",FALSE,14,7693,8358
"1587",2020-12-14,0,16,"arkhe",FALSE,16,7709,8374
"1588",2020-12-15,6,14,"arkhe",FALSE,8,7717,8388
"1589",2020-12-16,8,48,"arkhe",FALSE,40,7757,8436
"1590",2020-12-17,0,20,"arkhe",FALSE,20,7777,8456
"1591",2020-12-18,0,16,"arkhe",FALSE,16,7793,8472
"1592",2020-12-19,0,14,"arkhe",FALSE,14,7807,8486
"1593",2020-12-20,0,12,"arkhe",FALSE,12,7819,8498
"1594",2020-12-21,0,20,"arkhe",FALSE,20,7839,8518
"1595",2020-12-22,0,15,"arkhe",FALSE,15,7854,8533
"1596",2020-12-23,6,19,"arkhe",FALSE,13,7867,8552
"1597",2020-12-24,1,16,"arkhe",FALSE,15,7882,8568
"1598",2020-12-25,0,12,"arkhe",FALSE,12,7894,8580
"1599",2020-12-26,0,13,"arkhe",FALSE,13,7907,8593
"1600",2020-12-27,0,11,"arkhe",FALSE,11,7918,8604
"1601",2020-12-28,0,22,"arkhe",FALSE,22,7940,8626
"1602",2020-12-29,1,16,"arkhe",FALSE,15,7955,8642
"1603",2020-12-30,5,20,"arkhe",FALSE,15,7970,8662
"1604",2020-12-31,0,16,"arkhe",FALSE,16,7986,8678
"1605",2021-01-01,0,17,"arkhe",FALSE,17,8003,8695
"1606",2021-01-02,0,12,"arkhe",FALSE,12,8015,8707
"1607",2021-01-03,0,14,"arkhe",FALSE,14,8029,8721
"1608",2021-01-04,0,14,"arkhe",FALSE,14,8043,8735
"1609",2021-01-05,0,18,"arkhe",FALSE,18,8061,8753
"1610",2021-01-06,5,26,"arkhe",FALSE,21,8082,8779
"1611",2021-01-07,0,14,"arkhe",FALSE,14,8096,8793
"1612",2021-01-08,0,13,"arkhe",FALSE,13,8109,8806
"1613",2021-01-09,0,12,"arkhe",FALSE,12,8121,8818
"1614",2021-01-10,0,15,"arkhe",FALSE,15,8136,8833
"1615",2021-01-11,0,19,"arkhe",FALSE,19,8155,8852
"1616",2021-01-12,0,23,"arkhe",FALSE,23,8178,8875
"1617",2021-01-13,5,20,"arkhe",FALSE,15,8193,8895
"1618",2021-01-14,0,21,"arkhe",FALSE,21,8214,8916
"1619",2021-01-15,0,15,"arkhe",FALSE,15,8229,8931
"1620",2021-01-16,0,7,"arkhe",FALSE,7,8236,8938
"1621",2021-01-17,0,10,"arkhe",FALSE,10,8246,8948
"1622",2021-01-18,0,11,"arkhe",FALSE,11,8257,8959
"1623",2021-01-19,0,17,"arkhe",FALSE,17,8274,8976
"1624",2021-01-20,4,19,"arkhe",FALSE,15,8289,8995
"1625",2021-01-21,0,16,"arkhe",FALSE,16,8305,9011
"1626",2021-01-22,0,7,"arkhe",FALSE,7,8312,9018
"1627",2021-01-23,0,14,"arkhe",FALSE,14,8326,9032
"1628",2021-01-24,0,13,"arkhe",FALSE,13,8339,9045
"1629",2021-01-25,0,25,"arkhe",FALSE,25,8364,9070
"1630",2021-01-26,0,6,"arkhe",FALSE,6,8370,9076
"1631",2021-01-27,4,25,"arkhe",FALSE,21,8391,9101
"1632",2021-01-28,0,11,"arkhe",FALSE,11,8402,9112
"1633",2021-01-29,0,17,"arkhe",FALSE,17,8419,9129
"1634",2021-01-30,0,14,"arkhe",FALSE,14,8433,9143
"1635",2021-01-31,0,15,"arkhe",FALSE,15,8448,9158
"1636",2021-02-01,0,14,"arkhe",FALSE,14,8462,9172
"1637",2021-02-02,0,15,"arkhe",FALSE,15,8477,9187
"1638",2021-02-03,4,19,"arkhe",FALSE,15,8492,9206
"1639",2021-02-04,0,15,"arkhe",FALSE,15,8507,9221
"1640",2021-02-05,0,13,"arkhe",FALSE,13,8520,9234
"1641",2021-02-06,0,19,"arkhe",FALSE,19,8539,9253
"1642",2021-02-07,0,23,"arkhe",FALSE,23,8562,9276
"1643",2021-02-08,0,14,"arkhe",FALSE,14,8576,9290
"1644",2021-02-09,0,18,"arkhe",FALSE,18,8594,9308
"1645",2021-02-10,6,20,"arkhe",FALSE,14,8608,9328
"1646",2021-02-11,0,24,"arkhe",FALSE,24,8632,9352
"1647",2021-02-12,0,22,"arkhe",FALSE,22,8654,9374
"1648",2021-02-13,0,20,"arkhe",FALSE,20,8674,9394
"1649",2021-02-14,0,9,"arkhe",FALSE,9,8683,9403
"1650",2021-02-15,0,18,"arkhe",FALSE,18,8701,9421
"1651",2021-02-16,0,15,"arkhe",FALSE,15,8716,9436
"1652",2021-02-17,7,22,"arkhe",FALSE,15,8731,9458
"1653",2021-02-18,0,23,"arkhe",FALSE,23,8754,9481
"1654",2021-02-19,0,23,"arkhe",FALSE,23,8777,9504
"1655",2021-02-20,0,19,"arkhe",FALSE,19,8796,9523
"1656",2021-02-21,0,21,"arkhe",FALSE,21,8817,9544
"1657",2021-02-22,0,31,"arkhe",FALSE,31,8848,9575
"1658",2021-02-23,0,13,"arkhe",FALSE,13,8861,9588
"1659",2021-02-24,7,28,"arkhe",FALSE,21,8882,9616
"1660",2021-02-25,0,25,"arkhe",FALSE,25,8907,9641
"1661",2021-02-26,2,24,"arkhe",FALSE,22,8929,9665
"1662",2021-02-27,0,12,"arkhe",FALSE,12,8941,9677
"1663",2021-02-28,0,10,"arkhe",FALSE,10,8951,9687
"1664",2021-03-01,0,18,"arkhe",FALSE,18,8969,9705
"1665",2021-03-02,0,18,"arkhe",FALSE,18,8987,9723
"1666",2021-03-03,6,26,"arkhe",FALSE,20,9007,9749
"1667",2021-03-04,0,14,"arkhe",FALSE,14,9021,9763
"1668",2021-03-05,1,18,"arkhe",FALSE,17,9038,9781
"1669",2021-03-06,0,14,"arkhe",FALSE,14,9052,9795
"1670",2021-03-07,0,10,"arkhe",FALSE,10,9062,9805
"1671",2021-03-08,0,24,"arkhe",FALSE,24,9086,9829
"1672",2021-03-09,0,15,"arkhe",FALSE,15,9101,9844
"1673",2021-03-10,6,31,"arkhe",FALSE,25,9126,9875
"1674",2021-03-11,0,21,"arkhe",FALSE,21,9147,9896
"1675",2021-03-12,0,14,"arkhe",FALSE,14,9161,9910
"1676",2021-03-13,0,14,"arkhe",FALSE,14,9175,9924
"1677",2021-03-14,0,14,"arkhe",FALSE,14,9189,9938
"1678",2021-03-15,0,14,"arkhe",FALSE,14,9203,9952
"1679",2021-03-16,0,22,"arkhe",FALSE,22,9225,9974
"1680",2021-03-17,4,26,"arkhe",FALSE,22,9247,10000
"1681",2021-03-18,0,19,"arkhe",FALSE,19,9266,10019
"1682",2021-03-19,0,10,"arkhe",FALSE,10,9276,10029
"1683",2021-03-20,0,13,"arkhe",FALSE,13,9289,10042
"1684",2021-03-21,0,5,"arkhe",FALSE,5,9294,10047
"1685",2021-03-22,0,17,"arkhe",FALSE,17,9311,10064
"1686",2021-03-23,0,6,"arkhe",FALSE,6,9317,10070
"1687",2021-03-24,5,27,"arkhe",FALSE,22,9339,10097
"1688",2021-03-25,0,13,"arkhe",FALSE,13,9352,10110
"1689",2021-03-26,0,21,"arkhe",FALSE,21,9373,10131
"1690",2021-03-27,0,5,"arkhe",FALSE,5,9378,10136
"1691",2021-03-28,0,12,"arkhe",FALSE,12,9390,10148
"1692",2021-03-29,0,14,"arkhe",FALSE,14,9404,10162
"1693",2021-03-30,0,18,"arkhe",FALSE,18,9422,10180
"1694",2021-03-31,4,10,"arkhe",FALSE,6,9428,10190
"1695",2021-04-01,0,15,"arkhe",FALSE,15,9443,10205
"1696",2021-04-02,0,4,"arkhe",FALSE,4,9447,10209
"1697",2021-04-03,0,14,"arkhe",FALSE,14,9461,10223
"1698",2021-04-04,0,6,"arkhe",FALSE,6,9467,10229
"1699",2021-04-05,0,17,"arkhe",FALSE,17,9484,10246
"1700",2021-04-06,0,9,"arkhe",FALSE,9,9493,10255
"1701",2021-04-07,5,26,"arkhe",FALSE,21,9514,10281
"1702",2021-04-08,0,23,"arkhe",FALSE,23,9537,10304
"1703",2021-04-09,0,19,"arkhe",TRUE,2,9539,10323
"1704",2021-04-10,2,25,"arkhe",FALSE,2,9541,10348
"1705",2021-04-11,0,15,"arkhe",FALSE,15,9556,10363
"1706",2021-04-12,1,50,"arkhe",FALSE,49,9605,10413
"1707",2021-04-13,0,18,"arkhe",FALSE,18,9623,10431
"1708",2021-04-14,4,35,"arkhe",FALSE,31,9654,10466
"1709",2021-04-15,0,15,"arkhe",FALSE,15,9669,10481
"1710",2021-04-16,0,35,"arkhe",FALSE,35,9704,10516
"1711",2021-04-17,1,18,"arkhe",FALSE,17,9721,10534
"1712",2021-04-18,0,33,"arkhe",FALSE,33,9754,10567
"1713",2021-04-19,0,26,"arkhe",FALSE,26,9780,10593
"1714",2021-04-20,0,34,"arkhe",FALSE,34,9814,10627
"1715",2021-04-21,2,24,"arkhe",FALSE,22,9836,10651
"1716",2021-04-22,0,43,"arkhe",FALSE,43,9879,10694
"1717",2021-04-23,0,20,"arkhe",FALSE,20,9899,10714
"1718",2021-04-24,0,28,"arkhe",FALSE,28,9927,10742
"1719",2021-04-25,0,4,"arkhe",FALSE,4,9931,10746
"1720",2021-04-26,0,22,"arkhe",FALSE,22,9953,10768
"1721",2021-04-27,0,37,"arkhe",FALSE,37,9990,10805
"1722",2021-04-28,4,32,"arkhe",FALSE,28,10018,10837
"1723",2021-04-29,0,13,"arkhe",FALSE,13,10031,10850
"1724",2021-04-30,0,12,"arkhe",FALSE,12,10043,10862
"1725",2021-05-01,0,21,"arkhe",FALSE,21,10064,10883
"1726",2021-05-02,0,8,"arkhe",FALSE,8,10072,10891
"1727",2021-05-03,0,19,"arkhe",FALSE,19,10091,10910
"1728",2021-05-04,0,35,"arkhe",FALSE,35,10126,10945
"1729",2021-05-05,2,19,"arkhe",FALSE,17,10143,10964
"1730",2021-05-06,1,29,"arkhe",FALSE,28,10171,10993
"1731",2021-05-07,0,12,"arkhe",FALSE,12,10183,11005
"1732",2021-05-08,1,17,"arkhe",FALSE,16,10199,11022
"1733",2021-05-09,0,7,"arkhe",FALSE,7,10206,11029
"1734",2021-05-10,1,24,"arkhe",FALSE,23,10229,11053
"1735",2021-05-11,0,19,"arkhe",FALSE,19,10248,11072
"1736",2021-05-12,5,45,"arkhe",FALSE,40,10288,11117
"1737",2021-05-13,0,17,"arkhe",FALSE,17,10305,11134
"1738",2021-05-14,0,49,"arkhe",TRUE,2,10307,11183
"1739",2021-05-15,0,15,"arkhe",FALSE,2,10309,11198
"1740",2021-05-16,0,33,"arkhe",FALSE,33,10342,11231
"1741",2021-05-17,0,24,"arkhe",FALSE,24,10366,11255
"1742",2021-05-18,4,69,"arkhe",FALSE,65,10431,11324
"1743",2021-05-19,3,42,"arkhe",FALSE,39,10470,11366
"1744",2021-05-20,1,44,"arkhe",FALSE,43,10513,11410
"1745",2021-05-21,0,26,"arkhe",FALSE,26,10539,11436
"1746",2021-05-22,0,33,"arkhe",FALSE,33,10572,11469
"1747",2021-05-23,0,12,"arkhe",FALSE,12,10584,11481
"1748",2021-05-24,0,36,"arkhe",FALSE,36,10620,11517
"1749",2021-05-25,0,50,"arkhe",FALSE,50,10670,11567
"1750",2021-05-26,4,26,"arkhe",FALSE,22,10692,11593
"1751",2021-05-27,0,14,"arkhe",FALSE,14,10706,11607
"1752",2021-05-28,0,36,"arkhe",FALSE,36,10742,11643
"1753",2021-05-29,0,9,"arkhe",FALSE,9,10751,11652
"1754",2021-05-30,0,22,"arkhe",FALSE,22,10773,11674
"1755",2021-05-31,0,14,"arkhe",FALSE,14,10787,11688
"1756",2021-06-01,0,24,"arkhe",FALSE,24,10811,11712
"1757",2021-06-02,2,18,"arkhe",FALSE,16,10827,11730
"1758",2021-06-03,0,21,"arkhe",FALSE,21,10848,11751
"1759",2021-06-04,0,5,"arkhe",FALSE,5,10853,11756
"1760",2021-06-05,0,8,"arkhe",FALSE,8,10861,11764
"1761",2021-06-06,0,18,"arkhe",FALSE,18,10879,11782
"1762",2021-06-07,0,15,"arkhe",FALSE,15,10894,11797
"1763",2021-06-08,0,25,"arkhe",FALSE,25,10919,11822
"1764",2021-06-09,4,19,"arkhe",FALSE,15,10934,11841
"1765",2021-06-10,0,14,"arkhe",FALSE,14,10948,11855
"1766",2021-06-11,0,14,"arkhe",FALSE,14,10962,11869
"1767",2021-06-12,0,8,"arkhe",FALSE,8,10970,11877
"1768",2021-06-13,0,16,"arkhe",FALSE,16,10986,11893
"1769",2021-06-14,0,7,"arkhe",FALSE,7,10993,11900
"1770",2021-06-15,0,10,"arkhe",FALSE,10,11003,11910
"1771",2021-06-16,4,30,"arkhe",FALSE,26,11029,11940
"1772",2021-06-17,0,25,"arkhe",FALSE,25,11054,11965
"1773",2021-06-18,0,20,"arkhe",FALSE,20,11074,11985
"1774",2021-06-19,0,6,"arkhe",FALSE,6,11080,11991
"1775",2021-06-20,0,22,"arkhe",FALSE,22,11102,12013
"1776",2021-06-21,0,16,"arkhe",FALSE,16,11118,12029
"1777",2021-06-22,4,30,"arkhe",FALSE,26,11144,12059
"1778",2021-06-23,4,23,"arkhe",FALSE,19,11163,12082
"1779",2021-06-24,0,22,"arkhe",FALSE,22,11185,12104
"1780",2021-06-25,0,8,"arkhe",FALSE,8,11193,12112
"1781",2021-06-26,0,20,"arkhe",FALSE,20,11213,12132
"1782",2021-06-27,0,12,"arkhe",FALSE,12,11225,12144
"1783",2021-06-28,0,43,"arkhe",FALSE,43,11268,12187
"1784",2021-06-29,0,11,"arkhe",FALSE,11,11279,12198
"1785",2021-06-30,4,30,"arkhe",FALSE,26,11305,12228
"1786",2021-07-01,0,15,"arkhe",FALSE,15,11320,12243
"1787",2021-07-02,0,23,"arkhe",FALSE,23,11343,12266
"1788",2021-07-03,0,15,"arkhe",FALSE,15,11358,12281
"1789",2021-07-04,0,12,"arkhe",FALSE,12,11370,12293
"1790",2021-07-05,0,22,"arkhe",FALSE,22,11392,12315
"1791",2021-07-06,1,15,"arkhe",FALSE,14,11406,12330
"1792",2021-07-07,4,18,"arkhe",FALSE,14,11420,12348
"1793",2021-07-08,0,19,"arkhe",FALSE,19,11439,12367
"1794",2021-07-09,0,7,"arkhe",FALSE,7,11446,12374
"1795",2021-07-10,0,14,"arkhe",FALSE,14,11460,12388
"1796",2021-07-11,0,9,"arkhe",FALSE,9,11469,12397
"1797",2021-07-12,0,31,"arkhe",FALSE,31,11500,12428
"1798",2021-07-13,0,14,"arkhe",FALSE,14,11514,12442
"1799",2021-07-14,8,24,"arkhe",FALSE,16,11530,12466
"1800",2021-07-15,1,12,"arkhe",FALSE,11,11541,12478
"1801",2021-07-16,0,15,"arkhe",FALSE,15,11556,12493
"1802",2021-07-17,0,16,"arkhe",FALSE,16,11572,12509
"1803",2021-07-18,0,15,"arkhe",FALSE,15,11587,12524
"1804",2021-07-19,0,11,"arkhe",FALSE,11,11598,12535
"1805",2021-07-20,0,24,"arkhe",FALSE,24,11622,12559
"1806",2021-07-21,4,21,"arkhe",FALSE,17,11639,12580
"1807",2021-07-22,0,27,"arkhe",FALSE,27,11666,12607
"1808",2021-07-23,0,9,"arkhe",FALSE,9,11675,12616
"1809",2021-07-24,0,13,"arkhe",FALSE,13,11688,12629
"1810",2021-07-25,0,4,"arkhe",FALSE,4,11692,12633
"1811",2021-07-26,0,26,"arkhe",FALSE,26,11718,12659
"1812",2021-07-27,0,9,"arkhe",FALSE,9,11727,12668
"1813",2021-07-28,5,27,"arkhe",FALSE,22,11749,12695
"1814",2021-07-29,0,3,"arkhe",FALSE,3,11752,12698
"1815",2021-07-30,0,19,"arkhe",FALSE,19,11771,12717
"1816",2021-07-31,0,4,"arkhe",FALSE,4,11775,12721
"1817",2021-08-01,0,15,"arkhe",FALSE,15,11790,12736
"1818",2021-08-02,0,10,"arkhe",FALSE,10,11800,12746
"1819",2021-08-03,0,55,"arkhe",FALSE,55,11855,12801
"1820",2021-08-04,2,139,"arkhe",FALSE,137,11992,12940
"1821",2021-08-05,0,27,"arkhe",FALSE,27,12019,12967
"1822",2021-08-06,0,9,"arkhe",FALSE,9,12028,12976
"1823",2021-08-07,0,15,"arkhe",FALSE,15,12043,12991
"1824",2021-08-08,0,14,"arkhe",FALSE,14,12057,13005
"1825",2021-08-09,4,27,"arkhe",FALSE,23,12080,13032
"1826",2021-08-10,0,23,"arkhe",FALSE,23,12103,13055
"1827",2021-08-11,6,29,"arkhe",FALSE,23,12126,13084
"1828",2021-08-12,0,18,"arkhe",FALSE,18,12144,13102
"1829",2021-08-13,0,23,"arkhe",FALSE,23,12167,13125
"1830",2021-08-14,0,10,"arkhe",FALSE,10,12177,13135
"1831",2021-08-15,0,18,"arkhe",FALSE,18,12195,13153
"1832",2021-08-16,0,11,"arkhe",FALSE,11,12206,13164
"1833",2021-08-17,0,14,"arkhe",FALSE,14,12220,13178
"1834",2021-08-18,3,24,"arkhe",FALSE,21,12241,13202
"1835",2021-08-19,0,26,"arkhe",FALSE,26,12267,13228
"1836",2021-08-20,0,14,"arkhe",FALSE,14,12281,13242
"1837",2021-08-21,0,11,"arkhe",FALSE,11,12292,13253
"1838",2021-08-22,0,6,"arkhe",FALSE,6,12298,13259
"1839",2021-08-23,0,25,"arkhe",FALSE,25,12323,13284
"1840",2021-08-24,0,11,"arkhe",FALSE,11,12334,13295
"1841",2021-08-25,4,36,"arkhe",FALSE,32,12366,13331
"1842",2021-08-26,0,9,"arkhe",FALSE,9,12375,13340
"1843",2021-08-27,0,15,"arkhe",FALSE,15,12390,13355
"1844",2021-08-28,0,13,"arkhe",FALSE,13,12403,13368
"1845",2021-08-29,0,5,"arkhe",FALSE,5,12408,13373
"1846",2021-08-30,1,14,"arkhe",FALSE,13,12421,13387
"1847",2021-08-31,1,30,"arkhe",FALSE,29,12450,13417
"1848",2021-09-01,4,17,"arkhe",FALSE,13,12463,13434
"1849",2021-09-02,0,14,"arkhe",FALSE,14,12477,13448
"1850",2021-09-03,0,33,"arkhe",FALSE,33,12510,13481
"1851",2021-09-04,0,5,"arkhe",FALSE,5,12515,13486
"1852",2021-09-05,0,11,"arkhe",FALSE,11,12526,13497
"1853",2021-09-06,0,24,"arkhe",FALSE,24,12550,13521
"1854",2021-09-07,0,13,"arkhe",FALSE,13,12563,13534
"1855",2021-09-08,2,23,"arkhe",FALSE,21,12584,13557
"1856",2021-09-09,0,16,"arkhe",FALSE,16,12600,13573
"1857",2021-09-10,0,26,"arkhe",FALSE,26,12626,13599
"1858",2021-09-11,0,4,"arkhe",FALSE,4,12630,13603
"1859",2021-09-12,0,16,"arkhe",FALSE,16,12646,13619
"1860",2021-09-13,0,6,"arkhe",FALSE,6,12652,13625
"1861",2021-09-14,0,15,"arkhe",FALSE,15,12667,13640
"1862",2021-09-15,2,21,"arkhe",FALSE,19,12686,13661
"1863",2021-09-16,1,19,"arkhe",FALSE,18,12704,13680
"1864",2021-09-17,0,9,"arkhe",FALSE,9,12713,13689
"1865",2021-09-18,0,31,"arkhe",TRUE,2,12715,13720
"1866",2021-09-19,0,17,"arkhe",FALSE,2,12717,13737
"1867",2021-09-20,0,25,"arkhe",FALSE,25,12742,13762
"1868",2021-09-21,0,21,"arkhe",FALSE,21,12763,13783
"1869",2021-09-22,4,51,"arkhe",FALSE,47,12810,13834
"1870",2021-09-23,0,13,"arkhe",FALSE,13,12823,13847
"1871",2021-09-24,0,46,"arkhe",FALSE,46,12869,13893
"1872",2021-09-25,0,9,"arkhe",FALSE,9,12878,13902
"1873",2021-09-26,0,33,"arkhe",FALSE,33,12911,13935
"1874",2021-09-27,0,34,"arkhe",FALSE,34,12945,13969
"1875",2021-09-28,0,42,"arkhe",FALSE,42,12987,14011
"1876",2021-09-29,2,29,"arkhe",FALSE,27,13014,14040
"1877",2021-09-30,0,49,"arkhe",FALSE,49,13063,14089
"1878",2021-10-01,0,22,"arkhe",FALSE,22,13085,14111
"1879",2021-10-02,0,32,"arkhe",FALSE,32,13117,14143
"1880",2021-10-03,0,10,"arkhe",FALSE,10,13127,14153
"1881",2021-10-04,0,39,"arkhe",FALSE,39,13166,14192
"1882",2021-10-05,0,41,"arkhe",FALSE,41,13207,14233
"1883",2021-10-06,2,30,"arkhe",FALSE,28,13235,14263
"1884",2021-10-07,0,23,"arkhe",FALSE,23,13258,14286
"1885",2021-10-08,0,23,"arkhe",FALSE,23,13281,14309
"1886",2021-10-09,0,31,"arkhe",FALSE,31,13312,14340
"1887",2021-10-10,0,15,"arkhe",FALSE,15,13327,14355
"1888",2021-10-11,0,26,"arkhe",FALSE,26,13353,14381
"1889",2021-10-12,0,8,"arkhe",FALSE,8,13361,14389
"1890",2021-10-13,4,31,"arkhe",FALSE,27,13388,14420
"1891",2021-10-14,0,8,"arkhe",FALSE,8,13396,14428
"1892",2021-10-15,0,18,"arkhe",FALSE,18,13414,14446
"1893",2021-10-16,0,5,"arkhe",FALSE,5,13419,14451
"1894",2021-10-17,0,23,"arkhe",FALSE,23,13442,14474
"1895",2021-10-18,0,18,"arkhe",FALSE,18,13460,14492
"1896",2021-10-19,1,24,"arkhe",FALSE,23,13483,14516
"1897",2021-10-20,4,28,"arkhe",FALSE,24,13507,14544
"1898",2021-10-21,0,23,"arkhe",FALSE,23,13530,14567
"1899",2021-10-22,0,9,"arkhe",FALSE,9,13539,14576
"1900",2021-10-23,0,27,"arkhe",FALSE,27,13566,14603
"1901",2021-10-24,0,9,"arkhe",FALSE,9,13575,14612
"1902",2021-10-25,1,35,"arkhe",FALSE,34,13609,14647
"1903",2021-10-26,0,70,"arkhe",FALSE,70,13679,14717
"1904",2021-10-27,4,121,"arkhe",FALSE,117,13796,14838
"1905",2021-10-28,0,33,"arkhe",FALSE,33,13829,14871
"1906",2021-10-29,0,30,"arkhe",FALSE,30,13859,14901
"1907",2021-10-30,0,8,"arkhe",FALSE,8,13867,14909
"1908",2021-10-31,0,25,"arkhe",FALSE,25,13892,14934
"1909",2021-11-01,0,60,"arkhe",FALSE,60,13952,14994
"1910",2021-11-02,0,41,"arkhe",FALSE,41,13993,15035
"1911",2021-11-03,2,43,"arkhe",FALSE,41,14034,15078
"1912",2021-11-04,0,43,"arkhe",FALSE,43,14077,15121
"1913",2021-11-05,0,39,"arkhe",FALSE,39,14116,15160
"1914",2021-11-06,0,47,"arkhe",FALSE,47,14163,15207
"1915",2021-11-07,0,39,"arkhe",FALSE,39,14202,15246
"1916",2021-11-08,0,120,"arkhe",FALSE,120,14322,15366
"1917",2021-11-09,0,72,"arkhe",FALSE,72,14394,15438
"1918",2021-11-10,0,129,"arkhe",FALSE,129,14523,15567
"1919",2021-11-11,0,66,"arkhe",FALSE,66,14589,15633
"1920",2021-11-12,0,29,"arkhe",FALSE,29,14618,15662
"1921",2021-11-13,0,36,"arkhe",FALSE,36,14654,15698
"1922",2021-11-14,0,14,"arkhe",FALSE,14,14668,15712
"1923",2021-11-15,0,27,"arkhe",FALSE,27,14695,15739
"1924",2021-11-16,0,24,"arkhe",FALSE,24,14719,15763
"1925",2021-11-17,0,35,"arkhe",FALSE,35,14754,15798
"1926",2021-11-18,0,27,"arkhe",FALSE,27,14781,15825
"1927",2021-11-19,0,28,"arkhe",FALSE,28,14809,15853
"1928",2021-11-20,0,8,"arkhe",FALSE,8,14817,15861
"1929",2021-11-21,8,42,"arkhe",FALSE,34,14851,15903
"1930",2021-11-22,0,25,"arkhe",FALSE,25,14876,15928
"1931",2021-11-23,0,32,"arkhe",FALSE,32,14908,15960
"1932",2021-11-24,2,18,"arkhe",FALSE,16,14924,15978
"1933",2021-11-25,0,26,"arkhe",FALSE,26,14950,16004
"1934",2021-11-26,0,6,"arkhe",FALSE,6,14956,16010
"1935",2021-11-27,0,16,"arkhe",FALSE,16,14972,16026
"1936",2021-11-28,0,6,"arkhe",FALSE,6,14978,16032
"1937",2021-11-29,0,24,"arkhe",FALSE,24,15002,16056
"1938",2021-11-30,0,17,"arkhe",FALSE,17,15019,16073
"1939",2021-12-01,4,31,"arkhe",FALSE,27,15046,16104
"1940",2021-12-02,0,20,"arkhe",FALSE,20,15066,16124
"1941",2021-12-03,0,24,"arkhe",FALSE,24,15090,16148
"1942",2021-12-04,0,13,"arkhe",FALSE,13,15103,16161
"1943",2021-12-05,0,6,"arkhe",FALSE,6,15109,16167
"1944",2021-12-06,0,26,"arkhe",FALSE,26,15135,16193
"1945",2021-12-07,0,12,"arkhe",FALSE,12,15147,16205
"1946",2021-12-08,4,25,"arkhe",FALSE,21,15168,16230
"1947",2021-12-09,0,35,"arkhe",FALSE,35,15203,16265
"1948",2021-12-10,0,21,"arkhe",FALSE,21,15224,16286
"1949",2021-12-11,0,15,"arkhe",FALSE,15,15239,16301
"1950",2021-12-12,0,6,"arkhe",FALSE,6,15245,16307
"1951",2021-12-13,1,26,"arkhe",FALSE,25,15270,16333
"1952",2021-12-14,1,11,"arkhe",FALSE,10,15280,16344
"1953",2021-12-15,4,36,"arkhe",FALSE,32,15312,16380
"1954",2021-12-16,0,9,"arkhe",FALSE,9,15321,16389
"1955",2021-12-17,0,26,"arkhe",FALSE,26,15347,16415
"1956",2021-12-18,0,7,"arkhe",FALSE,7,15354,16422
"1957",2021-12-19,0,19,"arkhe",FALSE,19,15373,16441
"1958",2021-12-20,0,12,"arkhe",FALSE,12,15385,16453
"1959",2021-12-21,0,26,"arkhe",FALSE,26,15411,16479
"1960",2021-12-22,5,29,"arkhe",FALSE,24,15435,16508
"1961",2021-12-23,0,10,"arkhe",FALSE,10,15445,16518
"1962",2021-12-24,0,34,"arkhe",FALSE,34,15479,16552
"1963",2021-12-25,0,8,"arkhe",FALSE,8,15487,16560
"1964",2021-12-26,0,17,"arkhe",FALSE,17,15504,16577
"1965",2021-12-27,0,4,"arkhe",FALSE,4,15508,16581
"1966",2021-12-28,0,25,"arkhe",FALSE,25,15533,16606
"1967",2021-12-29,4,20,"arkhe",FALSE,16,15549,16626
"1968",2021-12-30,0,25,"arkhe",FALSE,25,15574,16651
"1969",2021-12-31,0,10,"arkhe",FALSE,10,15584,16661
"1970",2022-01-01,0,4,"arkhe",FALSE,4,15588,16665
"1971",2022-01-02,0,7,"arkhe",FALSE,7,15595,16672
"1972",2022-01-03,0,7,"arkhe",FALSE,7,15602,16679
"1973",2022-01-04,0,9,"arkhe",FALSE,9,15611,16688
"1974",2022-01-05,3,23,"arkhe",FALSE,20,15631,16711
"1975",2022-01-06,0,16,"arkhe",FALSE,16,15647,16727
"1976",2022-01-07,0,6,"arkhe",FALSE,6,15653,16733
"1977",2022-01-08,0,3,"arkhe",FALSE,3,15656,16736
"1978",2022-01-09,0,13,"arkhe",FALSE,13,15669,16749
"1979",2022-01-10,0,7,"arkhe",FALSE,7,15676,16756
"1980",2022-01-11,1,17,"arkhe",FALSE,16,15692,16773
"1981",2022-01-12,2,23,"arkhe",FALSE,21,15713,16796
"1982",2022-01-13,0,30,"arkhe",FALSE,30,15743,16826
"1983",2022-01-14,0,16,"arkhe",FALSE,16,15759,16842
"1984",2022-01-15,0,24,"arkhe",FALSE,24,15783,16866
"1985",2022-01-16,0,5,"arkhe",FALSE,5,15788,16871
"1986",2022-01-17,0,10,"arkhe",FALSE,10,15798,16881
"1987",2022-01-18,0,14,"arkhe",FALSE,14,15812,16895
"1988",2022-01-19,0,13,"arkhe",FALSE,13,15825,16908
"1989",2022-01-20,0,19,"arkhe",FALSE,19,15844,16927
"1990",2022-01-21,1,13,"arkhe",FALSE,12,15856,16940
"1991",2022-01-22,0,19,"arkhe",FALSE,19,15875,16959
"1992",2022-01-23,0,5,"arkhe",FALSE,5,15880,16964
"1993",2022-01-24,0,41,"arkhe",FALSE,41,15921,17005
"1994",2022-01-25,0,6,"arkhe",FALSE,6,15927,17011
"1995",2022-01-26,0,13,"arkhe",FALSE,13,15940,17024
"1996",2022-01-27,0,10,"arkhe",FALSE,10,15950,17034
"1997",2022-01-28,0,20,"arkhe",FALSE,20,15970,17054
"1998",2022-01-29,0,6,"arkhe",FALSE,6,15976,17060
"1999",2022-01-30,0,18,"arkhe",FALSE,18,15994,17078
"2000",2022-01-31,0,14,"arkhe",FALSE,14,16008,17092
"2001",2022-02-01,0,21,"arkhe",FALSE,21,16029,17113
"2002",2022-02-02,0,18,"arkhe",FALSE,18,16047,17131
"2003",2022-02-03,0,12,"arkhe",FALSE,12,16059,17143
"2004",2022-02-04,0,10,"arkhe",FALSE,10,16069,17153
"2005",2022-02-05,0,14,"arkhe",FALSE,14,16083,17167
"2006",2022-02-06,0,18,"arkhe",FALSE,18,16101,17185
"2007",2022-02-07,0,12,"arkhe",FALSE,12,16113,17197
"2008",2022-02-08,7,42,"arkhe",FALSE,35,16148,17239
"2009",2022-02-09,4,26,"arkhe",FALSE,22,16170,17265
"2010",2022-02-10,0,19,"arkhe",FALSE,19,16189,17284
"2011",2022-02-11,0,13,"arkhe",FALSE,13,16202,17297
"2012",2022-02-12,0,18,"arkhe",FALSE,18,16220,17315
"2013",2022-02-13,0,3,"arkhe",FALSE,3,16223,17318
"2014",2022-02-14,0,22,"arkhe",FALSE,22,16245,17340
"2015",2022-02-15,0,15,"arkhe",FALSE,15,16260,17355
"2016",2022-02-16,5,33,"arkhe",FALSE,28,16288,17388
"2017",2022-02-17,0,16,"arkhe",FALSE,16,16304,17404
"2018",2022-02-18,0,23,"arkhe",FALSE,23,16327,17427
"2019",2022-02-19,0,9,"arkhe",FALSE,9,16336,17436
"2020",2022-02-20,0,6,"arkhe",FALSE,6,16342,17442
"2021",2022-02-21,0,21,"arkhe",FALSE,21,16363,17463
"2022",2022-02-22,0,5,"arkhe",FALSE,5,16368,17468
"2023",2022-02-23,6,39,"arkhe",FALSE,33,16401,17507
"2024",2022-02-24,0,14,"arkhe",FALSE,14,16415,17521
"2025",2022-02-25,0,19,"arkhe",FALSE,19,16434,17540
"2026",2022-02-26,0,8,"arkhe",FALSE,8,16442,17548
"2027",2022-02-27,0,21,"arkhe",FALSE,21,16463,17569
"2028",2022-02-28,0,13,"arkhe",FALSE,13,16476,17582
"2029",2022-03-01,0,53,"arkhe",FALSE,53,16529,17635
"2030",2022-03-02,3,50,"arkhe",FALSE,47,16576,17685
"2031",2022-03-03,0,49,"arkhe",FALSE,49,16625,17734
"2032",2022-03-04,0,56,"arkhe",FALSE,56,16681,17790
"2033",2022-03-05,0,19,"arkhe",FALSE,19,16700,17809
"2034",2022-03-06,0,8,"arkhe",FALSE,8,16708,17817
"2035",2022-03-07,0,34,"arkhe",FALSE,34,16742,17851
"2036",2022-03-08,0,33,"arkhe",FALSE,33,16775,17884
"2037",2022-03-09,6,53,"arkhe",FALSE,47,16822,17937
"2038",2022-03-10,0,28,"arkhe",FALSE,28,16850,17965
"2039",2022-03-11,0,59,"arkhe",FALSE,59,16909,18024
"2040",2022-03-12,0,15,"arkhe",FALSE,15,16924,18039
"2041",2022-03-13,0,20,"arkhe",FALSE,20,16944,18059
"2042",2022-03-14,0,39,"arkhe",FALSE,39,16983,18098
"2043",2022-03-15,0,37,"arkhe",FALSE,37,17020,18135
"2044",2022-03-16,4,61,"arkhe",FALSE,57,17077,18196
"2045",2022-03-17,0,33,"arkhe",FALSE,33,17110,18229
"2046",2022-03-18,0,25,"arkhe",FALSE,25,17135,18254
"2047",2022-03-19,0,20,"arkhe",FALSE,20,17155,18274
"2048",2022-03-20,0,9,"arkhe",FALSE,9,17164,18283
"2049",2022-03-21,0,24,"arkhe",FALSE,24,17188,18307
"2050",2022-03-22,0,16,"arkhe",FALSE,16,17204,18323
"2051",2022-03-23,6,41,"arkhe",FALSE,35,17239,18364
"2052",2022-03-24,0,22,"arkhe",FALSE,22,17261,18386
"2053",2022-03-25,0,50,"arkhe",FALSE,50,17311,18436
"2054",2022-03-26,0,18,"arkhe",FALSE,18,17329,18454
"2055",2022-03-27,0,12,"arkhe",FALSE,12,17341,18466
"2056",2022-03-28,0,16,"arkhe",FALSE,16,17357,18482
"2057",2022-03-29,0,45,"arkhe",FALSE,45,17402,18527
"2058",2022-03-30,4,50,"arkhe",FALSE,46,17448,18577
"2059",2022-03-31,0,47,"arkhe",FALSE,47,17495,18624
"2060",2022-04-01,0,9,"arkhe",FALSE,9,17504,18633
"2061",2022-04-02,0,36,"arkhe",FALSE,36,17540,18669
"2062",2022-04-03,0,9,"arkhe",FALSE,9,17549,18678
"2063",2022-04-04,0,79,"arkhe",FALSE,79,17628,18757
"2064",2022-04-05,0,73,"arkhe",FALSE,73,17701,18830
"2065",2022-04-06,6,60,"arkhe",FALSE,54,17755,18890
"2066",2022-04-07,0,65,"arkhe",FALSE,65,17820,18955
"2067",2022-04-08,0,46,"arkhe",FALSE,46,17866,19001
"2068",2022-04-09,0,20,"arkhe",FALSE,20,17886,19021
"2069",2022-04-10,0,15,"arkhe",FALSE,15,17901,19036
"2070",2022-04-11,4,54,"arkhe",FALSE,50,17951,19090
"2071",2022-04-12,0,69,"arkhe",FALSE,69,18020,19159
"2072",2022-04-13,4,69,"arkhe",FALSE,65,18085,19228
"2073",2022-04-14,0,19,"arkhe",FALSE,19,18104,19247
"2074",2022-04-15,0,16,"arkhe",FALSE,16,18120,19263
"2075",2022-04-16,0,31,"arkhe",FALSE,31,18151,19294
"2076",2022-04-17,0,12,"arkhe",FALSE,12,18163,19306
"2077",2022-04-18,0,54,"arkhe",FALSE,54,18217,19360
"2078",2022-04-19,0,24,"arkhe",FALSE,24,18241,19384
"2079",2022-04-20,5,54,"arkhe",FALSE,49,18290,19438
"2080",2022-04-21,0,47,"arkhe",FALSE,47,18337,19485
"2081",2022-04-22,0,49,"arkhe",FALSE,49,18386,19534
"2082",2022-04-23,0,10,"arkhe",FALSE,10,18396,19544
"2083",2022-04-24,0,9,"arkhe",FALSE,9,18405,19553
"2084",2022-04-25,0,36,"arkhe",FALSE,36,18441,19589
"2085",2022-04-26,0,29,"arkhe",FALSE,29,18470,19618
"2086",2022-04-27,5,73,"arkhe",FALSE,68,18538,19691
"2087",2022-04-28,0,37,"arkhe",FALSE,37,18575,19728
"2088",2022-04-29,0,39,"arkhe",FALSE,39,18614,19767
"2089",2022-04-30,0,17,"arkhe",FALSE,17,18631,19784
"2090",2022-05-01,0,9,"arkhe",FALSE,9,18640,19793
"2091",2022-05-02,0,36,"arkhe",FALSE,36,18676,19829
"2092",2022-05-03,0,37,"arkhe",FALSE,37,18713,19866
"2093",2022-05-04,6,74,"arkhe",FALSE,68,18781,19940
"2094",2022-05-05,0,17,"arkhe",FALSE,17,18798,19957
"2095",2022-05-06,0,46,"arkhe",FALSE,46,18844,20003
"2096",2022-05-07,0,11,"arkhe",FALSE,11,18855,20014
"2097",2022-05-08,0,19,"arkhe",FALSE,19,18874,20033
"2098",2022-05-09,0,25,"arkhe",FALSE,25,18899,20058
"2099",2022-05-10,0,39,"arkhe",FALSE,39,18938,20097
"2100",2022-05-11,2,37,"arkhe",FALSE,35,18973,20134
"2101",2022-05-12,0,59,"arkhe",FALSE,59,19032,20193
"2102",2022-05-13,0,35,"arkhe",FALSE,35,19067,20228
"2103",2022-05-14,0,16,"arkhe",FALSE,16,19083,20244
"2104",2022-05-15,0,7,"arkhe",FALSE,7,19090,20251
"2105",2022-05-16,0,56,"arkhe",FALSE,56,19146,20307
"2106",2022-05-17,0,38,"arkhe",FALSE,38,19184,20345
"2107",2022-05-18,3,65,"arkhe",FALSE,62,19246,20410
"2108",2022-05-19,0,71,"arkhe",FALSE,71,19317,20481
"2109",2022-05-20,0,60,"arkhe",FALSE,60,19377,20541
"2110",2022-05-21,0,3,"arkhe",FALSE,3,19380,20544
"2111",2022-05-22,0,20,"arkhe",FALSE,20,19400,20564
"2112",2022-05-23,0,35,"arkhe",FALSE,35,19435,20599
"2113",2022-05-24,0,23,"arkhe",FALSE,23,19458,20622
"2114",2022-05-25,6,51,"arkhe",FALSE,45,19503,20673
"2115",2022-05-26,0,58,"arkhe",FALSE,58,19561,20731
"2116",2022-05-27,0,30,"arkhe",FALSE,30,19591,20761
"2117",2022-05-28,0,8,"arkhe",FALSE,8,19599,20769
"2118",2022-05-29,0,19,"arkhe",FALSE,19,19618,20788
"2119",2022-05-30,0,33,"arkhe",FALSE,33,19651,20821
"2120",2022-05-31,0,44,"arkhe",FALSE,44,19695,20865
"2121",2022-06-01,2,80,"arkhe",FALSE,78,19773,20945
"2122",2022-06-02,0,42,"arkhe",FALSE,42,19815,20987
"2123",2022-06-03,0,38,"arkhe",FALSE,38,19853,21025
"2124",2022-06-04,0,22,"arkhe",FALSE,22,19875,21047
"2125",2022-06-05,0,6,"arkhe",FALSE,6,19881,21053
"2126",2022-06-06,0,40,"arkhe",FALSE,40,19921,21093
"2127",2022-06-07,0,25,"arkhe",FALSE,25,19946,21118
"2128",2022-06-08,5,46,"arkhe",FALSE,41,19987,21164
"2129",2022-06-09,0,31,"arkhe",FALSE,31,20018,21195
"2130",2022-06-10,0,26,"arkhe",FALSE,26,20044,21221
"2131",2022-06-11,0,19,"arkhe",FALSE,19,20063,21240
"2132",2022-06-12,0,5,"arkhe",FALSE,5,20068,21245
"2133",2022-06-13,0,34,"arkhe",FALSE,34,20102,21279
"2134",2022-06-14,4,53,"arkhe",FALSE,49,20151,21332
"2135",2022-06-15,4,94,"arkhe",TRUE,2,20153,21426
"2136",2022-06-16,0,31,"arkhe",FALSE,2,20155,21457
"2137",2022-06-17,0,29,"arkhe",FALSE,29,20184,21486
"2138",2022-06-18,0,14,"arkhe",FALSE,14,20198,21500
"2139",2022-06-19,0,16,"arkhe",FALSE,16,20214,21516
"2140",2022-06-20,0,47,"arkhe",FALSE,47,20261,21563
"2141",2022-06-21,0,40,"arkhe",FALSE,40,20301,21603
"2142",2022-06-22,1,65,"arkhe",FALSE,64,20365,21668
"2143",2022-06-23,0,42,"arkhe",FALSE,42,20407,21710
"2144",2022-06-24,0,79,"arkhe",FALSE,79,20486,21789
"2145",2022-06-25,0,10,"arkhe",FALSE,10,20496,21799
"2146",2022-06-26,0,10,"arkhe",FALSE,10,20506,21809
"2147",2022-06-27,0,29,"arkhe",FALSE,29,20535,21838
"2148",2022-06-28,0,58,"arkhe",FALSE,58,20593,21896
"2149",2022-06-29,2,63,"arkhe",FALSE,61,20654,21959
"2150",2022-06-30,0,71,"arkhe",FALSE,71,20725,22030
"2151",2022-07-01,0,48,"arkhe",FALSE,48,20773,22078
"2152",2022-07-02,0,15,"arkhe",FALSE,15,20788,22093
"2153",2022-07-03,0,38,"arkhe",FALSE,38,20826,22131
"2154",2022-07-04,0,51,"arkhe",FALSE,51,20877,22182
"2155",2022-07-05,0,60,"arkhe",FALSE,60,20937,22242
"2156",2022-07-06,6,57,"arkhe",FALSE,51,20988,22299
"2157",2022-07-07,0,35,"arkhe",FALSE,35,21023,22334
"2158",2022-07-08,0,67,"arkhe",FALSE,67,21090,22401
"2159",2022-07-09,0,28,"arkhe",FALSE,28,21118,22429
"2160",2022-07-10,0,8,"arkhe",FALSE,8,21126,22437
"2161",2022-07-11,0,23,"arkhe",FALSE,23,21149,22460
"2162",2022-07-12,0,27,"arkhe",FALSE,27,21176,22487
"2163",2022-07-13,2,65,"arkhe",FALSE,63,21239,22552
"2164",2022-07-14,0,52,"arkhe",FALSE,52,21291,22604
"2165",2022-07-15,0,59,"arkhe",FALSE,59,21350,22663
"2166",2022-07-16,0,23,"arkhe",FALSE,23,21373,22686
"2167",2022-07-17,0,8,"arkhe",FALSE,8,21381,22694
"2168",2022-07-18,0,29,"arkhe",FALSE,29,21410,22723
"2169",2022-07-19,0,15,"arkhe",FALSE,15,21425,22738
"2170",2022-07-20,2,30,"arkhe",FALSE,28,21453,22768
"2171",2022-07-21,0,75,"arkhe",FALSE,75,21528,22843
"2172",2022-07-22,0,67,"arkhe",FALSE,67,21595,22910
"2173",2022-07-23,0,14,"arkhe",FALSE,14,21609,22924
"2174",2022-07-24,0,22,"arkhe",FALSE,22,21631,22946
"2175",2022-07-25,0,46,"arkhe",FALSE,46,21677,22992
"2176",2022-07-26,0,37,"arkhe",FALSE,37,21714,23029
"2177",2022-07-27,5,82,"arkhe",FALSE,77,21791,23111
"2178",2022-07-28,0,43,"arkhe",FALSE,43,21834,23154
"2179",2022-07-29,0,25,"arkhe",FALSE,25,21859,23179
"2180",2022-07-30,0,19,"arkhe",FALSE,19,21878,23198
"2181",2022-07-31,0,19,"arkhe",FALSE,19,21897,23217
"2182",2022-08-01,0,38,"arkhe",FALSE,38,21935,23255
"2183",2022-08-02,0,52,"arkhe",FALSE,52,21987,23307
"2184",2022-08-03,5,74,"arkhe",FALSE,69,22056,23381
"2185",2022-08-04,0,58,"arkhe",FALSE,58,22114,23439
"2186",2022-08-05,0,37,"arkhe",FALSE,37,22151,23476
"2187",2022-08-06,0,18,"arkhe",FALSE,18,22169,23494
"2188",2022-08-07,0,11,"arkhe",FALSE,11,22180,23505
"2189",2022-08-08,0,35,"arkhe",FALSE,35,22215,23540
"2190",2022-08-09,0,55,"arkhe",FALSE,55,22270,23595
"2191",2022-08-10,0,61,"arkhe",FALSE,61,22331,23656
"2192",2022-08-11,1,69,"arkhe",FALSE,68,22399,23725
"2193",2022-08-12,0,44,"arkhe",FALSE,44,22443,23769
"2194",2022-08-13,0,7,"arkhe",FALSE,7,22450,23776
"2195",2022-08-14,0,11,"arkhe",FALSE,11,22461,23787
"2196",2022-08-15,0,37,"arkhe",FALSE,37,22498,23824
"2197",2022-08-16,0,31,"arkhe",FALSE,31,22529,23855
"2198",2022-08-17,4,49,"arkhe",FALSE,45,22574,23904
"2199",2022-08-18,0,52,"arkhe",FALSE,52,22626,23956
"2200",2022-08-19,0,13,"arkhe",FALSE,13,22639,23969
"2201",2022-08-20,0,4,"arkhe",FALSE,4,22643,23973
"2202",2022-08-21,0,17,"arkhe",FALSE,17,22660,23990
"2203",2022-08-22,0,32,"arkhe",FALSE,32,22692,24022
"2204",2022-08-23,0,40,"arkhe",FALSE,40,22732,24062
"2205",2022-08-24,7,49,"arkhe",FALSE,42,22774,24111
"2206",2022-08-25,0,48,"arkhe",FALSE,48,22822,24159
"2207",2022-08-26,0,23,"arkhe",FALSE,23,22845,24182
"2208",2022-08-27,0,32,"arkhe",FALSE,32,22877,24214
"2209",2022-08-28,0,40,"arkhe",FALSE,40,22917,24254
"2210",2022-08-29,0,36,"arkhe",FALSE,36,22953,24290
"2211",2022-08-30,0,40,"arkhe",FALSE,40,22993,24330
"2212",2022-08-31,2,18,"arkhe",FALSE,16,23009,24348
"2213",2022-09-01,0,21,"arkhe",FALSE,21,23030,24369
"2214",2022-09-02,0,21,"arkhe",FALSE,21,23051,24390
"2215",2022-09-03,0,3,"arkhe",FALSE,3,23054,24393
"2216",2022-09-04,0,5,"arkhe",FALSE,5,23059,24398
"2217",2022-09-05,0,26,"arkhe",FALSE,26,23085,24424
"2218",2022-09-06,0,16,"arkhe",FALSE,16,23101,24440
"2219",2022-09-07,0,32,"arkhe",FALSE,32,23133,24472
"2220",2022-09-08,4,47,"arkhe",FALSE,43,23176,24519
"2221",2022-09-09,0,18,"arkhe",FALSE,18,23194,24537
"2222",2022-09-10,0,8,"arkhe",FALSE,8,23202,24545
"2223",2022-09-11,0,25,"arkhe",FALSE,25,23227,24570
"2224",2022-09-12,0,17,"arkhe",FALSE,17,23244,24587
"2225",2022-09-13,0,18,"arkhe",FALSE,18,23262,24605
"2226",2022-09-14,5,49,"arkhe",FALSE,44,23306,24654
"2227",2022-09-15,0,15,"arkhe",FALSE,15,23321,24669
"2228",2022-09-16,0,13,"arkhe",FALSE,13,23334,24682
"2229",2022-09-17,0,12,"arkhe",FALSE,12,23346,24694
"2230",2022-09-18,0,3,"arkhe",FALSE,3,23349,24697
"2231",2022-09-19,0,29,"arkhe",FALSE,29,23378,24726
"2232",2022-09-20,0,30,"arkhe",FALSE,30,23408,24756
"2233",2022-09-21,0,20,"arkhe",FALSE,20,23428,24776
"2234",2022-09-22,0,19,"arkhe",FALSE,19,23447,24795
"2235",2022-09-23,0,30,"arkhe",FALSE,30,23477,24825
"2236",2022-09-24,0,4,"arkhe",FALSE,4,23481,24829
"2237",2022-09-25,0,8,"arkhe",FALSE,8,23489,24837
"2238",2022-09-26,0,29,"arkhe",FALSE,29,23518,24866
"2239",2022-09-27,0,19,"arkhe",FALSE,19,23537,24885
"2240",2022-09-28,0,15,"arkhe",FALSE,15,23552,24900
"2241",2022-09-29,0,31,"arkhe",FALSE,31,23583,24931
"2242",2022-09-30,0,15,"arkhe",FALSE,15,23598,24946
"2243",2022-10-01,0,6,"arkhe",FALSE,6,23604,24952
"2244",2022-10-02,0,17,"arkhe",FALSE,17,23621,24969
"2245",2022-10-03,0,25,"arkhe",FALSE,25,23646,24994
"2246",2022-10-04,0,22,"arkhe",FALSE,22,23668,25016
"2247",2022-10-05,0,30,"arkhe",FALSE,30,23698,25046
"2248",2022-10-06,0,22,"arkhe",FALSE,22,23720,25068
"2249",2022-10-07,0,21,"arkhe",FALSE,21,23741,25089
"2250",2022-10-08,0,21,"arkhe",FALSE,21,23762,25110
"2251",2022-10-09,0,8,"arkhe",FALSE,8,23770,25118
"2252",2022-10-10,0,30,"arkhe",FALSE,30,23800,25148
"2253",2022-10-11,0,28,"arkhe",FALSE,28,23828,25176
"2254",2022-10-12,0,27,"arkhe",FALSE,27,23855,25203
"2255",2022-10-13,0,27,"arkhe",FALSE,27,23882,25230
"2256",2022-10-14,0,22,"arkhe",FALSE,22,23904,25252
"2257",2022-10-15,0,22,"arkhe",FALSE,22,23926,25274
"2258",2022-10-16,0,9,"arkhe",FALSE,9,23935,25283
"2259",2022-10-17,0,50,"arkhe",FALSE,50,23985,25333
"2260",2022-10-18,0,34,"arkhe",FALSE,34,24019,25367
"2261",2022-10-19,0,10,"arkhe",FALSE,10,24029,25377
"2262",2022-10-20,0,25,"arkhe",FALSE,25,24054,25402
"2263",2022-10-21,0,12,"arkhe",FALSE,12,24066,25414
"2264",2022-10-22,0,20,"arkhe",FALSE,20,24086,25434
"2265",2022-10-23,0,15,"arkhe",FALSE,15,24101,25449
"2266",2022-10-24,0,21,"arkhe",FALSE,21,24122,25470
"2267",2022-10-25,0,15,"arkhe",FALSE,15,24137,25485
"2268",2022-10-26,0,23,"arkhe",FALSE,23,24160,25508
"2269",2022-10-27,0,16,"arkhe",FALSE,16,24176,25524
"2270",2022-10-28,0,66,"arkhe",TRUE,2,24178,25590
"2271",2022-10-29,0,12,"arkhe",FALSE,2,24180,25602
"2272",2022-10-30,0,11,"arkhe",FALSE,11,24191,25613
"2273",2022-10-31,0,19,"arkhe",FALSE,19,24210,25632
"2274",2022-11-01,0,33,"arkhe",FALSE,33,24243,25665
"2275",2022-11-02,0,22,"arkhe",FALSE,22,24265,25687
"2276",2022-11-03,0,33,"arkhe",FALSE,33,24298,25720
"2277",2022-11-04,0,10,"arkhe",FALSE,10,24308,25730
"2278",2022-11-05,0,62,"arkhe",FALSE,62,24370,25792
"2279",2022-11-06,0,12,"arkhe",FALSE,12,24382,25804
"2280",2022-11-07,0,42,"arkhe",FALSE,42,24424,25846
"2281",2022-11-08,0,23,"arkhe",FALSE,23,24447,25869
"2282",2022-11-09,0,24,"arkhe",FALSE,24,24471,25893
"2283",2022-11-10,0,38,"arkhe",FALSE,38,24509,25931
"2284",2022-11-11,0,13,"arkhe",FALSE,13,24522,25944
"2285",2022-11-12,0,30,"arkhe",FALSE,30,24552,25974
"2286",2022-11-13,0,15,"arkhe",FALSE,15,24567,25989
"2287",2022-11-14,0,27,"arkhe",FALSE,27,24594,26016
"2288",2022-11-15,0,19,"arkhe",FALSE,19,24613,26035
"2289",2022-11-16,0,16,"arkhe",FALSE,16,24629,26051
"2290",2022-11-17,0,28,"arkhe",FALSE,28,24657,26079
"2291",2022-11-18,6,73,"arkhe",FALSE,67,24724,26152
"2292",2022-11-19,0,9,"arkhe",FALSE,9,24733,26161
"2293",2022-11-20,0,24,"arkhe",FALSE,24,24757,26185
"2294",2022-11-21,0,21,"arkhe",FALSE,21,24778,26206
"2295",2022-11-22,0,23,"arkhe",FALSE,23,24801,26229
"2296",2022-11-23,0,23,"arkhe",FALSE,23,24824,26252
"2297",2022-11-24,0,20,"arkhe",FALSE,20,24844,26272
"2298",2022-11-25,0,18,"arkhe",FALSE,18,24862,26290
"2299",2022-11-26,0,20,"arkhe",FALSE,20,24882,26310
"2300",2022-11-27,0,18,"arkhe",FALSE,18,24900,26328
"2301",2022-11-28,1,14,"arkhe",FALSE,13,24913,26342
"2302",2022-11-29,0,24,"arkhe",FALSE,24,24937,26366
"2303",2022-11-30,0,24,"arkhe",FALSE,24,24961,26390
"2304",2022-12-01,0,41,"arkhe",FALSE,41,25002,26431
"2305",2022-12-02,0,21,"arkhe",FALSE,21,25023,26452
"2306",2022-12-03,0,6,"arkhe",FALSE,6,25029,26458
"2307",2022-12-04,0,15,"arkhe",FALSE,15,25044,26473
"2308",2022-12-05,0,18,"arkhe",FALSE,18,25062,26491
"2309",2022-12-06,0,16,"arkhe",FALSE,16,25078,26507
"2310",2022-12-07,0,20,"arkhe",FALSE,20,25098,26527
"2311",2022-12-08,0,12,"arkhe",FALSE,12,25110,26539
"2312",2022-12-09,0,25,"arkhe",FALSE,25,25135,26564
"2313",2022-12-10,0,4,"arkhe",FALSE,4,25139,26568
"2314",2022-12-11,0,7,"arkhe",FALSE,7,25146,26575
"2315",2022-12-12,0,18,"arkhe",FALSE,18,25164,26593
"2316",2022-12-13,0,21,"arkhe",FALSE,21,25185,26614
"2317",2022-12-14,0,16,"arkhe",FALSE,16,25201,26630
"2318",2022-12-15,0,25,"arkhe",FALSE,25,25226,26655
"2319",2022-12-16,4,29,"arkhe",FALSE,25,25251,26684
"2320",2022-12-17,0,6,"arkhe",FALSE,6,25257,26690
"2321",2022-12-18,0,8,"arkhe",FALSE,8,25265,26698
"2322",2022-12-19,0,13,"arkhe",FALSE,13,25278,26711
"2323",2022-12-20,0,10,"arkhe",FALSE,10,25288,26721
"2324",2022-12-21,0,25,"arkhe",FALSE,25,25313,26746
"2325",2022-12-22,0,10,"arkhe",FALSE,10,25323,26756
"2326",2022-12-23,0,26,"arkhe",FALSE,26,25349,26782
"2327",2022-12-24,0,13,"arkhe",FALSE,13,25362,26795
"2328",2022-12-25,0,10,"arkhe",FALSE,10,25372,26805
"2329",2022-12-26,0,13,"arkhe",FALSE,13,25385,26818
"2330",2022-12-27,0,7,"arkhe",FALSE,7,25392,26825
"2331",2022-12-28,0,9,"arkhe",FALSE,9,25401,26834
"2332",2022-12-29,0,6,"arkhe",FALSE,6,25407,26840
"2333",2022-12-30,0,6,"arkhe",FALSE,6,25413,26846
"2334",2022-12-31,0,4,"arkhe",FALSE,4,25417,26850
"2335",2023-01-01,0,4,"arkhe",FALSE,4,25421,26854
"2336",2023-01-02,0,11,"arkhe",FALSE,11,25432,26865
"2337",2023-01-03,0,12,"arkhe",FALSE,12,25444,26877
"2338",2023-01-04,0,14,"arkhe",FALSE,14,25458,26891
"2339",2023-01-05,0,16,"arkhe",FALSE,16,25474,26907
"2340",2023-01-06,0,18,"arkhe",FALSE,18,25492,26925
"2341",2023-01-07,0,17,"arkhe",FALSE,17,25509,26942
"2342",2023-01-08,0,6,"arkhe",FALSE,6,25515,26948
"2343",2023-01-09,0,20,"arkhe",FALSE,20,25535,26968
"2344",2023-01-10,0,8,"arkhe",FALSE,8,25543,26976
"2345",2023-01-11,0,17,"arkhe",FALSE,17,25560,26993
"2346",2023-01-12,0,9,"arkhe",FALSE,9,25569,27002
"2347",2023-01-13,0,14,"arkhe",FALSE,14,25583,27016
"2348",2023-01-14,0,12,"arkhe",FALSE,12,25595,27028
"2349",2023-01-15,0,12,"arkhe",FALSE,12,25607,27040
"2350",2023-01-16,0,7,"arkhe",FALSE,7,25614,27047
"2351",2023-01-17,4,39,"arkhe",FALSE,35,25649,27086
"2352",2023-01-18,2,61,"arkhe",TRUE,2,25651,27147
"2353",2023-01-19,0,20,"arkhe",FALSE,2,25653,27167
"2354",2023-01-20,0,29,"arkhe",FALSE,29,25682,27196
"2355",2023-01-21,0,19,"arkhe",FALSE,19,25701,27215
"2356",2023-01-22,0,15,"arkhe",FALSE,15,25716,27230
"2357",2023-01-23,0,20,"arkhe",FALSE,20,25736,27250
"2358",2023-01-24,0,17,"arkhe",FALSE,17,25753,27267
"2359",2023-01-25,0,24,"arkhe",FALSE,24,25777,27291
"2360",2023-01-26,0,36,"arkhe",FALSE,36,25813,27327
"2361",2023-01-27,0,9,"arkhe",FALSE,9,25822,27336
"2362",2023-01-28,0,8,"arkhe",FALSE,8,25830,27344
"2363",2023-01-29,0,7,"arkhe",FALSE,7,25837,27351
"2364",2023-01-30,0,17,"arkhe",FALSE,17,25854,27368
"2365",2023-01-31,0,32,"arkhe",FALSE,32,25886,27400
"2366",2023-02-01,0,29,"arkhe",FALSE,29,25915,27429
"2367",2023-02-02,5,37,"arkhe",FALSE,32,25947,27466
"2368",2023-02-03,0,20,"arkhe",FALSE,20,25967,27486
"2369",2023-02-04,0,15,"arkhe",FALSE,15,25982,27501
"2370",2023-02-05,0,9,"arkhe",FALSE,9,25991,27510
"2371",2023-02-06,0,24,"arkhe",FALSE,24,26015,27534
"2372",2023-02-07,0,34,"arkhe",FALSE,34,26049,27568
"2373",2023-02-08,0,25,"arkhe",FALSE,25,26074,27593
"2374",2023-02-09,0,21,"arkhe",FALSE,21,26095,27614
"2375",2023-02-10,0,13,"arkhe",FALSE,13,26108,27627
"2376",2023-02-11,0,14,"arkhe",FALSE,14,26122,27641
"2377",2023-02-12,0,9,"arkhe",FALSE,9,26131,27650
"2378",2023-02-13,0,10,"arkhe",FALSE,10,26141,27660
"2379",2023-02-14,0,54,"arkhe",FALSE,54,26195,27714
"2380",2023-02-15,0,25,"arkhe",FALSE,25,26220,27739
"2381",2023-02-16,0,9,"arkhe",FALSE,9,26229,27748
"2382",2023-02-17,0,23,"arkhe",FALSE,23,26252,27771
"2383",2023-02-18,0,4,"arkhe",FALSE,4,26256,27775
"2384",2023-02-19,2,14,"arkhe",FALSE,12,26268,27789
"2385",2023-02-20,0,14,"arkhe",FALSE,14,26282,27803
"2386",2023-02-21,0,19,"arkhe",FALSE,19,26301,27822
"2387",2023-02-22,0,30,"arkhe",FALSE,30,26331,27852
"2388",2023-02-23,1,25,"arkhe",FALSE,24,26355,27877
"2389",2023-02-24,0,12,"arkhe",FALSE,12,26367,27889
"2390",2023-02-25,0,3,"arkhe",FALSE,3,26370,27892
"2391",2023-02-26,0,8,"arkhe",FALSE,8,26378,27900
"2392",2023-02-27,0,23,"arkhe",FALSE,23,26401,27923
"2393",2023-02-28,0,14,"arkhe",FALSE,14,26415,27937
"2394",2023-03-01,0,15,"arkhe",FALSE,15,26430,27952
"2395",2023-03-02,0,17,"arkhe",FALSE,17,26447,27969
"2396",2023-03-03,0,11,"arkhe",FALSE,11,26458,27980
"2397",2023-03-04,0,15,"arkhe",FALSE,15,26473,27995
"2398",2023-03-05,0,15,"arkhe",FALSE,15,26488,28010
"2399",2023-03-06,0,17,"arkhe",FALSE,17,26505,28027
"2400",2023-03-07,0,13,"arkhe",FALSE,13,26518,28040
"2401",2023-03-08,0,16,"arkhe",FALSE,16,26534,28056
"2402",2023-03-09,3,33,"arkhe",FALSE,30,26564,28089
"2403",2023-03-10,2,39,"arkhe",FALSE,37,26601,28128
"2404",2023-03-11,0,13,"arkhe",FALSE,13,26614,28141
"2405",2023-03-12,0,12,"arkhe",FALSE,12,26626,28153
"2406",2023-03-13,0,26,"arkhe",FALSE,26,26652,28179
"2407",2023-03-14,0,11,"arkhe",FALSE,11,26663,28190
"2408",2023-03-15,5,37,"arkhe",FALSE,32,26695,28227
"2409",2023-03-16,1,31,"arkhe",FALSE,30,26725,28258
"2410",2023-03-17,0,20,"arkhe",FALSE,20,26745,28278
"2411",2023-03-18,2,17,"arkhe",FALSE,15,26760,28295
"2412",2023-03-19,0,15,"arkhe",FALSE,15,26775,28310
"2413",2023-03-20,0,27,"arkhe",FALSE,27,26802,28337
"2414",2023-03-21,0,23,"arkhe",FALSE,23,26825,28360
"2415",2023-03-22,2,32,"arkhe",FALSE,30,26855,28392
"2416",2023-03-23,0,9,"arkhe",FALSE,9,26864,28401
"2417",2023-03-24,0,16,"arkhe",FALSE,16,26880,28417
"2418",2023-03-25,0,9,"arkhe",FALSE,9,26889,28426
"2419",2023-03-26,0,13,"arkhe",FALSE,13,26902,28439
"2420",2023-03-27,0,30,"arkhe",FALSE,30,26932,28469
"2421",2023-03-28,0,27,"arkhe",FALSE,27,26959,28496
"2422",2023-03-29,2,30,"arkhe",FALSE,28,26987,28526
"2423",2023-03-30,0,23,"arkhe",FALSE,23,27010,28549
"2424",2023-03-31,0,9,"arkhe",FALSE,9,27019,28558
"2425",2023-04-01,0,17,"arkhe",FALSE,17,27036,28575
"2426",2023-04-02,0,7,"arkhe",FALSE,7,27043,28582
"2427",2023-04-03,0,20,"arkhe",FALSE,20,27063,28602
"2428",2023-04-04,0,18,"arkhe",FALSE,18,27081,28620
"2429",2023-04-05,0,21,"arkhe",FALSE,21,27102,28641
"2430",2023-04-06,0,22,"arkhe",FALSE,22,27124,28663
"2431",2023-04-07,0,23,"arkhe",FALSE,23,27147,28686
"2432",2023-04-08,0,13,"arkhe",FALSE,13,27160,28699
"2433",2023-04-09,0,10,"arkhe",FALSE,10,27170,28709
"2434",2023-04-10,0,13,"arkhe",FALSE,13,27183,28722
"2435",2023-04-11,0,17,"arkhe",FALSE,17,27200,28739
"2436",2023-04-12,2,40,"arkhe",FALSE,38,27238,28779
"2437",2023-04-13,0,19,"arkhe",FALSE,19,27257,28798
"2438",2023-04-14,0,31,"arkhe",FALSE,31,27288,28829
"2439",2023-04-15,0,8,"arkhe",FALSE,8,27296,28837
"2440",2023-04-16,0,9,"arkhe",FALSE,9,27305,28846
"2441",2023-04-17,0,18,"arkhe",FALSE,18,27323,28864
"2442",2023-04-18,0,20,"arkhe",FALSE,20,27343,28884
"2443",2023-04-19,5,60,"arkhe",FALSE,55,27398,28944
"2444",2023-04-20,0,18,"arkhe",FALSE,18,27416,28962
"2445",2023-04-21,0,23,"arkhe",FALSE,23,27439,28985
"2446",2023-04-22,0,19,"arkhe",FALSE,19,27458,29004
"2447",2023-04-23,0,7,"arkhe",FALSE,7,27465,29011
"2448",2023-04-24,0,20,"arkhe",FALSE,20,27485,29031
"2449",2023-04-25,0,14,"arkhe",FALSE,14,27499,29045
"2450",2023-04-26,2,37,"arkhe",FALSE,35,27534,29082
"2451",2023-04-27,0,27,"arkhe",FALSE,27,27561,29109
"2452",2023-04-28,0,14,"arkhe",FALSE,14,27575,29123
"2453",2023-04-29,0,4,"arkhe",FALSE,4,27579,29127
"2454",2023-04-30,0,6,"arkhe",FALSE,6,27585,29133
"2455",2023-05-01,0,13,"arkhe",FALSE,13,27598,29146
"2456",2023-05-02,0,15,"arkhe",FALSE,15,27613,29161
"2457",2023-05-03,2,33,"arkhe",FALSE,31,27644,29194
"2458",2023-05-04,0,6,"arkhe",FALSE,6,27650,29200
"2459",2023-05-05,1,20,"arkhe",FALSE,19,27669,29220
"2460",2023-05-06,0,16,"arkhe",FALSE,16,27685,29236
"2461",2023-05-07,0,10,"arkhe",FALSE,10,27695,29246
"2462",2023-05-08,0,49,"arkhe",FALSE,49,27744,29295
"2463",2023-05-09,0,17,"arkhe",FALSE,17,27761,29312
"2464",2023-05-10,2,43,"arkhe",FALSE,41,27802,29355
"2465",2023-05-11,0,24,"arkhe",TRUE,2,27804,29379
"2466",2023-05-12,0,47,"arkhe",FALSE,2,27806,29426
"2467",2023-05-13,0,18,"arkhe",FALSE,18,27824,29444
"2468",2023-05-14,0,22,"arkhe",FALSE,22,27846,29466
"2469",2023-05-15,1,53,"arkhe",FALSE,52,27898,29519
"2470",2023-05-16,0,46,"arkhe",FALSE,46,27944,29565
"2471",2023-05-17,2,39,"arkhe",FALSE,37,27981,29604
"2472",2023-05-18,0,19,"arkhe",FALSE,19,28000,29623
"2473",2023-05-19,0,10,"arkhe",FALSE,10,28010,29633
"2474",2023-05-20,0,25,"arkhe",FALSE,25,28035,29658
"2475",2023-05-21,0,16,"arkhe",FALSE,16,28051,29674
"2476",2023-05-22,0,18,"arkhe",FALSE,18,28069,29692
"2477",2023-05-23,0,24,"arkhe",FALSE,24,28093,29716
"2478",2023-05-24,2,41,"arkhe",FALSE,39,28132,29757
"2479",2023-05-25,0,19,"arkhe",FALSE,19,28151,29776
"2480",2023-05-26,0,25,"arkhe",FALSE,25,28176,29801
"2481",2023-05-27,0,12,"arkhe",FALSE,12,28188,29813
"2482",2023-05-28,0,9,"arkhe",FALSE,9,28197,29822
"2483",2023-05-29,0,13,"arkhe",FALSE,13,28210,29835
"2484",2023-05-30,0,17,"arkhe",FALSE,17,28227,29852
"2485",2023-05-31,0,35,"arkhe",FALSE,35,28262,29887
"2486",2023-06-01,0,26,"arkhe",FALSE,26,28288,29913
"2487",2023-06-02,0,32,"arkhe",FALSE,32,28320,29945
"2488",2023-06-03,0,12,"arkhe",FALSE,12,28332,29957
"2489",2023-06-04,0,11,"arkhe",FALSE,11,28343,29968
"2490",2023-06-05,0,13,"arkhe",FALSE,13,28356,29981
"2491",2023-06-06,0,15,"arkhe",FALSE,15,28371,29996
"2492",2023-06-07,0,15,"arkhe",FALSE,15,28386,30011
"2493",2023-06-08,2,29,"arkhe",FALSE,27,28413,30040
"2494",2023-06-09,0,16,"arkhe",FALSE,16,28429,30056
"2495",2023-06-10,0,8,"arkhe",FALSE,8,28437,30064
"2496",2023-06-11,0,10,"arkhe",FALSE,10,28447,30074
"2497",2023-06-12,0,19,"arkhe",FALSE,19,28466,30093
"2498",2023-06-13,0,32,"arkhe",FALSE,32,28498,30125
"2499",2023-06-14,0,14,"arkhe",FALSE,14,28512,30139
"2500",2023-06-15,2,28,"arkhe",FALSE,26,28538,30167
"2501",2023-06-16,0,9,"arkhe",FALSE,9,28547,30176
"2502",2023-06-17,0,9,"arkhe",FALSE,9,28556,30185
"2503",2023-06-18,0,8,"arkhe",FALSE,8,28564,30193
"2504",2023-06-19,0,13,"arkhe",FALSE,13,28577,30206
"2505",2023-06-20,0,21,"arkhe",FALSE,21,28598,30227
"2506",2023-06-21,1,23,"arkhe",FALSE,22,28620,30250
"2507",2023-06-22,0,15,"arkhe",FALSE,15,28635,30265
"2508",2023-06-23,0,21,"arkhe",FALSE,21,28656,30286
"2509",2023-06-24,0,11,"arkhe",FALSE,11,28667,30297
"2510",2023-06-25,0,8,"arkhe",FALSE,8,28675,30305
"2511",2023-06-26,0,19,"arkhe",FALSE,19,28694,30324
"2512",2023-06-27,0,38,"arkhe",FALSE,38,28732,30362
"2513",2023-06-28,2,53,"arkhe",FALSE,51,28783,30415
"2514",2023-06-29,0,61,"arkhe",FALSE,61,28844,30476
"2515",2023-06-30,0,13,"arkhe",FALSE,13,28857,30489
"2516",2023-07-01,0,10,"arkhe",FALSE,10,28867,30499
"2517",2023-07-02,0,8,"arkhe",FALSE,8,28875,30507
"2518",2023-07-03,0,19,"arkhe",FALSE,19,28894,30526
"2519",2023-07-04,0,18,"arkhe",FALSE,18,28912,30544
"2520",2023-07-05,1,24,"arkhe",FALSE,23,28935,30568
"2521",2023-07-06,0,22,"arkhe",FALSE,22,28957,30590
"2522",2023-07-07,0,26,"arkhe",FALSE,26,28983,30616
"2523",2023-07-08,0,10,"arkhe",FALSE,10,28993,30626
"2524",2023-07-09,0,7,"arkhe",FALSE,7,29000,30633
"2525",2023-07-10,0,21,"arkhe",FALSE,21,29021,30654
"2526",2023-07-11,0,18,"arkhe",FALSE,18,29039,30672
"2527",2023-07-12,2,36,"arkhe",FALSE,34,29073,30708
"2528",2023-07-13,0,15,"arkhe",FALSE,15,29088,30723
"2529",2023-07-14,0,11,"arkhe",FALSE,11,29099,30734
"2530",2023-07-15,0,14,"arkhe",FALSE,14,29113,30748
"2531",2023-07-16,0,7,"arkhe",FALSE,7,29120,30755
"2532",2023-07-17,0,14,"arkhe",FALSE,14,29134,30769
"2533",2023-07-18,0,18,"arkhe",FALSE,18,29152,30787
"2534",2023-07-19,2,33,"arkhe",FALSE,31,29183,30820
"2535",2023-07-20,0,17,"arkhe",FALSE,17,29200,30837
"2536",2023-07-21,0,16,"arkhe",FALSE,16,29216,30853
"2537",2023-07-22,0,7,"arkhe",FALSE,7,29223,30860
"2538",2023-07-23,0,9,"arkhe",FALSE,9,29232,30869
"2539",2023-07-24,0,12,"arkhe",FALSE,12,29244,30881
"2540",2023-07-25,0,27,"arkhe",FALSE,27,29271,30908
"2541",2023-07-26,2,38,"arkhe",FALSE,36,29307,30946
"2542",2023-07-27,0,20,"arkhe",FALSE,20,29327,30966
"2543",2023-07-28,0,8,"arkhe",FALSE,8,29335,30974
"2544",2023-07-29,0,8,"arkhe",FALSE,8,29343,30982
"2545",2023-07-30,0,9,"arkhe",FALSE,9,29352,30991
"2546",2023-07-31,0,13,"arkhe",FALSE,13,29365,31004
"2547",2023-08-01,0,23,"arkhe",FALSE,23,29388,31027
"2548",2023-08-02,0,16,"arkhe",FALSE,16,29404,31043
"2549",2023-08-03,2,29,"arkhe",FALSE,27,29431,31072
"2550",2023-08-04,0,11,"arkhe",FALSE,11,29442,31083
"2551",2023-08-05,0,6,"arkhe",FALSE,6,29448,31089
"2552",2023-08-06,0,11,"arkhe",FALSE,11,29459,31100
"2553",2023-08-07,0,10,"arkhe",FALSE,10,29469,31110
"2554",2023-08-08,0,15,"arkhe",FALSE,15,29484,31125
"2555",2023-08-09,2,30,"arkhe",FALSE,28,29512,31155
"2556",2023-08-10,0,17,"arkhe",FALSE,17,29529,31172
"2557",2023-08-11,0,10,"arkhe",FALSE,10,29539,31182
"2558",2023-08-12,0,9,"arkhe",FALSE,9,29548,31191
"2559",2023-08-13,0,5,"arkhe",FALSE,5,29553,31196
"2560",2023-08-14,0,13,"arkhe",FALSE,13,29566,31209
"2561",2023-08-15,0,14,"arkhe",FALSE,14,29580,31223
"2562",2023-08-16,1,37,"arkhe",FALSE,36,29616,31260
"2563",2023-08-17,0,21,"arkhe",FALSE,21,29637,31281
"2564",2023-08-18,0,14,"arkhe",FALSE,14,29651,31295
"2565",2023-08-19,0,13,"arkhe",FALSE,13,29664,31308
"2566",2023-08-20,0,6,"arkhe",FALSE,6,29670,31314
"2567",2023-08-21,0,12,"arkhe",FALSE,12,29682,31326
"2568",2023-08-22,0,12,"arkhe",FALSE,12,29694,31338
"2569",2023-08-23,2,40,"arkhe",FALSE,38,29732,31378
"2570",2023-08-24,0,18,"arkhe",FALSE,18,29750,31396
"2571",2023-08-25,0,16,"arkhe",FALSE,16,29766,31412
"2572",2023-08-26,0,14,"arkhe",FALSE,14,29780,31426
"2573",2023-08-27,0,16,"arkhe",FALSE,16,29796,31442
"2574",2023-08-28,0,17,"arkhe",FALSE,17,29813,31459
"2575",2023-08-29,0,37,"arkhe",FALSE,37,29850,31496
"2576",2023-08-30,2,67,"arkhe",FALSE,65,29915,31563
"2577",2023-08-31,0,12,"arkhe",FALSE,12,29927,31575
"2578",2023-09-01,0,41,"arkhe",TRUE,2,29929,31616
"2579",2023-09-02,0,31,"arkhe",FALSE,2,29931,31647
"2580",2023-09-03,0,38,"arkhe",FALSE,38,29969,31685
"2581",2023-09-04,0,42,"arkhe",FALSE,42,30011,31727
"2582",2023-09-05,0,22,"arkhe",FALSE,22,30033,31749
"2583",2023-09-06,1,49,"arkhe",FALSE,48,30081,31798
"2584",2023-09-07,0,20,"arkhe",FALSE,20,30101,31818
"2585",2023-09-08,0,20,"arkhe",FALSE,20,30121,31838
"2586",2023-09-09,0,20,"arkhe",FALSE,20,30141,31858
"2587",2023-09-10,0,9,"arkhe",FALSE,9,30150,31867
"2588",2023-09-11,0,13,"arkhe",FALSE,13,30163,31880
"2589",2023-09-12,0,31,"arkhe",FALSE,31,30194,31911
"2590",2023-09-13,0,24,"arkhe",FALSE,24,30218,31935
"2591",2023-09-14,0,10,"arkhe",FALSE,10,30228,31945
"2592",2023-09-15,0,30,"arkhe",FALSE,30,30258,31975
"2593",2023-09-16,0,20,"arkhe",FALSE,20,30278,31995
"2594",2023-09-17,0,5,"arkhe",FALSE,5,30283,32000
"2595",2023-09-18,0,18,"arkhe",FALSE,18,30301,32018
"2596",2023-09-19,0,31,"arkhe",FALSE,31,30332,32049
"2597",2023-09-20,0,21,"arkhe",FALSE,21,30353,32070
"2598",2023-09-21,0,16,"arkhe",FALSE,16,30369,32086
"2599",2023-09-22,0,69,"arkhe",FALSE,69,30438,32155
"2600",2023-09-23,0,21,"arkhe",FALSE,21,30459,32176
"2601",2023-09-24,0,5,"arkhe",FALSE,5,30464,32181
"2602",2023-09-25,0,26,"arkhe",FALSE,26,30490,32207
"2603",2023-09-26,0,23,"arkhe",FALSE,23,30513,32230
"2604",2023-09-27,2,38,"arkhe",FALSE,36,30549,32268
"2605",2023-09-28,0,24,"arkhe",FALSE,24,30573,32292
"2606",2023-09-29,0,21,"arkhe",FALSE,21,30594,32313
"2607",2023-09-30,0,11,"arkhe",FALSE,11,30605,32324
"2608",2023-10-01,0,8,"arkhe",FALSE,8,30613,32332
"2609",2023-10-02,0,23,"arkhe",FALSE,23,30636,32355
"2610",2023-10-03,0,17,"arkhe",FALSE,17,30653,32372
"2611",2023-10-04,1,39,"arkhe",FALSE,38,30691,32411
"2612",2023-10-05,0,35,"arkhe",FALSE,35,30726,32446
"2613",2023-10-06,0,14,"arkhe",FALSE,14,30740,32460
"2614",2023-10-07,0,10,"arkhe",FALSE,10,30750,32470
"2615",2023-10-08,0,16,"arkhe",FALSE,16,30766,32486
"2616",2023-10-09,0,18,"arkhe",FALSE,18,30784,32504
"2617",2023-10-10,0,16,"arkhe",FALSE,16,30800,32520
"2618",2023-10-11,0,24,"arkhe",FALSE,24,30824,32544
"2619",2023-10-12,0,37,"arkhe",FALSE,37,30861,32581
"2620",2023-10-13,0,19,"arkhe",FALSE,19,30880,32600
"2621",2023-10-14,0,25,"arkhe",FALSE,25,30905,32625
"2622",2023-10-15,0,22,"arkhe",FALSE,22,30927,32647
"2623",2023-10-16,0,20,"arkhe",FALSE,20,30947,32667
"2624",2023-10-17,0,17,"arkhe",FALSE,17,30964,32684
"2625",2023-10-18,1,46,"arkhe",FALSE,45,31009,32730
"2626",2023-10-19,0,22,"arkhe",FALSE,22,31031,32752
"2627",2023-10-20,0,20,"arkhe",FALSE,20,31051,32772
"2628",2023-10-21,0,11,"arkhe",FALSE,11,31062,32783
"2629",2023-10-22,0,40,"arkhe",FALSE,40,31102,32823
"2630",2023-10-23,0,18,"arkhe",FALSE,18,31120,32841
"2631",2023-10-24,0,21,"arkhe",FALSE,21,31141,32862
"2632",2023-10-25,1,33,"arkhe",FALSE,32,31173,32895
"2633",2023-10-26,0,30,"arkhe",FALSE,30,31203,32925
"2634",2023-10-27,0,22,"arkhe",FALSE,22,31225,32947
"2635",2023-10-28,0,8,"arkhe",FALSE,8,31233,32955
"2636",2023-10-29,0,10,"arkhe",FALSE,10,31243,32965
"2637",2023-10-30,0,19,"arkhe",FALSE,19,31262,32984
"2638",2023-10-31,0,22,"arkhe",FALSE,22,31284,33006
"2639",2023-11-01,1,27,"arkhe",FALSE,26,31310,33033
"2640",2023-11-02,0,21,"arkhe",FALSE,21,31331,33054
"2641",2023-11-03,0,21,"arkhe",FALSE,21,31352,33075
"2642",2023-11-04,0,16,"arkhe",FALSE,16,31368,33091
"2643",2023-11-05,0,9,"arkhe",FALSE,9,31377,33100
"2644",2023-11-06,0,19,"arkhe",FALSE,19,31396,33119
"2645",2023-11-07,0,14,"arkhe",FALSE,14,31410,33133
"2646",2023-11-08,2,49,"arkhe",FALSE,47,31457,33182
"2647",2023-11-09,0,22,"arkhe",FALSE,22,31479,33204
"2648",2023-11-10,0,13,"arkhe",FALSE,13,31492,33217
"2649",2023-11-11,0,6,"arkhe",FALSE,6,31498,33223
"2650",2023-11-12,0,9,"arkhe",FALSE,9,31507,33232
"2651",2023-11-13,0,20,"arkhe",FALSE,20,31527,33252
"2652",2023-11-14,0,23,"arkhe",FALSE,23,31550,33275
"2653",2023-11-15,2,37,"arkhe",FALSE,35,31585,33312
"2654",2023-11-16,0,23,"arkhe",FALSE,23,31608,33335
"2655",2023-11-17,0,59,"arkhe",TRUE,2,31610,33394
"2656",2023-11-18,0,21,"arkhe",FALSE,2,31612,33415
"2657",2023-11-19,0,34,"arkhe",FALSE,34,31646,33449
"2658",2023-11-20,0,99,"arkhe",FALSE,99,31745,33548
"2659",2023-11-21,0,21,"arkhe",FALSE,21,31766,33569
"2660",2023-11-22,1,35,"arkhe",FALSE,34,31800,33604
"2661",2023-11-23,0,25,"arkhe",FALSE,25,31825,33629
"2662",2023-11-24,0,34,"arkhe",FALSE,34,31859,33663
"2663",2023-11-25,0,23,"arkhe",FALSE,23,31882,33686
"2664",2023-11-26,0,40,"arkhe",FALSE,40,31922,33726
"2665",2023-11-27,0,34,"arkhe",FALSE,34,31956,33760
"2666",2023-11-28,0,24,"arkhe",FALSE,24,31980,33784
"2667",2023-11-29,3,63,"arkhe",FALSE,60,32040,33847
"2668",2023-11-30,0,33,"arkhe",FALSE,33,32073,33880
"2669",2023-12-01,0,25,"arkhe",FALSE,25,32098,33905
"2670",2023-12-02,0,20,"arkhe",FALSE,20,32118,33925
"2671",2023-12-03,0,13,"arkhe",FALSE,13,32131,33938
"2672",2023-12-04,0,30,"arkhe",FALSE,30,32161,33968
"2673",2023-12-05,0,27,"arkhe",FALSE,27,32188,33995
"2674",2023-12-06,2,55,"arkhe",FALSE,53,32241,34050
"2675",2023-12-07,0,32,"arkhe",FALSE,32,32273,34082
"2676",2023-12-08,0,11,"arkhe",FALSE,11,32284,34093
"2677",2023-12-09,0,13,"arkhe",FALSE,13,32297,34106
"2678",2023-12-10,0,25,"arkhe",FALSE,25,32322,34131
"2679",2023-12-11,0,21,"arkhe",FALSE,21,32343,34152
"2680",2023-12-12,0,30,"arkhe",FALSE,30,32373,34182
"2681",2023-12-13,0,20,"arkhe",FALSE,20,32393,34202
"2682",2023-12-14,0,20,"arkhe",FALSE,20,32413,34222
"2683",2023-12-15,2,48,"arkhe",FALSE,46,32459,34270
"2684",2023-12-16,0,9,"arkhe",FALSE,9,32468,34279
"2685",2023-12-17,0,11,"arkhe",FALSE,11,32479,34290
"2686",2023-12-18,0,21,"arkhe",FALSE,21,32500,34311
"2687",2023-12-19,0,24,"arkhe",FALSE,24,32524,34335
"2688",2023-12-20,0,38,"arkhe",FALSE,38,32562,34373
"2689",2023-12-21,0,20,"arkhe",FALSE,20,32582,34393
"2690",2023-12-22,0,10,"arkhe",FALSE,10,32592,34403
"2691",2023-12-23,0,7,"arkhe",FALSE,7,32599,34410
"2692",2023-12-24,0,24,"arkhe",FALSE,24,32623,34434
"2693",2023-12-25,0,21,"arkhe",FALSE,21,32644,34455
"2694",2023-12-26,0,9,"arkhe",FALSE,9,32653,34464
"2695",2023-12-27,2,43,"arkhe",FALSE,41,32694,34507
"2696",2023-12-28,0,15,"arkhe",FALSE,15,32709,34522
"2697",2023-12-29,0,11,"arkhe",FALSE,11,32720,34533
"2698",2023-12-30,0,3,"arkhe",FALSE,3,32723,34536
"2699",2023-12-31,0,12,"arkhe",FALSE,12,32735,34548
"2700",2024-01-01,0,8,"arkhe",FALSE,8,32743,34556
"2701",2024-01-02,0,10,"arkhe",FALSE,10,32753,34566
"2702",2024-01-03,1,42,"arkhe",FALSE,41,32794,34608
"2703",2024-01-04,0,9,"arkhe",FALSE,9,32803,34617
"2704",2024-01-05,0,11,"arkhe",FALSE,11,32814,34628
"2705",2024-01-06,0,16,"arkhe",FALSE,16,32830,34644
"2706",2024-01-07,0,11,"arkhe",FALSE,11,32841,34655
"2707",2024-01-08,0,25,"arkhe",FALSE,25,32866,34680
"2708",2024-01-09,0,15,"arkhe",FALSE,15,32881,34695
"2709",2024-01-10,2,43,"arkhe",FALSE,41,32922,34738
"2710",2024-01-11,0,23,"arkhe",FALSE,23,32945,34761
"2711",2024-01-12,0,44,"arkhe",FALSE,44,32989,34805
"2712",2024-01-13,0,6,"arkhe",FALSE,6,32995,34811
"2713",2024-01-14,0,16,"arkhe",FALSE,16,33011,34827
"2714",2024-01-15,0,15,"arkhe",FALSE,15,33026,34842
"2715",2024-01-16,0,20,"arkhe",FALSE,20,33046,34862
"2716",2024-01-17,2,49,"arkhe",FALSE,47,33093,34911
"2717",2024-01-18,0,24,"arkhe",FALSE,24,33117,34935
"2718",2024-01-19,0,35,"arkhe",TRUE,2,33119,34970
"2719",2024-01-20,0,58,"arkhe",FALSE,2,33121,35028
"2720",2024-01-21,0,24,"arkhe",FALSE,24,33145,35052
"2721",2024-01-22,0,39,"arkhe",FALSE,39,33184,35091
"2722",2024-01-23,0,65,"arkhe",FALSE,65,33249,35156
"2723",2024-01-24,6,171,"arkhe",FALSE,165,33414,35327
"2724",2024-01-25,1,156,"arkhe",FALSE,155,33569,35483
"2725",2024-01-26,0,29,"arkhe",FALSE,29,33598,35512
"2726",2024-01-27,0,7,"arkhe",FALSE,7,33605,35519
"2727",2024-01-28,0,7,"arkhe",FALSE,7,33612,35526
"2728",2024-01-29,0,48,"arkhe",FALSE,48,33660,35574
"2729",2024-01-30,0,46,"arkhe",FALSE,46,33706,35620
"2730",2024-01-31,2,54,"arkhe",FALSE,52,33758,35674
"2731",2024-02-01,0,26,"arkhe",FALSE,26,33784,35700
"2732",2024-02-02,0,23,"arkhe",FALSE,23,33807,35723
"2733",2024-02-03,0,25,"arkhe",FALSE,25,33832,35748
"2734",2024-02-04,0,20,"arkhe",FALSE,20,33852,35768
"2735",2024-02-05,0,32,"arkhe",FALSE,32,33884,35800
"2736",2024-02-06,0,13,"arkhe",FALSE,13,33897,35813
"2737",2024-02-07,2,44,"arkhe",FALSE,42,33939,35857
"2738",2024-02-08,0,27,"arkhe",FALSE,27,33966,35884
"2739",2024-02-09,0,19,"arkhe",FALSE,19,33985,35903
"2740",2024-02-10,0,6,"arkhe",FALSE,6,33991,35909
"2741",2024-02-11,0,16,"arkhe",FALSE,16,34007,35925
"2742",2024-02-12,0,13,"arkhe",FALSE,13,34020,35938
"2743",2024-02-13,0,24,"arkhe",FALSE,24,34044,35962
"2744",2024-02-14,2,48,"arkhe",FALSE,46,34090,36010
"2745",2024-02-15,0,11,"arkhe",FALSE,11,34101,36021
"2746",2024-02-16,0,21,"arkhe",FALSE,21,34122,36042
"2747",2024-02-17,0,17,"arkhe",FALSE,17,34139,36059
"2748",2024-02-18,0,8,"arkhe",FALSE,8,34147,36067
"2749",2024-02-19,0,18,"arkhe",FALSE,18,34165,36085
"2750",2024-02-20,0,33,"arkhe",FALSE,33,34198,36118
"2751",2024-02-21,2,37,"arkhe",FALSE,35,34233,36155
"2752",2024-02-22,0,48,"arkhe",TRUE,2,34235,36203
"2753",2024-02-23,0,106,"arkhe",FALSE,2,34237,36309
"2754",2024-02-24,1,30,"arkhe",FALSE,29,34266,36339
"2755",2024-02-25,0,16,"arkhe",FALSE,16,34282,36355
"2756",2024-02-26,0,38,"arkhe",FALSE,38,34320,36393
"2757",2024-02-27,0,41,"arkhe",FALSE,41,34361,36434
"2758",2024-02-28,2,63,"arkhe",FALSE,61,34422,36497
"2759",2024-02-29,0,32,"arkhe",FALSE,32,34454,36529
"2760",2024-03-01,0,42,"arkhe",FALSE,42,34496,36571
"2761",2024-03-02,0,17,"arkhe",FALSE,17,34513,36588
"2762",2024-03-03,0,30,"arkhe",FALSE,30,34543,36618
"2763",2024-03-04,0,43,"arkhe",FALSE,43,34586,36661
"2764",2024-03-05,0,44,"arkhe",FALSE,44,34630,36705
"2765",2024-03-06,2,47,"arkhe",FALSE,45,34675,36752
"2766",2024-03-07,0,28,"arkhe",FALSE,28,34703,36780
"2767",2024-03-08,0,27,"arkhe",FALSE,27,34730,36807
"2768",2024-03-09,0,12,"arkhe",FALSE,12,34742,36819
"2769",2024-03-10,0,27,"arkhe",FALSE,27,34769,36846
"2770",2024-03-11,0,20,"arkhe",FALSE,20,34789,36866
"2771",2024-03-12,0,22,"arkhe",FALSE,22,34811,36888
"2772",2024-03-13,2,65,"arkhe",FALSE,63,34874,36953
"2773",2024-03-14,0,18,"arkhe",FALSE,18,34892,36971
"2774",2024-03-15,0,20,"arkhe",FALSE,20,34912,36991
"2775",2024-03-16,0,27,"arkhe",FALSE,27,34939,37018
"2776",2024-03-17,0,12,"arkhe",FALSE,12,34951,37030
"2777",2024-03-18,0,22,"arkhe",FALSE,22,34973,37052
"2778",2024-03-19,0,32,"arkhe",FALSE,32,35005,37084
"2779",2024-03-20,0,15,"arkhe",FALSE,15,35020,37099
"2780",2024-03-21,2,46,"arkhe",FALSE,44,35064,37145
"2781",2024-03-22,0,30,"arkhe",FALSE,30,35094,37175
"2782",2024-03-23,0,11,"arkhe",FALSE,11,35105,37186
"2783",2024-03-24,0,27,"arkhe",FALSE,27,35132,37213
"2784",2024-03-25,0,31,"arkhe",FALSE,31,35163,37244
"2785",2024-03-26,0,22,"arkhe",FALSE,22,35185,37266
"2786",2024-03-27,2,46,"arkhe",FALSE,44,35229,37312
"2787",2024-03-28,0,49,"arkhe",FALSE,49,35278,37361
"2788",2024-03-29,0,16,"arkhe",FALSE,16,35294,37377
"2789",2024-03-30,0,18,"arkhe",FALSE,18,35312,37395
"2790",2024-03-31,0,9,"arkhe",FALSE,9,35321,37404
"2791",2024-04-01,0,20,"arkhe",FALSE,20,35341,37424
"2792",2024-04-02,0,32,"arkhe",FALSE,32,35373,37456
"2793",2024-04-03,2,54,"arkhe",FALSE,52,35425,37510
"2794",2024-04-04,0,22,"arkhe",FALSE,22,35447,37532
"2795",2024-04-05,0,27,"arkhe",FALSE,27,35474,37559
"2796",2024-04-06,0,4,"arkhe",FALSE,4,35478,37563
"2797",2024-04-07,0,7,"arkhe",FALSE,7,35485,37570
"2798",2024-04-08,0,23,"arkhe",FALSE,23,35508,37593
"2799",2024-04-09,0,24,"arkhe",FALSE,24,35532,37617
"2800",2024-04-10,2,51,"arkhe",FALSE,49,35581,37668
"2801",2024-04-11,0,21,"arkhe",FALSE,21,35602,37689
"2802",2024-04-12,0,12,"arkhe",FALSE,12,35614,37701
"2803",2024-04-13,0,9,"arkhe",FALSE,9,35623,37710
"2804",2024-04-14,0,11,"arkhe",FALSE,11,35634,37721
"2805",2024-04-15,0,28,"arkhe",FALSE,28,35662,37749
"2806",2024-04-16,0,9,"arkhe",FALSE,9,35671,37758
"2807",2024-04-17,2,60,"arkhe",FALSE,58,35729,37818
"2808",2024-04-18,0,16,"arkhe",FALSE,16,35745,37834
"2809",2024-04-19,0,13,"arkhe",FALSE,13,35758,37847
"2810",2024-04-20,0,25,"arkhe",FALSE,25,35783,37872
"2811",2024-04-21,0,9,"arkhe",FALSE,9,35792,37881
"2812",2024-04-22,0,21,"arkhe",FALSE,21,35813,37902
"2813",2024-04-23,0,19,"arkhe",FALSE,19,35832,37921
"2814",2024-04-24,0,24,"arkhe",FALSE,24,35856,37945
"2815",2024-04-25,0,44,"arkhe",FALSE,44,35900,37989
"2816",2024-04-26,0,29,"arkhe",FALSE,29,35929,38018
"2817",2024-04-27,0,16,"arkhe",FALSE,16,35945,38034
"2818",2024-04-28,0,10,"arkhe",FALSE,10,35955,38044
"2819",2024-04-29,0,26,"arkhe",FALSE,26,35981,38070
"2820",2024-04-30,0,31,"arkhe",FALSE,31,36012,38101
"2821",2024-05-01,2,39,"arkhe",FALSE,37,36049,38140
"2822",2024-05-02,0,38,"arkhe",FALSE,38,36087,38178
"2823",2024-05-03,0,24,"arkhe",FALSE,24,36111,38202
"2824",2024-05-04,0,11,"arkhe",FALSE,11,36122,38213
"2825",2024-05-05,0,14,"arkhe",FALSE,14,36136,38227
"2826",2024-05-06,0,33,"arkhe",FALSE,33,36169,38260
"2827",2024-05-07,0,23,"arkhe",FALSE,23,36192,38283
"2828",2024-05-08,2,62,"arkhe",FALSE,60,36252,38345
"2829",2024-05-09,0,27,"arkhe",FALSE,27,36279,38372
"2830",2024-05-10,0,19,"arkhe",FALSE,19,36298,38391
"2831",2024-05-11,0,13,"arkhe",FALSE,13,36311,38404
"2832",2024-05-12,0,20,"arkhe",FALSE,20,36331,38424
"2833",2024-05-13,0,14,"arkhe",FALSE,14,36345,38438
"2834",2024-05-14,0,14,"arkhe",FALSE,14,36359,38452
"2835",2024-05-15,2,53,"arkhe",FALSE,51,36410,38505
"2836",2024-05-16,0,21,"arkhe",FALSE,21,36431,38526
"2837",2024-05-17,0,15,"arkhe",FALSE,15,36446,38541
"2838",2024-05-18,0,7,"arkhe",FALSE,7,36453,38548
"2839",2024-05-19,0,14,"arkhe",FALSE,14,36467,38562
"2840",2024-05-20,0,19,"arkhe",FALSE,19,36486,38581
"2841",2024-05-21,0,18,"arkhe",FALSE,18,36504,38599
"2842",2024-05-22,2,53,"arkhe",FALSE,51,36555,38652
"2843",2024-05-23,0,15,"arkhe",FALSE,15,36570,38667
"2844",2024-05-24,0,13,"arkhe",FALSE,13,36583,38680
"2845",2024-05-25,0,15,"arkhe",FALSE,15,36598,38695
"2846",2024-05-26,0,13,"arkhe",FALSE,13,36611,38708
"2847",2024-05-27,0,9,"arkhe",FALSE,9,36620,38717
"2848",2024-05-28,0,19,"arkhe",FALSE,19,36639,38736
"2849",2024-05-29,2,55,"arkhe",FALSE,53,36692,38791
"2850",2024-05-30,0,17,"arkhe",FALSE,17,36709,38808
"2851",2024-05-31,0,22,"arkhe",FALSE,22,36731,38830
"2852",2024-06-01,0,26,"arkhe",FALSE,26,36757,38856
"2853",2024-06-02,0,22,"arkhe",FALSE,22,36779,38878
"2854",2024-06-03,0,17,"arkhe",FALSE,17,36796,38895
"2855",2024-06-04,0,37,"arkhe",FALSE,37,36833,38932
"2856",2024-06-05,2,53,"arkhe",FALSE,51,36884,38985
"2857",2024-06-06,0,18,"arkhe",FALSE,18,36902,39003
"2858",2024-06-07,0,22,"arkhe",FALSE,22,36924,39025
"2859",2024-06-08,0,12,"arkhe",FALSE,12,36936,39037
"2860",2024-06-09,0,6,"arkhe",FALSE,6,36942,39043
"2861",2024-06-10,0,23,"arkhe",FALSE,23,36965,39066
"2862",2024-06-11,0,30,"arkhe",FALSE,30,36995,39096
"2863",2024-06-12,2,40,"arkhe",FALSE,38,37033,39136
"2864",2024-06-13,0,13,"arkhe",FALSE,13,37046,39149
"2865",2024-06-14,0,18,"arkhe",FALSE,18,37064,39167
"2866",2024-06-15,0,6,"arkhe",FALSE,6,37070,39173
"2867",2024-06-16,0,19,"arkhe",FALSE,19,37089,39192
"2868",2024-06-17,0,17,"arkhe",FALSE,17,37106,39209
"2869",2024-06-18,0,9,"arkhe",FALSE,9,37115,39218
"2870",2024-06-19,2,57,"arkhe",FALSE,55,37170,39275
"2871",2024-06-20,0,14,"arkhe",FALSE,14,37184,39289
"2872",2024-06-21,0,17,"arkhe",FALSE,17,37201,39306
"2873",2024-06-22,0,22,"arkhe",FALSE,22,37223,39328
"2874",2024-06-23,0,14,"arkhe",FALSE,14,37237,39342
"2875",2024-06-24,0,22,"arkhe",FALSE,22,37259,39364
"2876",2024-06-25,0,22,"arkhe",FALSE,22,37281,39386
"2877",2024-06-26,0,49,"arkhe",FALSE,49,37330,39435
"2878",2024-06-27,0,28,"arkhe",FALSE,28,37358,39463
"2879",2024-06-28,0,14,"arkhe",FALSE,14,37372,39477
"2880",2024-06-29,0,8,"arkhe",FALSE,8,37380,39485
"2881",2024-06-30,0,10,"arkhe",FALSE,10,37390,39495
"2882",2024-07-01,0,31,"arkhe",FALSE,31,37421,39526
"2883",2024-07-02,0,12,"arkhe",FALSE,12,37433,39538
"2884",2024-07-03,2,48,"arkhe",FALSE,46,37479,39586
"2885",2024-07-04,0,33,"arkhe",FALSE,33,37512,39619
"2886",2024-07-05,0,13,"arkhe",FALSE,13,37525,39632
"2887",2024-07-06,0,3,"arkhe",FALSE,3,37528,39635
"2888",2024-07-07,0,4,"arkhe",FALSE,4,37532,39639
"2889",2024-07-08,0,16,"arkhe",FALSE,16,37548,39655
"2890",2024-07-09,0,12,"arkhe",FALSE,12,37560,39667
"2891",2024-07-10,0,29,"arkhe",FALSE,29,37589,39696
"2892",2024-07-11,0,23,"arkhe",FALSE,23,37612,39719
"2893",2024-07-12,0,15,"arkhe",FALSE,15,37627,39734
"2894",2024-07-13,0,6,"arkhe",FALSE,6,37633,39740
"2895",2024-07-14,0,10,"arkhe",FALSE,10,37643,39750
"2896",2024-07-15,0,17,"arkhe",FALSE,17,37660,39767
"2897",2024-07-16,0,18,"arkhe",FALSE,18,37678,39785
"2898",2024-07-17,2,46,"arkhe",FALSE,44,37722,39831
"2899",2024-07-18,0,22,"arkhe",FALSE,22,37744,39853
"2900",2024-07-19,0,10,"arkhe",FALSE,10,37754,39863
"2901",2024-07-20,0,4,"arkhe",FALSE,4,37758,39867
"2902",2024-07-21,0,5,"arkhe",FALSE,5,37763,39872
"2903",2024-07-22,0,19,"arkhe",FALSE,19,37782,39891
"2904",2024-07-23,0,40,"arkhe",FALSE,40,37822,39931
"2905",2024-07-24,2,57,"arkhe",FALSE,55,37877,39988
"2906",2024-07-25,0,14,"arkhe",FALSE,14,37891,40002
"2907",2024-07-26,0,23,"arkhe",FALSE,23,37914,40025
"2908",2024-07-27,0,3,"arkhe",FALSE,3,37917,40028
"2909",2024-07-28,0,11,"arkhe",FALSE,11,37928,40039
"2910",2024-07-29,0,47,"arkhe",TRUE,2,37930,40086
"2911",2024-07-30,0,74,"arkhe",FALSE,2,37932,40160
"2912",2024-07-31,0,51,"arkhe",FALSE,51,37983,40211
"2913",2024-08-01,0,92,"arkhe",FALSE,92,38075,40303
"2914",2024-08-02,0,14,"arkhe",FALSE,14,38089,40317
"2915",2024-08-03,0,15,"arkhe",FALSE,15,38104,40332
"2916",2024-08-04,0,34,"arkhe",FALSE,34,38138,40366
"2917",2024-08-05,0,33,"arkhe",FALSE,33,38171,40399
"2918",2024-08-06,0,29,"arkhe",FALSE,29,38200,40428
"2919",2024-08-07,0,37,"arkhe",FALSE,37,38237,40465
"2920",2024-08-08,2,51,"arkhe",FALSE,49,38286,40516
"2921",2024-08-09,0,13,"arkhe",FALSE,13,38299,40529
"2922",2024-08-10,0,20,"arkhe",FALSE,20,38319,40549
"2923",2024-08-11,0,26,"arkhe",FALSE,26,38345,40575
"2924",2024-08-12,0,39,"arkhe",FALSE,39,38384,40614
"2925",2024-08-13,0,40,"arkhe",FALSE,40,38424,40654
"2926",2024-08-14,0,43,"arkhe",FALSE,43,38467,40697
"2927",2024-08-15,2,83,"arkhe",FALSE,81,38548,40780
"2928",2024-08-16,0,33,"arkhe",FALSE,33,38581,40813
"2929",2024-08-17,0,25,"arkhe",FALSE,25,38606,40838
"2930",2024-08-18,0,20,"arkhe",FALSE,20,38626,40858
"2931",2024-08-19,0,35,"arkhe",FALSE,35,38661,40893
"2932",2024-08-20,0,39,"arkhe",FALSE,39,38700,40932
"2933",2024-08-21,0,56,"arkhe",FALSE,56,38756,40988
"2934",2024-08-22,0,73,"arkhe",FALSE,73,38829,41061
"2935",2024-08-23,0,43,"arkhe",FALSE,43,38872,41104
"2936",2024-08-24,0,44,"arkhe",FALSE,44,38916,41148
"2937",2024-08-25,0,10,"arkhe",FALSE,10,38926,41158
"2938",2024-08-26,0,24,"arkhe",FALSE,24,38950,41182
"2939",2024-08-27,0,35,"arkhe",FALSE,35,38985,41217
"2940",2024-08-28,2,49,"arkhe",FALSE,47,39032,41266
"2941",2024-08-29,0,24,"arkhe",FALSE,24,39056,41290
"2942",2024-08-30,0,40,"arkhe",FALSE,40,39096,41330
"2943",2024-08-31,0,15,"arkhe",FALSE,15,39111,41345
"2944",2024-09-01,0,8,"arkhe",FALSE,8,39119,41353
"2945",2024-09-02,0,44,"arkhe",FALSE,44,39163,41397
"2946",2024-09-03,0,28,"arkhe",FALSE,28,39191,41425
"2947",2024-09-04,2,54,"arkhe",FALSE,52,39243,41479
"2948",2024-09-05,0,38,"arkhe",FALSE,38,39281,41517
"2949",2024-09-06,0,18,"arkhe",FALSE,18,39299,41535
"2950",2024-09-07,0,14,"arkhe",FALSE,14,39313,41549
"2951",2024-09-08,0,27,"arkhe",FALSE,27,39340,41576
"2952",2024-09-09,0,25,"arkhe",FALSE,25,39365,41601
"2953",2024-09-10,0,25,"arkhe",FALSE,25,39390,41626
"2954",2024-09-11,3,73,"arkhe",FALSE,70,39460,41699
"2955",2024-09-12,0,31,"arkhe",FALSE,31,39491,41730
"2956",2024-09-13,0,14,"arkhe",FALSE,14,39505,41744
"2957",2024-09-14,0,25,"arkhe",FALSE,25,39530,41769
"2958",2024-09-15,0,8,"arkhe",FALSE,8,39538,41777
"2959",2024-09-16,0,15,"arkhe",FALSE,15,39553,41792
"2960",2024-09-17,0,34,"arkhe",FALSE,34,39587,41826
"2961",2024-09-18,2,47,"arkhe",FALSE,45,39632,41873
"2962",2024-09-19,0,23,"arkhe",FALSE,23,39655,41896
"2963",2024-09-20,0,33,"arkhe",FALSE,33,39688,41929
"2964",2024-09-21,0,20,"arkhe",FALSE,20,39708,41949
"2965",2024-09-22,0,6,"arkhe",FALSE,6,39714,41955
"2966",2024-09-23,0,30,"arkhe",FALSE,30,39744,41985
"2967",2024-09-24,0,29,"arkhe",FALSE,29,39773,42014
"2968",2024-09-25,0,21,"arkhe",FALSE,21,39794,42035
"2969",2024-09-26,1,78,"arkhe",FALSE,77,39871,42113
"2970",2024-09-27,0,28,"arkhe",FALSE,28,39899,42141
"2971",2024-09-28,0,0,"arkhe",FALSE,0,39899,42141
"2972",2024-09-29,0,0,"arkhe",FALSE,0,39899,42141
"2973",2021-04-21,2,0,"dimensio",FALSE,0,0,0
"2974",2021-04-22,0,10,"dimensio",TRUE,2,2,10
"2975",2021-04-23,0,6,"dimensio",FALSE,2,4,16
"2976",2021-04-24,0,18,"dimensio",FALSE,18,22,34
"2977",2021-04-25,0,5,"dimensio",FALSE,5,27,39
"2978",2021-04-26,0,34,"dimensio",FALSE,34,61,73
"2979",2021-04-27,0,22,"dimensio",FALSE,22,83,95
"2980",2021-04-28,4,36,"dimensio",FALSE,32,115,131
"2981",2021-04-29,0,9,"dimensio",FALSE,9,124,140
"2982",2021-04-30,0,8,"dimensio",FALSE,8,132,148
"2983",2021-05-01,0,27,"dimensio",FALSE,27,159,175
"2984",2021-05-02,0,7,"dimensio",FALSE,7,166,182
"2985",2021-05-03,0,16,"dimensio",FALSE,16,182,198
"2986",2021-05-04,0,28,"dimensio",FALSE,28,210,226
"2987",2021-05-05,2,11,"dimensio",FALSE,9,219,237
"2988",2021-05-06,1,18,"dimensio",FALSE,17,236,255
"2989",2021-05-07,0,14,"dimensio",FALSE,14,250,269
"2990",2021-05-08,1,11,"dimensio",FALSE,10,260,280
"2991",2021-05-09,0,4,"dimensio",FALSE,4,264,284
"2992",2021-05-10,1,15,"dimensio",FALSE,14,278,299
"2993",2021-05-11,0,22,"dimensio",FALSE,22,300,321
"2994",2021-05-12,5,35,"dimensio",FALSE,30,330,356
"2995",2021-05-13,0,12,"dimensio",FALSE,12,342,368
"2996",2021-05-14,0,24,"dimensio",FALSE,24,366,392
"2997",2021-05-15,0,7,"dimensio",FALSE,7,373,399
"2998",2021-05-16,0,16,"dimensio",FALSE,16,389,415
"2999",2021-05-17,0,17,"dimensio",TRUE,2,391,432
"3000",2021-05-18,4,46,"dimensio",FALSE,2,393,478
"3001",2021-05-19,3,30,"dimensio",FALSE,27,420,508
"3002",2021-05-20,1,51,"dimensio",FALSE,50,470,559
"3003",2021-05-21,0,23,"dimensio",FALSE,23,493,582
"3004",2021-05-22,0,34,"dimensio",FALSE,34,527,616
"3005",2021-05-23,0,9,"dimensio",FALSE,9,536,625
"3006",2021-05-24,0,26,"dimensio",FALSE,26,562,651
"3007",2021-05-25,0,50,"dimensio",FALSE,50,612,701
"3008",2021-05-26,4,21,"dimensio",FALSE,17,629,722
"3009",2021-05-27,0,14,"dimensio",FALSE,14,643,736
"3010",2021-05-28,0,36,"dimensio",FALSE,36,679,772
"3011",2021-05-29,0,4,"dimensio",FALSE,4,683,776
"3012",2021-05-30,0,24,"dimensio",FALSE,24,707,800
"3013",2021-05-31,0,11,"dimensio",FALSE,11,718,811
"3014",2021-06-01,0,28,"dimensio",FALSE,28,746,839
"3015",2021-06-02,2,13,"dimensio",FALSE,11,757,852
"3016",2021-06-03,0,18,"dimensio",FALSE,18,775,870
"3017",2021-06-04,0,4,"dimensio",FALSE,4,779,874
"3018",2021-06-05,0,3,"dimensio",FALSE,3,782,877
"3019",2021-06-06,0,21,"dimensio",FALSE,21,803,898
"3020",2021-06-07,0,21,"dimensio",FALSE,21,824,919
"3021",2021-06-08,0,21,"dimensio",FALSE,21,845,940
"3022",2021-06-09,4,9,"dimensio",FALSE,5,850,949
"3023",2021-06-10,0,11,"dimensio",FALSE,11,861,960
"3024",2021-06-11,0,11,"dimensio",FALSE,11,872,971
"3025",2021-06-12,0,9,"dimensio",FALSE,9,881,980
"3026",2021-06-13,0,9,"dimensio",FALSE,9,890,989
"3027",2021-06-14,0,12,"dimensio",FALSE,12,902,1001
"3028",2021-06-15,0,9,"dimensio",FALSE,9,911,1010
"3029",2021-06-16,4,19,"dimensio",FALSE,15,926,1029
"3030",2021-06-17,0,17,"dimensio",FALSE,17,943,1046
"3031",2021-06-18,0,17,"dimensio",FALSE,17,960,1063
"3032",2021-06-19,0,4,"dimensio",FALSE,4,964,1067
"3033",2021-06-20,0,14,"dimensio",FALSE,14,978,1081
"3034",2021-06-21,0,12,"dimensio",FALSE,12,990,1093
"3035",2021-06-22,4,16,"dimensio",FALSE,12,1002,1109
"3036",2021-06-23,4,11,"dimensio",FALSE,7,1009,1120
"3037",2021-06-24,0,26,"dimensio",FALSE,26,1035,1146
"3038",2021-06-25,0,7,"dimensio",FALSE,7,1042,1153
"3039",2021-06-26,0,14,"dimensio",FALSE,14,1056,1167
"3040",2021-06-27,0,6,"dimensio",FALSE,6,1062,1173
"3041",2021-06-28,0,30,"dimensio",FALSE,30,1092,1203
"3042",2021-06-29,0,9,"dimensio",FALSE,9,1101,1212
"3043",2021-06-30,4,19,"dimensio",FALSE,15,1116,1231
"3044",2021-07-01,0,13,"dimensio",FALSE,13,1129,1244
"3045",2021-07-02,0,17,"dimensio",FALSE,17,1146,1261
"3046",2021-07-03,0,11,"dimensio",FALSE,11,1157,1272
"3047",2021-07-04,0,37,"dimensio",FALSE,37,1194,1309
"3048",2021-07-05,0,24,"dimensio",FALSE,24,1218,1333
"3049",2021-07-06,1,13,"dimensio",FALSE,12,1230,1346
"3050",2021-07-07,4,16,"dimensio",FALSE,12,1242,1362
"3051",2021-07-08,0,15,"dimensio",FALSE,15,1257,1377
"3052",2021-07-09,0,5,"dimensio",FALSE,5,1262,1382
"3053",2021-07-10,0,7,"dimensio",FALSE,7,1269,1389
"3054",2021-07-11,0,8,"dimensio",FALSE,8,1277,1397
"3055",2021-07-12,0,20,"dimensio",FALSE,20,1297,1417
"3056",2021-07-13,0,10,"dimensio",FALSE,10,1307,1427
"3057",2021-07-14,8,15,"dimensio",FALSE,7,1314,1442
"3058",2021-07-15,1,9,"dimensio",FALSE,8,1322,1451
"3059",2021-07-16,0,16,"dimensio",FALSE,16,1338,1467
"3060",2021-07-17,0,19,"dimensio",FALSE,19,1357,1486
"3061",2021-07-18,0,8,"dimensio",FALSE,8,1365,1494
"3062",2021-07-19,0,9,"dimensio",FALSE,9,1374,1503
"3063",2021-07-20,0,18,"dimensio",FALSE,18,1392,1521
"3064",2021-07-21,4,13,"dimensio",FALSE,9,1401,1534
"3065",2021-07-22,0,17,"dimensio",FALSE,17,1418,1551
"3066",2021-07-23,0,3,"dimensio",FALSE,3,1421,1554
"3067",2021-07-24,0,14,"dimensio",FALSE,14,1435,1568
"3068",2021-07-25,0,6,"dimensio",FALSE,6,1441,1574
"3069",2021-07-26,0,18,"dimensio",FALSE,18,1459,1592
"3070",2021-07-27,0,10,"dimensio",FALSE,10,1469,1602
"3071",2021-07-28,5,18,"dimensio",FALSE,13,1482,1620
"3072",2021-07-29,0,4,"dimensio",FALSE,4,1486,1624
"3073",2021-07-30,0,16,"dimensio",FALSE,16,1502,1640
"3074",2021-07-31,0,5,"dimensio",FALSE,5,1507,1645
"3075",2021-08-01,0,11,"dimensio",FALSE,11,1518,1656
"3076",2021-08-02,0,8,"dimensio",FALSE,8,1526,1664
"3077",2021-08-03,0,37,"dimensio",FALSE,37,1563,1701
"3078",2021-08-04,2,114,"dimensio",FALSE,112,1675,1815
"3079",2021-08-05,0,16,"dimensio",FALSE,16,1691,1831
"3080",2021-08-06,0,9,"dimensio",FALSE,9,1700,1840
"3081",2021-08-07,0,11,"dimensio",FALSE,11,1711,1851
"3082",2021-08-08,0,9,"dimensio",FALSE,9,1720,1860
"3083",2021-08-09,4,18,"dimensio",FALSE,14,1734,1878
"3084",2021-08-10,0,12,"dimensio",FALSE,12,1746,1890
"3085",2021-08-11,6,17,"dimensio",FALSE,11,1757,1907
"3086",2021-08-12,0,18,"dimensio",FALSE,18,1775,1925
"3087",2021-08-13,0,14,"dimensio",FALSE,14,1789,1939
"3088",2021-08-14,0,9,"dimensio",FALSE,9,1798,1948
"3089",2021-08-15,0,14,"dimensio",FALSE,14,1812,1962
"3090",2021-08-16,0,11,"dimensio",FALSE,11,1823,1973
"3091",2021-08-17,0,13,"dimensio",FALSE,13,1836,1986
"3092",2021-08-18,3,12,"dimensio",FALSE,9,1845,1998
"3093",2021-08-19,0,17,"dimensio",FALSE,17,1862,2015
"3094",2021-08-20,0,9,"dimensio",FALSE,9,1871,2024
"3095",2021-08-21,0,4,"dimensio",FALSE,4,1875,2028
"3096",2021-08-22,0,7,"dimensio",FALSE,7,1882,2035
"3097",2021-08-23,0,16,"dimensio",FALSE,16,1898,2051
"3098",2021-08-24,0,9,"dimensio",FALSE,9,1907,2060
"3099",2021-08-25,4,23,"dimensio",FALSE,19,1926,2083
"3100",2021-08-26,0,13,"dimensio",FALSE,13,1939,2096
"3101",2021-08-27,0,11,"dimensio",FALSE,11,1950,2107
"3102",2021-08-28,0,11,"dimensio",FALSE,11,1961,2118
"3103",2021-08-29,0,2,"dimensio",FALSE,2,1963,2120
"3104",2021-08-30,1,17,"dimensio",FALSE,16,1979,2137
"3105",2021-08-31,1,22,"dimensio",FALSE,21,2000,2159
"3106",2021-09-01,4,18,"dimensio",FALSE,14,2014,2177
"3107",2021-09-02,0,5,"dimensio",FALSE,5,2019,2182
"3108",2021-09-03,0,23,"dimensio",FALSE,23,2042,2205
"3109",2021-09-04,0,3,"dimensio",FALSE,3,2045,2208
"3110",2021-09-05,0,5,"dimensio",FALSE,5,2050,2213
"3111",2021-09-06,0,18,"dimensio",FALSE,18,2068,2231
"3112",2021-09-07,0,7,"dimensio",FALSE,7,2075,2238
"3113",2021-09-08,2,18,"dimensio",FALSE,16,2091,2256
"3114",2021-09-09,0,11,"dimensio",FALSE,11,2102,2267
"3115",2021-09-10,0,21,"dimensio",FALSE,21,2123,2288
"3116",2021-09-11,0,2,"dimensio",FALSE,2,2125,2290
"3117",2021-09-12,0,8,"dimensio",FALSE,8,2133,2298
"3118",2021-09-13,0,7,"dimensio",FALSE,7,2140,2305
"3119",2021-09-14,0,11,"dimensio",FALSE,11,2151,2316
"3120",2021-09-15,2,11,"dimensio",FALSE,9,2160,2327
"3121",2021-09-16,1,15,"dimensio",FALSE,14,2174,2342
"3122",2021-09-17,0,8,"dimensio",FALSE,8,2182,2350
"3123",2021-09-18,0,34,"dimensio",TRUE,2,2184,2384
"3124",2021-09-19,0,19,"dimensio",FALSE,2,2186,2403
"3125",2021-09-20,0,17,"dimensio",FALSE,17,2203,2420
"3126",2021-09-21,0,20,"dimensio",FALSE,20,2223,2440
"3127",2021-09-22,4,46,"dimensio",FALSE,42,2265,2486
"3128",2021-09-23,0,12,"dimensio",FALSE,12,2277,2498
"3129",2021-09-24,0,38,"dimensio",FALSE,38,2315,2536
"3130",2021-09-25,0,4,"dimensio",FALSE,4,2319,2540
"3131",2021-09-26,0,27,"dimensio",FALSE,27,2346,2567
"3132",2021-09-27,0,32,"dimensio",FALSE,32,2378,2599
"3133",2021-09-28,0,36,"dimensio",FALSE,36,2414,2635
"3134",2021-09-29,2,23,"dimensio",FALSE,21,2435,2658
"3135",2021-09-30,0,41,"dimensio",FALSE,41,2476,2699
"3136",2021-10-01,0,23,"dimensio",FALSE,23,2499,2722
"3137",2021-10-02,0,25,"dimensio",FALSE,25,2524,2747
"3138",2021-10-03,0,9,"dimensio",FALSE,9,2533,2756
"3139",2021-10-04,0,40,"dimensio",FALSE,40,2573,2796
"3140",2021-10-05,0,37,"dimensio",FALSE,37,2610,2833
"3141",2021-10-06,2,28,"dimensio",FALSE,26,2636,2861
"3142",2021-10-07,0,18,"dimensio",FALSE,18,2654,2879
"3143",2021-10-08,0,20,"dimensio",FALSE,20,2674,2899
"3144",2021-10-09,0,26,"dimensio",FALSE,26,2700,2925
"3145",2021-10-10,0,7,"dimensio",FALSE,7,2707,2932
"3146",2021-10-11,0,21,"dimensio",FALSE,21,2728,2953
"3147",2021-10-12,0,7,"dimensio",FALSE,7,2735,2960
"3148",2021-10-13,4,24,"dimensio",FALSE,20,2755,2984
"3149",2021-10-14,0,5,"dimensio",FALSE,5,2760,2989
"3150",2021-10-15,0,14,"dimensio",FALSE,14,2774,3003
"3151",2021-10-16,0,3,"dimensio",FALSE,3,2777,3006
"3152",2021-10-17,0,16,"dimensio",FALSE,16,2793,3022
"3153",2021-10-18,0,11,"dimensio",FALSE,11,2804,3033
"3154",2021-10-19,1,20,"dimensio",FALSE,19,2823,3053
"3155",2021-10-20,4,18,"dimensio",FALSE,14,2837,3071
"3156",2021-10-21,0,19,"dimensio",FALSE,19,2856,3090
"3157",2021-10-22,0,7,"dimensio",FALSE,7,2863,3097
"3158",2021-10-23,0,17,"dimensio",FALSE,17,2880,3114
"3159",2021-10-24,0,8,"dimensio",FALSE,8,2888,3122
"3160",2021-10-25,1,27,"dimensio",FALSE,26,2914,3149
"3161",2021-10-26,0,55,"dimensio",FALSE,55,2969,3204
"3162",2021-10-27,4,95,"dimensio",FALSE,91,3060,3299
"3163",2021-10-28,0,28,"dimensio",FALSE,28,3088,3327
"3164",2021-10-29,0,24,"dimensio",FALSE,24,3112,3351
"3165",2021-10-30,0,7,"dimensio",FALSE,7,3119,3358
"3166",2021-10-31,0,18,"dimensio",FALSE,18,3137,3376
"3167",2021-11-01,0,56,"dimensio",FALSE,56,3193,3432
"3168",2021-11-02,0,29,"dimensio",FALSE,29,3222,3461
"3169",2021-11-03,2,28,"dimensio",FALSE,26,3248,3489
"3170",2021-11-04,0,33,"dimensio",FALSE,33,3281,3522
"3171",2021-11-05,0,31,"dimensio",FALSE,31,3312,3553
"3172",2021-11-06,0,38,"dimensio",FALSE,38,3350,3591
"3173",2021-11-07,0,28,"dimensio",FALSE,28,3378,3619
"3174",2021-11-08,0,88,"dimensio",FALSE,88,3466,3707
"3175",2021-11-09,0,62,"dimensio",FALSE,62,3528,3769
"3176",2021-11-10,0,110,"dimensio",FALSE,110,3638,3879
"3177",2021-11-11,0,48,"dimensio",FALSE,48,3686,3927
"3178",2021-11-12,0,25,"dimensio",FALSE,25,3711,3952
"3179",2021-11-13,0,32,"dimensio",FALSE,32,3743,3984
"3180",2021-11-14,0,14,"dimensio",FALSE,14,3757,3998
"3181",2021-11-15,0,18,"dimensio",FALSE,18,3775,4016
"3182",2021-11-16,0,22,"dimensio",FALSE,22,3797,4038
"3183",2021-11-17,0,28,"dimensio",FALSE,28,3825,4066
"3184",2021-11-18,0,20,"dimensio",FALSE,20,3845,4086
"3185",2021-11-19,0,20,"dimensio",FALSE,20,3865,4106
"3186",2021-11-20,0,5,"dimensio",FALSE,5,3870,4111
"3187",2021-11-21,8,28,"dimensio",FALSE,20,3890,4139
"3188",2021-11-22,0,18,"dimensio",FALSE,18,3908,4157
"3189",2021-11-23,0,27,"dimensio",FALSE,27,3935,4184
"3190",2021-11-24,2,17,"dimensio",FALSE,15,3950,4201
"3191",2021-11-25,0,20,"dimensio",FALSE,20,3970,4221
"3192",2021-11-26,0,6,"dimensio",FALSE,6,3976,4227
"3193",2021-11-27,0,17,"dimensio",FALSE,17,3993,4244
"3194",2021-11-28,0,6,"dimensio",FALSE,6,3999,4250
"3195",2021-11-29,0,26,"dimensio",FALSE,26,4025,4276
"3196",2021-11-30,0,18,"dimensio",FALSE,18,4043,4294
"3197",2021-12-01,4,22,"dimensio",FALSE,18,4061,4316
"3198",2021-12-02,0,17,"dimensio",FALSE,17,4078,4333
"3199",2021-12-03,0,18,"dimensio",FALSE,18,4096,4351
"3200",2021-12-04,0,10,"dimensio",FALSE,10,4106,4361
"3201",2021-12-05,0,9,"dimensio",FALSE,9,4115,4370
"3202",2021-12-06,0,22,"dimensio",FALSE,22,4137,4392
"3203",2021-12-07,0,11,"dimensio",FALSE,11,4148,4403
"3204",2021-12-08,4,17,"dimensio",FALSE,13,4161,4420
"3205",2021-12-09,0,26,"dimensio",FALSE,26,4187,4446
"3206",2021-12-10,0,15,"dimensio",FALSE,15,4202,4461
"3207",2021-12-11,0,15,"dimensio",FALSE,15,4217,4476
"3208",2021-12-12,0,5,"dimensio",FALSE,5,4222,4481
"3209",2021-12-13,1,17,"dimensio",FALSE,16,4238,4498
"3210",2021-12-14,1,10,"dimensio",FALSE,9,4247,4508
"3211",2021-12-15,4,27,"dimensio",FALSE,23,4270,4535
"3212",2021-12-16,0,10,"dimensio",FALSE,10,4280,4545
"3213",2021-12-17,0,13,"dimensio",FALSE,13,4293,4558
"3214",2021-12-18,0,4,"dimensio",FALSE,4,4297,4562
"3215",2021-12-19,0,13,"dimensio",FALSE,13,4310,4575
"3216",2021-12-20,0,11,"dimensio",FALSE,11,4321,4586
"3217",2021-12-21,0,19,"dimensio",FALSE,19,4340,4605
"3218",2021-12-22,5,18,"dimensio",FALSE,13,4353,4623
"3219",2021-12-23,0,7,"dimensio",FALSE,7,4360,4630
"3220",2021-12-24,0,33,"dimensio",FALSE,33,4393,4663
"3221",2021-12-25,0,7,"dimensio",FALSE,7,4400,4670
"3222",2021-12-26,0,12,"dimensio",FALSE,12,4412,4682
"3223",2021-12-27,0,3,"dimensio",FALSE,3,4415,4685
"3224",2021-12-28,0,17,"dimensio",FALSE,17,4432,4702
"3225",2021-12-29,4,10,"dimensio",FALSE,6,4438,4712
"3226",2021-12-30,0,15,"dimensio",FALSE,15,4453,4727
"3227",2021-12-31,0,12,"dimensio",FALSE,12,4465,4739
"3228",2022-01-01,0,5,"dimensio",FALSE,5,4470,4744
"3229",2022-01-02,0,4,"dimensio",FALSE,4,4474,4748
"3230",2022-01-03,0,4,"dimensio",FALSE,4,4478,4752
"3231",2022-01-04,0,8,"dimensio",FALSE,8,4486,4760
"3232",2022-01-05,3,14,"dimensio",FALSE,11,4497,4774
"3233",2022-01-06,0,14,"dimensio",FALSE,14,4511,4788
"3234",2022-01-07,0,4,"dimensio",FALSE,4,4515,4792
"3235",2022-01-08,0,2,"dimensio",FALSE,2,4517,4794
"3236",2022-01-09,0,10,"dimensio",FALSE,10,4527,4804
"3237",2022-01-10,0,5,"dimensio",FALSE,5,4532,4809
"3238",2022-01-11,1,14,"dimensio",FALSE,13,4545,4823
"3239",2022-01-12,2,11,"dimensio",FALSE,9,4554,4834
"3240",2022-01-13,0,29,"dimensio",FALSE,29,4583,4863
"3241",2022-01-14,0,12,"dimensio",FALSE,12,4595,4875
"3242",2022-01-15,0,19,"dimensio",FALSE,19,4614,4894
"3243",2022-01-16,0,2,"dimensio",FALSE,2,4616,4896
"3244",2022-01-17,0,7,"dimensio",FALSE,7,4623,4903
"3245",2022-01-18,0,14,"dimensio",FALSE,14,4637,4917
"3246",2022-01-19,0,13,"dimensio",FALSE,13,4650,4930
"3247",2022-01-20,0,13,"dimensio",FALSE,13,4663,4943
"3248",2022-01-21,1,10,"dimensio",FALSE,9,4672,4953
"3249",2022-01-22,0,14,"dimensio",FALSE,14,4686,4967
"3250",2022-01-23,0,4,"dimensio",FALSE,4,4690,4971
"3251",2022-01-24,0,33,"dimensio",FALSE,33,4723,5004
"3252",2022-01-25,0,5,"dimensio",FALSE,5,4728,5009
"3253",2022-01-26,0,8,"dimensio",FALSE,8,4736,5017
"3254",2022-01-27,0,6,"dimensio",FALSE,6,4742,5023
"3255",2022-01-28,0,14,"dimensio",FALSE,14,4756,5037
"3256",2022-01-29,0,5,"dimensio",FALSE,5,4761,5042
"3257",2022-01-30,0,15,"dimensio",FALSE,15,4776,5057
"3258",2022-01-31,0,14,"dimensio",FALSE,14,4790,5071
"3259",2022-02-01,0,17,"dimensio",FALSE,17,4807,5088
"3260",2022-02-02,0,17,"dimensio",FALSE,17,4824,5105
"3261",2022-02-03,0,12,"dimensio",FALSE,12,4836,5117
"3262",2022-02-04,0,7,"dimensio",FALSE,7,4843,5124
"3263",2022-02-05,0,8,"dimensio",FALSE,8,4851,5132
"3264",2022-02-06,0,14,"dimensio",FALSE,14,4865,5146
"3265",2022-02-07,0,12,"dimensio",FALSE,12,4877,5158
"3266",2022-02-08,7,26,"dimensio",FALSE,19,4896,5184
"3267",2022-02-09,4,18,"dimensio",FALSE,14,4910,5202
"3268",2022-02-10,0,16,"dimensio",FALSE,16,4926,5218
"3269",2022-02-11,0,6,"dimensio",FALSE,6,4932,5224
"3270",2022-02-12,0,16,"dimensio",FALSE,16,4948,5240
"3271",2022-02-13,0,1,"dimensio",FALSE,1,4949,5241
"3272",2022-02-14,0,14,"dimensio",FALSE,14,4963,5255
"3273",2022-02-15,0,11,"dimensio",FALSE,11,4974,5266
"3274",2022-02-16,5,21,"dimensio",FALSE,16,4990,5287
"3275",2022-02-17,0,14,"dimensio",FALSE,14,5004,5301
"3276",2022-02-18,0,17,"dimensio",FALSE,17,5021,5318
"3277",2022-02-19,0,7,"dimensio",FALSE,7,5028,5325
"3278",2022-02-20,0,4,"dimensio",FALSE,4,5032,5329
"3279",2022-02-21,0,16,"dimensio",FALSE,16,5048,5345
"3280",2022-02-22,0,3,"dimensio",FALSE,3,5051,5348
"3281",2022-02-23,6,26,"dimensio",FALSE,20,5071,5374
"3282",2022-02-24,0,10,"dimensio",FALSE,10,5081,5384
"3283",2022-02-25,0,12,"dimensio",FALSE,12,5093,5396
"3284",2022-02-26,0,3,"dimensio",FALSE,3,5096,5399
"3285",2022-02-27,0,15,"dimensio",FALSE,15,5111,5414
"3286",2022-02-28,0,11,"dimensio",FALSE,11,5122,5425
"3287",2022-03-01,0,41,"dimensio",FALSE,41,5163,5466
"3288",2022-03-02,3,45,"dimensio",FALSE,42,5205,5511
"3289",2022-03-03,0,43,"dimensio",FALSE,43,5248,5554
"3290",2022-03-04,0,56,"dimensio",FALSE,56,5304,5610
"3291",2022-03-05,0,15,"dimensio",FALSE,15,5319,5625
"3292",2022-03-06,0,7,"dimensio",FALSE,7,5326,5632
"3293",2022-03-07,0,32,"dimensio",FALSE,32,5358,5664
"3294",2022-03-08,0,27,"dimensio",FALSE,27,5385,5691
"3295",2022-03-09,6,44,"dimensio",FALSE,38,5423,5735
"3296",2022-03-10,0,25,"dimensio",FALSE,25,5448,5760
"3297",2022-03-11,0,53,"dimensio",FALSE,53,5501,5813
"3298",2022-03-12,0,13,"dimensio",FALSE,13,5514,5826
"3299",2022-03-13,0,15,"dimensio",FALSE,15,5529,5841
"3300",2022-03-14,0,38,"dimensio",FALSE,38,5567,5879
"3301",2022-03-15,0,28,"dimensio",FALSE,28,5595,5907
"3302",2022-03-16,4,52,"dimensio",FALSE,48,5643,5959
"3303",2022-03-17,0,26,"dimensio",FALSE,26,5669,5985
"3304",2022-03-18,0,17,"dimensio",FALSE,17,5686,6002
"3305",2022-03-19,0,14,"dimensio",FALSE,14,5700,6016
"3306",2022-03-20,0,8,"dimensio",FALSE,8,5708,6024
"3307",2022-03-21,0,18,"dimensio",FALSE,18,5726,6042
"3308",2022-03-22,0,14,"dimensio",FALSE,14,5740,6056
"3309",2022-03-23,6,31,"dimensio",FALSE,25,5765,6087
"3310",2022-03-24,0,17,"dimensio",FALSE,17,5782,6104
"3311",2022-03-25,0,40,"dimensio",FALSE,40,5822,6144
"3312",2022-03-26,0,19,"dimensio",FALSE,19,5841,6163
"3313",2022-03-27,0,12,"dimensio",FALSE,12,5853,6175
"3314",2022-03-28,0,16,"dimensio",FALSE,16,5869,6191
"3315",2022-03-29,0,43,"dimensio",FALSE,43,5912,6234
"3316",2022-03-30,4,41,"dimensio",FALSE,37,5949,6275
"3317",2022-03-31,0,40,"dimensio",FALSE,40,5989,6315
"3318",2022-04-01,0,9,"dimensio",FALSE,9,5998,6324
"3319",2022-04-02,0,32,"dimensio",FALSE,32,6030,6356
"3320",2022-04-03,0,7,"dimensio",FALSE,7,6037,6363
"3321",2022-04-04,0,77,"dimensio",FALSE,77,6114,6440
"3322",2022-04-05,0,73,"dimensio",FALSE,73,6187,6513
"3323",2022-04-06,6,45,"dimensio",FALSE,39,6226,6558
"3324",2022-04-07,0,59,"dimensio",FALSE,59,6285,6617
"3325",2022-04-08,0,42,"dimensio",FALSE,42,6327,6659
"3326",2022-04-09,0,18,"dimensio",FALSE,18,6345,6677
"3327",2022-04-10,0,11,"dimensio",FALSE,11,6356,6688
"3328",2022-04-11,4,46,"dimensio",FALSE,42,6398,6734
"3329",2022-04-12,0,64,"dimensio",FALSE,64,6462,6798
"3330",2022-04-13,4,63,"dimensio",FALSE,59,6521,6861
"3331",2022-04-14,0,14,"dimensio",FALSE,14,6535,6875
"3332",2022-04-15,0,12,"dimensio",FALSE,12,6547,6887
"3333",2022-04-16,0,17,"dimensio",FALSE,17,6564,6904
"3334",2022-04-17,0,9,"dimensio",FALSE,9,6573,6913
"3335",2022-04-18,0,51,"dimensio",FALSE,51,6624,6964
"3336",2022-04-19,0,19,"dimensio",FALSE,19,6643,6983
"3337",2022-04-20,5,47,"dimensio",FALSE,42,6685,7030
"3338",2022-04-21,0,45,"dimensio",FALSE,45,6730,7075
"3339",2022-04-22,0,44,"dimensio",FALSE,44,6774,7119
"3340",2022-04-23,0,10,"dimensio",FALSE,10,6784,7129
"3341",2022-04-24,0,11,"dimensio",FALSE,11,6795,7140
"3342",2022-04-25,0,30,"dimensio",FALSE,30,6825,7170
"3343",2022-04-26,0,26,"dimensio",FALSE,26,6851,7196
"3344",2022-04-27,5,64,"dimensio",FALSE,59,6910,7260
"3345",2022-04-28,0,35,"dimensio",FALSE,35,6945,7295
"3346",2022-04-29,0,37,"dimensio",FALSE,37,6982,7332
"3347",2022-04-30,0,10,"dimensio",FALSE,10,6992,7342
"3348",2022-05-01,0,8,"dimensio",FALSE,8,7000,7350
"3349",2022-05-02,0,30,"dimensio",FALSE,30,7030,7380
"3350",2022-05-03,0,35,"dimensio",FALSE,35,7065,7415
"3351",2022-05-04,6,65,"dimensio",FALSE,59,7124,7480
"3352",2022-05-05,0,13,"dimensio",FALSE,13,7137,7493
"3353",2022-05-06,0,44,"dimensio",FALSE,44,7181,7537
"3354",2022-05-07,0,6,"dimensio",FALSE,6,7187,7543
"3355",2022-05-08,0,15,"dimensio",FALSE,15,7202,7558
"3356",2022-05-09,0,23,"dimensio",FALSE,23,7225,7581
"3357",2022-05-10,0,35,"dimensio",FALSE,35,7260,7616
"3358",2022-05-11,2,30,"dimensio",FALSE,28,7288,7646
"3359",2022-05-12,0,52,"dimensio",FALSE,52,7340,7698
"3360",2022-05-13,0,32,"dimensio",FALSE,32,7372,7730
"3361",2022-05-14,0,12,"dimensio",FALSE,12,7384,7742
"3362",2022-05-15,0,6,"dimensio",FALSE,6,7390,7748
"3363",2022-05-16,0,50,"dimensio",FALSE,50,7440,7798
"3364",2022-05-17,0,34,"dimensio",FALSE,34,7474,7832
"3365",2022-05-18,3,58,"dimensio",FALSE,55,7529,7890
"3366",2022-05-19,0,63,"dimensio",FALSE,63,7592,7953
"3367",2022-05-20,0,56,"dimensio",FALSE,56,7648,8009
"3368",2022-05-21,0,2,"dimensio",FALSE,2,7650,8011
"3369",2022-05-22,0,17,"dimensio",FALSE,17,7667,8028
"3370",2022-05-23,0,31,"dimensio",FALSE,31,7698,8059
"3371",2022-05-24,0,22,"dimensio",FALSE,22,7720,8081
"3372",2022-05-25,6,45,"dimensio",FALSE,39,7759,8126
"3373",2022-05-26,0,55,"dimensio",FALSE,55,7814,8181
"3374",2022-05-27,0,25,"dimensio",FALSE,25,7839,8206
"3375",2022-05-28,0,5,"dimensio",FALSE,5,7844,8211
"3376",2022-05-29,0,14,"dimensio",FALSE,14,7858,8225
"3377",2022-05-30,0,30,"dimensio",FALSE,30,7888,8255
"3378",2022-05-31,0,40,"dimensio",FALSE,40,7928,8295
"3379",2022-06-01,2,77,"dimensio",FALSE,75,8003,8372
"3380",2022-06-02,0,39,"dimensio",FALSE,39,8042,8411
"3381",2022-06-03,0,35,"dimensio",FALSE,35,8077,8446
"3382",2022-06-04,0,18,"dimensio",FALSE,18,8095,8464
"3383",2022-06-05,0,2,"dimensio",FALSE,2,8097,8466
"3384",2022-06-06,0,35,"dimensio",FALSE,35,8132,8501
"3385",2022-06-07,0,24,"dimensio",FALSE,24,8156,8525
"3386",2022-06-08,5,35,"dimensio",FALSE,30,8186,8560
"3387",2022-06-09,0,30,"dimensio",FALSE,30,8216,8590
"3388",2022-06-10,0,30,"dimensio",FALSE,30,8246,8620
"3389",2022-06-11,0,16,"dimensio",FALSE,16,8262,8636
"3390",2022-06-12,0,3,"dimensio",FALSE,3,8265,8639
"3391",2022-06-13,0,30,"dimensio",FALSE,30,8295,8669
"3392",2022-06-14,4,44,"dimensio",FALSE,40,8335,8713
"3393",2022-06-15,4,60,"dimensio",FALSE,56,8391,8773
"3394",2022-06-16,0,21,"dimensio",FALSE,21,8412,8794
"3395",2022-06-17,0,28,"dimensio",FALSE,28,8440,8822
"3396",2022-06-18,0,6,"dimensio",FALSE,6,8446,8828
"3397",2022-06-19,0,11,"dimensio",FALSE,11,8457,8839
"3398",2022-06-20,0,39,"dimensio",FALSE,39,8496,8878
"3399",2022-06-21,0,35,"dimensio",FALSE,35,8531,8913
"3400",2022-06-22,1,54,"dimensio",FALSE,53,8584,8967
"3401",2022-06-23,0,37,"dimensio",FALSE,37,8621,9004
"3402",2022-06-24,0,32,"dimensio",FALSE,32,8653,9036
"3403",2022-06-25,0,3,"dimensio",FALSE,3,8656,9039
"3404",2022-06-26,0,7,"dimensio",FALSE,7,8663,9046
"3405",2022-06-27,0,18,"dimensio",FALSE,18,8681,9064
"3406",2022-06-28,0,48,"dimensio",FALSE,48,8729,9112
"3407",2022-06-29,2,47,"dimensio",FALSE,45,8774,9159
"3408",2022-06-30,0,47,"dimensio",FALSE,47,8821,9206
"3409",2022-07-01,0,42,"dimensio",FALSE,42,8863,9248
"3410",2022-07-02,0,6,"dimensio",FALSE,6,8869,9254
"3411",2022-07-03,0,22,"dimensio",FALSE,22,8891,9276
"3412",2022-07-04,0,43,"dimensio",FALSE,43,8934,9319
"3413",2022-07-05,0,57,"dimensio",FALSE,57,8991,9376
"3414",2022-07-06,6,39,"dimensio",FALSE,33,9024,9415
"3415",2022-07-07,0,31,"dimensio",FALSE,31,9055,9446
"3416",2022-07-08,0,60,"dimensio",FALSE,60,9115,9506
"3417",2022-07-09,0,18,"dimensio",FALSE,18,9133,9524
"3418",2022-07-10,0,7,"dimensio",FALSE,7,9140,9531
"3419",2022-07-11,0,14,"dimensio",FALSE,14,9154,9545
"3420",2022-07-12,0,18,"dimensio",FALSE,18,9172,9563
"3421",2022-07-13,2,53,"dimensio",FALSE,51,9223,9616
"3422",2022-07-14,0,41,"dimensio",FALSE,41,9264,9657
"3423",2022-07-15,0,46,"dimensio",FALSE,46,9310,9703
"3424",2022-07-16,0,13,"dimensio",FALSE,13,9323,9716
"3425",2022-07-17,0,6,"dimensio",FALSE,6,9329,9722
"3426",2022-07-18,0,20,"dimensio",FALSE,20,9349,9742
"3427",2022-07-19,0,12,"dimensio",FALSE,12,9361,9754
"3428",2022-07-20,2,15,"dimensio",FALSE,13,9374,9769
"3429",2022-07-21,0,68,"dimensio",FALSE,68,9442,9837
"3430",2022-07-22,0,64,"dimensio",FALSE,64,9506,9901
"3431",2022-07-23,0,8,"dimensio",FALSE,8,9514,9909
"3432",2022-07-24,0,15,"dimensio",FALSE,15,9529,9924
"3433",2022-07-25,0,43,"dimensio",FALSE,43,9572,9967
"3434",2022-07-26,0,30,"dimensio",FALSE,30,9602,9997
"3435",2022-07-27,5,67,"dimensio",FALSE,62,9664,10064
"3436",2022-07-28,0,37,"dimensio",FALSE,37,9701,10101
"3437",2022-07-29,0,27,"dimensio",FALSE,27,9728,10128
"3438",2022-07-30,0,13,"dimensio",FALSE,13,9741,10141
"3439",2022-07-31,0,15,"dimensio",FALSE,15,9756,10156
"3440",2022-08-01,0,37,"dimensio",FALSE,37,9793,10193
"3441",2022-08-02,0,50,"dimensio",FALSE,50,9843,10243
"3442",2022-08-03,5,59,"dimensio",FALSE,54,9897,10302
"3443",2022-08-04,0,53,"dimensio",FALSE,53,9950,10355
"3444",2022-08-05,0,34,"dimensio",FALSE,34,9984,10389
"3445",2022-08-06,0,14,"dimensio",FALSE,14,9998,10403
"3446",2022-08-07,0,3,"dimensio",FALSE,3,10001,10406
"3447",2022-08-08,0,30,"dimensio",FALSE,30,10031,10436
"3448",2022-08-09,0,50,"dimensio",FALSE,50,10081,10486
"3449",2022-08-10,0,52,"dimensio",FALSE,52,10133,10538
"3450",2022-08-11,1,58,"dimensio",FALSE,57,10190,10596
"3451",2022-08-12,0,41,"dimensio",FALSE,41,10231,10637
"3452",2022-08-13,0,4,"dimensio",FALSE,4,10235,10641
"3453",2022-08-14,0,3,"dimensio",FALSE,3,10238,10644
"3454",2022-08-15,0,37,"dimensio",TRUE,2,10240,10681
"3455",2022-08-16,0,48,"dimensio",FALSE,2,10242,10729
"3456",2022-08-17,4,53,"dimensio",FALSE,49,10291,10782
"3457",2022-08-18,0,71,"dimensio",FALSE,71,10362,10853
"3458",2022-08-19,0,17,"dimensio",FALSE,17,10379,10870
"3459",2022-08-20,0,13,"dimensio",FALSE,13,10392,10883
"3460",2022-08-21,0,39,"dimensio",FALSE,39,10431,10922
"3461",2022-08-22,0,34,"dimensio",FALSE,34,10465,10956
"3462",2022-08-23,0,46,"dimensio",FALSE,46,10511,11002
"3463",2022-08-24,7,49,"dimensio",FALSE,42,10553,11051
"3464",2022-08-25,0,51,"dimensio",FALSE,51,10604,11102
"3465",2022-08-26,0,26,"dimensio",FALSE,26,10630,11128
"3466",2022-08-27,0,37,"dimensio",FALSE,37,10667,11165
"3467",2022-08-28,0,44,"dimensio",FALSE,44,10711,11209
"3468",2022-08-29,0,39,"dimensio",FALSE,39,10750,11248
"3469",2022-08-30,0,40,"dimensio",FALSE,40,10790,11288
"3470",2022-08-31,2,12,"dimensio",FALSE,10,10800,11300
"3471",2022-09-01,0,21,"dimensio",FALSE,21,10821,11321
"3472",2022-09-02,0,18,"dimensio",FALSE,18,10839,11339
"3473",2022-09-03,0,3,"dimensio",FALSE,3,10842,11342
"3474",2022-09-04,0,7,"dimensio",FALSE,7,10849,11349
"3475",2022-09-05,0,20,"dimensio",FALSE,20,10869,11369
"3476",2022-09-06,0,17,"dimensio",FALSE,17,10886,11386
"3477",2022-09-07,0,28,"dimensio",FALSE,28,10914,11414
"3478",2022-09-08,4,32,"dimensio",FALSE,28,10942,11446
"3479",2022-09-09,0,19,"dimensio",FALSE,19,10961,11465
"3480",2022-09-10,0,10,"dimensio",FALSE,10,10971,11475
"3481",2022-09-11,0,19,"dimensio",FALSE,19,10990,11494
"3482",2022-09-12,0,20,"dimensio",FALSE,20,11010,11514
"3483",2022-09-13,0,21,"dimensio",FALSE,21,11031,11535
"3484",2022-09-14,5,43,"dimensio",FALSE,38,11069,11578
"3485",2022-09-15,0,14,"dimensio",FALSE,14,11083,11592
"3486",2022-09-16,0,19,"dimensio",FALSE,19,11102,11611
"3487",2022-09-17,0,8,"dimensio",FALSE,8,11110,11619
"3488",2022-09-18,0,4,"dimensio",FALSE,4,11114,11623
"3489",2022-09-19,0,18,"dimensio",FALSE,18,11132,11641
"3490",2022-09-20,0,29,"dimensio",FALSE,29,11161,11670
"3491",2022-09-21,0,25,"dimensio",FALSE,25,11186,11695
"3492",2022-09-22,0,19,"dimensio",FALSE,19,11205,11714
"3493",2022-09-23,0,30,"dimensio",FALSE,30,11235,11744
"3494",2022-09-24,0,3,"dimensio",FALSE,3,11238,11747
"3495",2022-09-25,0,7,"dimensio",FALSE,7,11245,11754
"3496",2022-09-26,0,27,"dimensio",FALSE,27,11272,11781
"3497",2022-09-27,0,19,"dimensio",FALSE,19,11291,11800
"3498",2022-09-28,0,17,"dimensio",FALSE,17,11308,11817
"3499",2022-09-29,0,25,"dimensio",FALSE,25,11333,11842
"3500",2022-09-30,0,13,"dimensio",FALSE,13,11346,11855
"3501",2022-10-01,0,6,"dimensio",FALSE,6,11352,11861
"3502",2022-10-02,0,17,"dimensio",FALSE,17,11369,11878
"3503",2022-10-03,0,27,"dimensio",FALSE,27,11396,11905
"3504",2022-10-04,0,20,"dimensio",FALSE,20,11416,11925
"3505",2022-10-05,0,28,"dimensio",FALSE,28,11444,11953
"3506",2022-10-06,0,30,"dimensio",FALSE,30,11474,11983
"3507",2022-10-07,0,17,"dimensio",FALSE,17,11491,12000
"3508",2022-10-08,0,17,"dimensio",FALSE,17,11508,12017
"3509",2022-10-09,0,8,"dimensio",FALSE,8,11516,12025
"3510",2022-10-10,0,32,"dimensio",FALSE,32,11548,12057
"3511",2022-10-11,0,23,"dimensio",FALSE,23,11571,12080
"3512",2022-10-12,0,28,"dimensio",FALSE,28,11599,12108
"3513",2022-10-13,0,25,"dimensio",FALSE,25,11624,12133
"3514",2022-10-14,0,23,"dimensio",FALSE,23,11647,12156
"3515",2022-10-15,0,18,"dimensio",FALSE,18,11665,12174
"3516",2022-10-16,0,5,"dimensio",FALSE,5,11670,12179
"3517",2022-10-17,0,52,"dimensio",FALSE,52,11722,12231
"3518",2022-10-18,0,30,"dimensio",FALSE,30,11752,12261
"3519",2022-10-19,0,11,"dimensio",FALSE,11,11763,12272
"3520",2022-10-20,0,23,"dimensio",FALSE,23,11786,12295
"3521",2022-10-21,0,25,"dimensio",FALSE,25,11811,12320
"3522",2022-10-22,0,9,"dimensio",FALSE,9,11820,12329
"3523",2022-10-23,0,15,"dimensio",FALSE,15,11835,12344
"3524",2022-10-24,0,17,"dimensio",FALSE,17,11852,12361
"3525",2022-10-25,0,16,"dimensio",FALSE,16,11868,12377
"3526",2022-10-26,0,23,"dimensio",FALSE,23,11891,12400
"3527",2022-10-27,0,16,"dimensio",FALSE,16,11907,12416
"3528",2022-10-28,0,26,"dimensio",FALSE,26,11933,12442
"3529",2022-10-29,0,7,"dimensio",FALSE,7,11940,12449
"3530",2022-10-30,0,6,"dimensio",FALSE,6,11946,12455
"3531",2022-10-31,0,6,"dimensio",FALSE,6,11952,12461
"3532",2022-11-01,0,22,"dimensio",FALSE,22,11974,12483
"3533",2022-11-02,0,18,"dimensio",FALSE,18,11992,12501
"3534",2022-11-03,0,17,"dimensio",FALSE,17,12009,12518
"3535",2022-11-04,0,7,"dimensio",FALSE,7,12016,12525
"3536",2022-11-05,0,16,"dimensio",FALSE,16,12032,12541
"3537",2022-11-06,0,8,"dimensio",FALSE,8,12040,12549
"3538",2022-11-07,0,17,"dimensio",FALSE,17,12057,12566
"3539",2022-11-08,0,15,"dimensio",FALSE,15,12072,12581
"3540",2022-11-09,0,12,"dimensio",FALSE,12,12084,12593
"3541",2022-11-10,0,15,"dimensio",FALSE,15,12099,12608
"3542",2022-11-11,0,8,"dimensio",FALSE,8,12107,12616
"3543",2022-11-12,0,17,"dimensio",FALSE,17,12124,12633
"3544",2022-11-13,0,13,"dimensio",FALSE,13,12137,12646
"3545",2022-11-14,0,18,"dimensio",FALSE,18,12155,12664
"3546",2022-11-15,0,9,"dimensio",FALSE,9,12164,12673
"3547",2022-11-16,0,9,"dimensio",FALSE,9,12173,12682
"3548",2022-11-17,0,11,"dimensio",FALSE,11,12184,12693
"3549",2022-11-18,6,28,"dimensio",FALSE,22,12206,12721
"3550",2022-11-19,0,4,"dimensio",FALSE,4,12210,12725
"3551",2022-11-20,0,6,"dimensio",FALSE,6,12216,12731
"3552",2022-11-21,0,16,"dimensio",FALSE,16,12232,12747
"3553",2022-11-22,0,13,"dimensio",FALSE,13,12245,12760
"3554",2022-11-23,0,9,"dimensio",FALSE,9,12254,12769
"3555",2022-11-24,0,7,"dimensio",FALSE,7,12261,12776
"3556",2022-11-25,0,10,"dimensio",FALSE,10,12271,12786
"3557",2022-11-26,0,11,"dimensio",FALSE,11,12282,12797
"3558",2022-11-27,0,8,"dimensio",FALSE,8,12290,12805
"3559",2022-11-28,1,13,"dimensio",FALSE,12,12302,12818
"3560",2022-11-29,0,15,"dimensio",FALSE,15,12317,12833
"3561",2022-11-30,0,10,"dimensio",FALSE,10,12327,12843
"3562",2022-12-01,0,24,"dimensio",FALSE,24,12351,12867
"3563",2022-12-02,0,6,"dimensio",FALSE,6,12357,12873
"3564",2022-12-03,0,5,"dimensio",FALSE,5,12362,12878
"3565",2022-12-04,0,7,"dimensio",FALSE,7,12369,12885
"3566",2022-12-05,0,7,"dimensio",FALSE,7,12376,12892
"3567",2022-12-06,0,10,"dimensio",FALSE,10,12386,12902
"3568",2022-12-07,0,11,"dimensio",FALSE,11,12397,12913
"3569",2022-12-08,0,11,"dimensio",FALSE,11,12408,12924
"3570",2022-12-09,0,8,"dimensio",FALSE,8,12416,12932
"3571",2022-12-10,0,2,"dimensio",FALSE,2,12418,12934
"3572",2022-12-11,0,5,"dimensio",FALSE,5,12423,12939
"3573",2022-12-12,0,5,"dimensio",FALSE,5,12428,12944
"3574",2022-12-13,0,13,"dimensio",FALSE,13,12441,12957
"3575",2022-12-14,0,9,"dimensio",FALSE,9,12450,12966
"3576",2022-12-15,0,17,"dimensio",FALSE,17,12467,12983
"3577",2022-12-16,4,10,"dimensio",FALSE,6,12473,12993
"3578",2022-12-17,0,2,"dimensio",FALSE,2,12475,12995
"3579",2022-12-18,0,3,"dimensio",FALSE,3,12478,12998
"3580",2022-12-19,0,6,"dimensio",FALSE,6,12484,13004
"3581",2022-12-20,0,5,"dimensio",FALSE,5,12489,13009
"3582",2022-12-21,0,21,"dimensio",FALSE,21,12510,13030
"3583",2022-12-22,0,5,"dimensio",FALSE,5,12515,13035
"3584",2022-12-23,0,17,"dimensio",FALSE,17,12532,13052
"3585",2022-12-24,0,10,"dimensio",FALSE,10,12542,13062
"3586",2022-12-25,0,6,"dimensio",FALSE,6,12548,13068
"3587",2022-12-26,0,6,"dimensio",FALSE,6,12554,13074
"3588",2022-12-27,0,5,"dimensio",FALSE,5,12559,13079
"3589",2022-12-28,0,8,"dimensio",FALSE,8,12567,13087
"3590",2022-12-29,0,2,"dimensio",FALSE,2,12569,13089
"3591",2022-12-30,0,5,"dimensio",FALSE,5,12574,13094
"3592",2022-12-31,0,2,"dimensio",FALSE,2,12576,13096
"3593",2023-01-01,0,4,"dimensio",FALSE,4,12580,13100
"3594",2023-01-02,0,8,"dimensio",FALSE,8,12588,13108
"3595",2023-01-03,0,4,"dimensio",FALSE,4,12592,13112
"3596",2023-01-04,0,5,"dimensio",FALSE,5,12597,13117
"3597",2023-01-05,0,10,"dimensio",FALSE,10,12607,13127
"3598",2023-01-06,0,7,"dimensio",FALSE,7,12614,13134
"3599",2023-01-07,0,9,"dimensio",FALSE,9,12623,13143
"3600",2023-01-08,0,4,"dimensio",FALSE,4,12627,13147
"3601",2023-01-09,0,7,"dimensio",FALSE,7,12634,13154
"3602",2023-01-10,0,4,"dimensio",FALSE,4,12638,13158
"3603",2023-01-11,0,8,"dimensio",FALSE,8,12646,13166
"3604",2023-01-12,0,5,"dimensio",FALSE,5,12651,13171
"3605",2023-01-13,0,7,"dimensio",FALSE,7,12658,13178
"3606",2023-01-14,0,4,"dimensio",FALSE,4,12662,13182
"3607",2023-01-15,0,7,"dimensio",FALSE,7,12669,13189
"3608",2023-01-16,0,3,"dimensio",FALSE,3,12672,13192
"3609",2023-01-17,4,22,"dimensio",FALSE,18,12690,13214
"3610",2023-01-18,2,14,"dimensio",FALSE,12,12702,13228
"3611",2023-01-19,0,9,"dimensio",FALSE,9,12711,13237
"3612",2023-01-20,0,7,"dimensio",FALSE,7,12718,13244
"3613",2023-01-21,0,9,"dimensio",FALSE,9,12727,13253
"3614",2023-01-22,0,10,"dimensio",FALSE,10,12737,13263
"3615",2023-01-23,0,4,"dimensio",FALSE,4,12741,13267
"3616",2023-01-24,0,7,"dimensio",FALSE,7,12748,13274
"3617",2023-01-25,0,7,"dimensio",FALSE,7,12755,13281
"3618",2023-01-26,0,13,"dimensio",FALSE,13,12768,13294
"3619",2023-01-27,0,6,"dimensio",FALSE,6,12774,13300
"3620",2023-01-28,0,5,"dimensio",FALSE,5,12779,13305
"3621",2023-01-29,0,7,"dimensio",FALSE,7,12786,13312
"3622",2023-01-30,0,5,"dimensio",FALSE,5,12791,13317
"3623",2023-01-31,0,6,"dimensio",FALSE,6,12797,13323
"3624",2023-02-01,0,9,"dimensio",FALSE,9,12806,13332
"3625",2023-02-02,5,15,"dimensio",FALSE,10,12816,13347
"3626",2023-02-03,0,7,"dimensio",FALSE,7,12823,13354
"3627",2023-02-04,0,2,"dimensio",FALSE,2,12825,13356
"3628",2023-02-05,0,9,"dimensio",FALSE,9,12834,13365
"3629",2023-02-06,0,10,"dimensio",FALSE,10,12844,13375
"3630",2023-02-07,0,17,"dimensio",FALSE,17,12861,13392
"3631",2023-02-08,0,16,"dimensio",FALSE,16,12877,13408
"3632",2023-02-09,0,12,"dimensio",FALSE,12,12889,13420
"3633",2023-02-10,0,11,"dimensio",FALSE,11,12900,13431
"3634",2023-02-11,0,9,"dimensio",FALSE,9,12909,13440
"3635",2023-02-12,0,6,"dimensio",FALSE,6,12915,13446
"3636",2023-02-13,0,7,"dimensio",FALSE,7,12922,13453
"3637",2023-02-14,0,18,"dimensio",FALSE,18,12940,13471
"3638",2023-02-15,0,19,"dimensio",FALSE,19,12959,13490
"3639",2023-02-16,0,5,"dimensio",FALSE,5,12964,13495
"3640",2023-02-17,0,12,"dimensio",FALSE,12,12976,13507
"3641",2023-02-18,0,4,"dimensio",FALSE,4,12980,13511
"3642",2023-02-19,2,7,"dimensio",FALSE,5,12985,13518
"3643",2023-02-20,0,3,"dimensio",FALSE,3,12988,13521
"3644",2023-02-21,0,12,"dimensio",FALSE,12,13000,13533
"3645",2023-02-22,0,12,"dimensio",FALSE,12,13012,13545
"3646",2023-02-23,1,9,"dimensio",FALSE,8,13020,13554
"3647",2023-02-24,0,9,"dimensio",FALSE,9,13029,13563
"3648",2023-02-25,0,1,"dimensio",FALSE,1,13030,13564
"3649",2023-02-26,0,5,"dimensio",FALSE,5,13035,13569
"3650",2023-02-27,0,10,"dimensio",FALSE,10,13045,13579
"3651",2023-02-28,0,10,"dimensio",FALSE,10,13055,13589
"3652",2023-03-01,0,11,"dimensio",FALSE,11,13066,13600
"3653",2023-03-02,0,10,"dimensio",FALSE,10,13076,13610
"3654",2023-03-03,0,8,"dimensio",FALSE,8,13084,13618
"3655",2023-03-04,0,4,"dimensio",FALSE,4,13088,13622
"3656",2023-03-05,0,9,"dimensio",FALSE,9,13097,13631
"3657",2023-03-06,0,12,"dimensio",FALSE,12,13109,13643
"3658",2023-03-07,0,6,"dimensio",FALSE,6,13115,13649
"3659",2023-03-08,0,5,"dimensio",FALSE,5,13120,13654
"3660",2023-03-09,3,13,"dimensio",FALSE,10,13130,13667
"3661",2023-03-10,2,16,"dimensio",FALSE,14,13144,13683
"3662",2023-03-11,0,8,"dimensio",FALSE,8,13152,13691
"3663",2023-03-12,0,6,"dimensio",FALSE,6,13158,13697
"3664",2023-03-13,0,23,"dimensio",FALSE,23,13181,13720
"3665",2023-03-14,0,14,"dimensio",FALSE,14,13195,13734
"3666",2023-03-15,5,12,"dimensio",FALSE,7,13202,13746
"3667",2023-03-16,1,16,"dimensio",FALSE,15,13217,13762
"3668",2023-03-17,0,7,"dimensio",FALSE,7,13224,13769
"3669",2023-03-18,2,17,"dimensio",FALSE,15,13239,13786
"3670",2023-03-19,0,3,"dimensio",FALSE,3,13242,13789
"3671",2023-03-20,0,23,"dimensio",FALSE,23,13265,13812
"3672",2023-03-21,0,14,"dimensio",FALSE,14,13279,13826
"3673",2023-03-22,2,16,"dimensio",FALSE,14,13293,13842
"3674",2023-03-23,0,4,"dimensio",FALSE,4,13297,13846
"3675",2023-03-24,0,9,"dimensio",FALSE,9,13306,13855
"3676",2023-03-25,0,8,"dimensio",FALSE,8,13314,13863
"3677",2023-03-26,0,13,"dimensio",FALSE,13,13327,13876
"3678",2023-03-27,0,21,"dimensio",FALSE,21,13348,13897
"3679",2023-03-28,0,17,"dimensio",FALSE,17,13365,13914
"3680",2023-03-29,2,16,"dimensio",FALSE,14,13379,13930
"3681",2023-03-30,0,14,"dimensio",FALSE,14,13393,13944
"3682",2023-03-31,0,6,"dimensio",FALSE,6,13399,13950
"3683",2023-04-01,0,10,"dimensio",FALSE,10,13409,13960
"3684",2023-04-02,0,4,"dimensio",FALSE,4,13413,13964
"3685",2023-04-03,0,9,"dimensio",FALSE,9,13422,13973
"3686",2023-04-04,0,22,"dimensio",TRUE,2,13424,13995
"3687",2023-04-05,0,24,"dimensio",FALSE,2,13426,14019
"3688",2023-04-06,0,19,"dimensio",FALSE,19,13445,14038
"3689",2023-04-07,0,55,"dimensio",FALSE,55,13500,14093
"3690",2023-04-08,0,19,"dimensio",FALSE,19,13519,14112
"3691",2023-04-09,0,11,"dimensio",FALSE,11,13530,14123
"3692",2023-04-10,0,9,"dimensio",FALSE,9,13539,14132
"3693",2023-04-11,0,13,"dimensio",FALSE,13,13552,14145
"3694",2023-04-12,2,24,"dimensio",FALSE,22,13574,14169
"3695",2023-04-13,0,28,"dimensio",FALSE,28,13602,14197
"3696",2023-04-14,0,20,"dimensio",FALSE,20,13622,14217
"3697",2023-04-15,0,5,"dimensio",FALSE,5,13627,14222
"3698",2023-04-16,0,9,"dimensio",FALSE,9,13636,14231
"3699",2023-04-17,0,15,"dimensio",FALSE,15,13651,14246
"3700",2023-04-18,0,24,"dimensio",FALSE,24,13675,14270
"3701",2023-04-19,5,42,"dimensio",FALSE,37,13712,14312
"3702",2023-04-20,0,16,"dimensio",FALSE,16,13728,14328
"3703",2023-04-21,0,11,"dimensio",FALSE,11,13739,14339
"3704",2023-04-22,0,11,"dimensio",FALSE,11,13750,14350
"3705",2023-04-23,0,4,"dimensio",FALSE,4,13754,14354
"3706",2023-04-24,0,16,"dimensio",FALSE,16,13770,14370
"3707",2023-04-25,0,7,"dimensio",FALSE,7,13777,14377
"3708",2023-04-26,2,19,"dimensio",FALSE,17,13794,14396
"3709",2023-04-27,0,14,"dimensio",FALSE,14,13808,14410
"3710",2023-04-28,0,9,"dimensio",FALSE,9,13817,14419
"3711",2023-04-29,0,3,"dimensio",FALSE,3,13820,14422
"3712",2023-04-30,0,7,"dimensio",FALSE,7,13827,14429
"3713",2023-05-01,0,9,"dimensio",FALSE,9,13836,14438
"3714",2023-05-02,0,5,"dimensio",FALSE,5,13841,14443
"3715",2023-05-03,2,13,"dimensio",FALSE,11,13852,14456
"3716",2023-05-04,0,2,"dimensio",FALSE,2,13854,14458
"3717",2023-05-05,1,9,"dimensio",FALSE,8,13862,14467
"3718",2023-05-06,0,12,"dimensio",FALSE,12,13874,14479
"3719",2023-05-07,0,6,"dimensio",FALSE,6,13880,14485
"3720",2023-05-08,0,18,"dimensio",FALSE,18,13898,14503
"3721",2023-05-09,0,9,"dimensio",FALSE,9,13907,14512
"3722",2023-05-10,2,24,"dimensio",FALSE,22,13929,14536
"3723",2023-05-11,0,12,"dimensio",FALSE,12,13941,14548
"3724",2023-05-12,0,19,"dimensio",FALSE,19,13960,14567
"3725",2023-05-13,0,15,"dimensio",FALSE,15,13975,14582
"3726",2023-05-14,0,4,"dimensio",FALSE,4,13979,14586
"3727",2023-05-15,1,10,"dimensio",FALSE,9,13988,14596
"3728",2023-05-16,0,14,"dimensio",FALSE,14,14002,14610
"3729",2023-05-17,2,19,"dimensio",FALSE,17,14019,14629
"3730",2023-05-18,0,9,"dimensio",FALSE,9,14028,14638
"3731",2023-05-19,0,13,"dimensio",FALSE,13,14041,14651
"3732",2023-05-20,0,1,"dimensio",FALSE,1,14042,14652
"3733",2023-05-21,0,5,"dimensio",FALSE,5,14047,14657
"3734",2023-05-22,0,8,"dimensio",FALSE,8,14055,14665
"3735",2023-05-23,0,12,"dimensio",FALSE,12,14067,14677
"3736",2023-05-24,2,20,"dimensio",FALSE,18,14085,14697
"3737",2023-05-25,0,10,"dimensio",FALSE,10,14095,14707
"3738",2023-05-26,0,9,"dimensio",FALSE,9,14104,14716
"3739",2023-05-27,0,7,"dimensio",FALSE,7,14111,14723
"3740",2023-05-28,0,3,"dimensio",FALSE,3,14114,14726
"3741",2023-05-29,0,9,"dimensio",FALSE,9,14123,14735
"3742",2023-05-30,0,7,"dimensio",FALSE,7,14130,14742
"3743",2023-05-31,0,10,"dimensio",FALSE,10,14140,14752
"3744",2023-06-01,0,18,"dimensio",FALSE,18,14158,14770
"3745",2023-06-02,0,13,"dimensio",FALSE,13,14171,14783
"3746",2023-06-03,0,3,"dimensio",FALSE,3,14174,14786
"3747",2023-06-04,0,6,"dimensio",FALSE,6,14180,14792
"3748",2023-06-05,0,5,"dimensio",FALSE,5,14185,14797
"3749",2023-06-06,0,6,"dimensio",FALSE,6,14191,14803
"3750",2023-06-07,0,2,"dimensio",FALSE,2,14193,14805
"3751",2023-06-08,2,18,"dimensio",FALSE,16,14209,14823
"3752",2023-06-09,0,8,"dimensio",FALSE,8,14217,14831
"3753",2023-06-10,0,4,"dimensio",FALSE,4,14221,14835
"3754",2023-06-11,0,6,"dimensio",FALSE,6,14227,14841
"3755",2023-06-12,0,9,"dimensio",FALSE,9,14236,14850
"3756",2023-06-13,0,6,"dimensio",FALSE,6,14242,14856
"3757",2023-06-14,0,7,"dimensio",FALSE,7,14249,14863
"3758",2023-06-15,2,12,"dimensio",FALSE,10,14259,14875
"3759",2023-06-16,0,9,"dimensio",FALSE,9,14268,14884
"3760",2023-06-17,0,6,"dimensio",FALSE,6,14274,14890
"3761",2023-06-18,0,2,"dimensio",FALSE,2,14276,14892
"3762",2023-06-19,0,5,"dimensio",FALSE,5,14281,14897
"3763",2023-06-20,0,13,"dimensio",FALSE,13,14294,14910
"3764",2023-06-21,1,14,"dimensio",FALSE,13,14307,14924
"3765",2023-06-22,0,12,"dimensio",FALSE,12,14319,14936
"3766",2023-06-23,0,5,"dimensio",FALSE,5,14324,14941
"3767",2023-06-24,0,8,"dimensio",FALSE,8,14332,14949
"3768",2023-06-25,0,5,"dimensio",FALSE,5,14337,14954
"3769",2023-06-26,0,9,"dimensio",FALSE,9,14346,14963
"3770",2023-06-27,0,8,"dimensio",FALSE,8,14354,14971
"3771",2023-06-28,2,19,"dimensio",FALSE,17,14371,14990
"3772",2023-06-29,0,9,"dimensio",FALSE,9,14380,14999
"3773",2023-06-30,0,6,"dimensio",FALSE,6,14386,15005
"3774",2023-07-01,0,6,"dimensio",FALSE,6,14392,15011
"3775",2023-07-02,0,4,"dimensio",FALSE,4,14396,15015
"3776",2023-07-03,0,12,"dimensio",FALSE,12,14408,15027
"3777",2023-07-04,0,12,"dimensio",FALSE,12,14420,15039
"3778",2023-07-05,1,17,"dimensio",FALSE,16,14436,15056
"3779",2023-07-06,0,16,"dimensio",FALSE,16,14452,15072
"3780",2023-07-07,0,11,"dimensio",FALSE,11,14463,15083
"3781",2023-07-08,0,5,"dimensio",FALSE,5,14468,15088
"3782",2023-07-09,0,7,"dimensio",FALSE,7,14475,15095
"3783",2023-07-10,0,10,"dimensio",FALSE,10,14485,15105
"3784",2023-07-11,0,8,"dimensio",FALSE,8,14493,15113
"3785",2023-07-12,2,17,"dimensio",FALSE,15,14508,15130
"3786",2023-07-13,0,5,"dimensio",FALSE,5,14513,15135
"3787",2023-07-14,0,5,"dimensio",FALSE,5,14518,15140
"3788",2023-07-15,0,4,"dimensio",FALSE,4,14522,15144
"3789",2023-07-16,0,7,"dimensio",FALSE,7,14529,15151
"3790",2023-07-17,0,5,"dimensio",FALSE,5,14534,15156
"3791",2023-07-18,0,11,"dimensio",FALSE,11,14545,15167
"3792",2023-07-19,2,13,"dimensio",FALSE,11,14556,15180
"3793",2023-07-20,0,4,"dimensio",FALSE,4,14560,15184
"3794",2023-07-21,0,7,"dimensio",FALSE,7,14567,15191
"3795",2023-07-22,0,4,"dimensio",FALSE,4,14571,15195
"3796",2023-07-23,0,5,"dimensio",FALSE,5,14576,15200
"3797",2023-07-24,0,3,"dimensio",FALSE,3,14579,15203
"3798",2023-07-25,0,15,"dimensio",FALSE,15,14594,15218
"3799",2023-07-26,2,19,"dimensio",FALSE,17,14611,15237
"3800",2023-07-27,0,7,"dimensio",FALSE,7,14618,15244
"3801",2023-07-28,0,3,"dimensio",FALSE,3,14621,15247
"3802",2023-07-29,0,1,"dimensio",FALSE,1,14622,15248
"3803",2023-07-30,0,5,"dimensio",FALSE,5,14627,15253
"3804",2023-07-31,0,2,"dimensio",FALSE,2,14629,15255
"3805",2023-08-01,0,13,"dimensio",FALSE,13,14642,15268
"3806",2023-08-02,0,9,"dimensio",FALSE,9,14651,15277
"3807",2023-08-03,2,15,"dimensio",FALSE,13,14664,15292
"3808",2023-08-04,0,9,"dimensio",FALSE,9,14673,15301
"3809",2023-08-05,0,3,"dimensio",FALSE,3,14676,15304
"3810",2023-08-06,0,3,"dimensio",FALSE,3,14679,15307
"3811",2023-08-07,0,15,"dimensio",FALSE,15,14694,15322
"3812",2023-08-08,0,12,"dimensio",FALSE,12,14706,15334
"3813",2023-08-09,2,15,"dimensio",FALSE,13,14719,15349
"3814",2023-08-10,0,7,"dimensio",FALSE,7,14726,15356
"3815",2023-08-11,0,5,"dimensio",FALSE,5,14731,15361
"3816",2023-08-12,0,2,"dimensio",FALSE,2,14733,15363
"3817",2023-08-13,0,1,"dimensio",FALSE,1,14734,15364
"3818",2023-08-14,0,5,"dimensio",FALSE,5,14739,15369
"3819",2023-08-15,0,8,"dimensio",FALSE,8,14747,15377
"3820",2023-08-16,1,18,"dimensio",FALSE,17,14764,15395
"3821",2023-08-17,0,13,"dimensio",FALSE,13,14777,15408
"3822",2023-08-18,0,5,"dimensio",FALSE,5,14782,15413
"3823",2023-08-19,0,11,"dimensio",FALSE,11,14793,15424
"3824",2023-08-20,0,4,"dimensio",FALSE,4,14797,15428
"3825",2023-08-21,0,1,"dimensio",FALSE,1,14798,15429
"3826",2023-08-22,0,4,"dimensio",FALSE,4,14802,15433
"3827",2023-08-23,2,33,"dimensio",TRUE,2,14804,15466
"3828",2023-08-24,0,37,"dimensio",FALSE,2,14806,15503
"3829",2023-08-25,0,32,"dimensio",FALSE,32,14838,15535
"3830",2023-08-26,0,9,"dimensio",FALSE,9,14847,15544
"3831",2023-08-27,0,7,"dimensio",FALSE,7,14854,15551
"3832",2023-08-28,0,34,"dimensio",FALSE,34,14888,15585
"3833",2023-08-29,0,15,"dimensio",FALSE,15,14903,15600
"3834",2023-08-30,2,22,"dimensio",FALSE,20,14923,15622
"3835",2023-08-31,0,15,"dimensio",FALSE,15,14938,15637
"3836",2023-09-01,0,14,"dimensio",FALSE,14,14952,15651
"3837",2023-09-02,0,6,"dimensio",FALSE,6,14958,15657
"3838",2023-09-03,0,11,"dimensio",FALSE,11,14969,15668
"3839",2023-09-04,0,14,"dimensio",FALSE,14,14983,15682
"3840",2023-09-05,0,14,"dimensio",FALSE,14,14997,15696
"3841",2023-09-06,1,10,"dimensio",FALSE,9,15006,15706
"3842",2023-09-07,0,8,"dimensio",FALSE,8,15014,15714
"3843",2023-09-08,0,9,"dimensio",FALSE,9,15023,15723
"3844",2023-09-09,0,4,"dimensio",FALSE,4,15027,15727
"3845",2023-09-10,0,6,"dimensio",FALSE,6,15033,15733
"3846",2023-09-11,0,9,"dimensio",FALSE,9,15042,15742
"3847",2023-09-12,0,9,"dimensio",FALSE,9,15051,15751
"3848",2023-09-13,0,12,"dimensio",FALSE,12,15063,15763
"3849",2023-09-14,0,8,"dimensio",FALSE,8,15071,15771
"3850",2023-09-15,0,18,"dimensio",FALSE,18,15089,15789
"3851",2023-09-16,0,8,"dimensio",FALSE,8,15097,15797
"3852",2023-09-17,0,3,"dimensio",FALSE,3,15100,15800
"3853",2023-09-18,0,9,"dimensio",FALSE,9,15109,15809
"3854",2023-09-19,0,9,"dimensio",FALSE,9,15118,15818
"3855",2023-09-20,0,7,"dimensio",FALSE,7,15125,15825
"3856",2023-09-21,0,8,"dimensio",FALSE,8,15133,15833
"3857",2023-09-22,0,26,"dimensio",FALSE,26,15159,15859
"3858",2023-09-23,0,7,"dimensio",FALSE,7,15166,15866
"3859",2023-09-24,0,12,"dimensio",FALSE,12,15178,15878
"3860",2023-09-25,0,12,"dimensio",FALSE,12,15190,15890
"3861",2023-09-26,0,4,"dimensio",FALSE,4,15194,15894
"3862",2023-09-27,2,18,"dimensio",FALSE,16,15210,15912
"3863",2023-09-28,0,8,"dimensio",FALSE,8,15218,15920
"3864",2023-09-29,0,5,"dimensio",FALSE,5,15223,15925
"3865",2023-09-30,0,2,"dimensio",FALSE,2,15225,15927
"3866",2023-10-01,0,5,"dimensio",FALSE,5,15230,15932
"3867",2023-10-02,0,6,"dimensio",FALSE,6,15236,15938
"3868",2023-10-03,0,5,"dimensio",FALSE,5,15241,15943
"3869",2023-10-04,1,11,"dimensio",FALSE,10,15251,15954
"3870",2023-10-05,0,15,"dimensio",FALSE,15,15266,15969
"3871",2023-10-06,0,6,"dimensio",FALSE,6,15272,15975
"3872",2023-10-07,0,6,"dimensio",FALSE,6,15278,15981
"3873",2023-10-08,0,4,"dimensio",FALSE,4,15282,15985
"3874",2023-10-09,0,5,"dimensio",FALSE,5,15287,15990
"3875",2023-10-10,0,6,"dimensio",FALSE,6,15293,15996
"3876",2023-10-11,0,11,"dimensio",FALSE,11,15304,16007
"3877",2023-10-12,0,13,"dimensio",FALSE,13,15317,16020
"3878",2023-10-13,0,4,"dimensio",FALSE,4,15321,16024
"3879",2023-10-14,0,9,"dimensio",FALSE,9,15330,16033
"3880",2023-10-15,0,4,"dimensio",FALSE,4,15334,16037
"3881",2023-10-16,0,11,"dimensio",FALSE,11,15345,16048
"3882",2023-10-17,0,6,"dimensio",FALSE,6,15351,16054
"3883",2023-10-18,1,14,"dimensio",FALSE,13,15364,16068
"3884",2023-10-19,0,17,"dimensio",TRUE,2,15366,16085
"3885",2023-10-20,0,29,"dimensio",FALSE,2,15368,16114
"3886",2023-10-21,0,8,"dimensio",FALSE,8,15376,16122
"3887",2023-10-22,0,43,"dimensio",FALSE,43,15419,16165
"3888",2023-10-23,0,18,"dimensio",FALSE,18,15437,16183
"3889",2023-10-24,0,6,"dimensio",FALSE,6,15443,16189
"3890",2023-10-25,1,17,"dimensio",FALSE,16,15459,16206
"3891",2023-10-26,0,30,"dimensio",FALSE,30,15489,16236
"3892",2023-10-27,0,11,"dimensio",FALSE,11,15500,16247
"3893",2023-10-28,0,6,"dimensio",FALSE,6,15506,16253
"3894",2023-10-29,0,7,"dimensio",FALSE,7,15513,16260
"3895",2023-10-30,0,11,"dimensio",FALSE,11,15524,16271
"3896",2023-10-31,0,11,"dimensio",FALSE,11,15535,16282
"3897",2023-11-01,1,18,"dimensio",FALSE,17,15552,16300
"3898",2023-11-02,0,15,"dimensio",FALSE,15,15567,16315
"3899",2023-11-03,0,11,"dimensio",FALSE,11,15578,16326
"3900",2023-11-04,0,1,"dimensio",FALSE,1,15579,16327
"3901",2023-11-05,0,6,"dimensio",FALSE,6,15585,16333
"3902",2023-11-06,0,11,"dimensio",FALSE,11,15596,16344
"3903",2023-11-07,0,7,"dimensio",FALSE,7,15603,16351
"3904",2023-11-08,2,28,"dimensio",FALSE,26,15629,16379
"3905",2023-11-09,0,9,"dimensio",FALSE,9,15638,16388
"3906",2023-11-10,0,3,"dimensio",FALSE,3,15641,16391
"3907",2023-11-11,0,5,"dimensio",FALSE,5,15646,16396
"3908",2023-11-12,0,3,"dimensio",FALSE,3,15649,16399
"3909",2023-11-13,0,11,"dimensio",FALSE,11,15660,16410
"3910",2023-11-14,0,8,"dimensio",FALSE,8,15668,16418
"3911",2023-11-15,2,24,"dimensio",FALSE,22,15690,16442
"3912",2023-11-16,0,11,"dimensio",FALSE,11,15701,16453
"3913",2023-11-17,0,19,"dimensio",FALSE,19,15720,16472
"3914",2023-11-18,0,6,"dimensio",FALSE,6,15726,16478
"3915",2023-11-19,0,7,"dimensio",FALSE,7,15733,16485
"3916",2023-11-20,0,19,"dimensio",FALSE,19,15752,16504
"3917",2023-11-21,0,13,"dimensio",FALSE,13,15765,16517
"3918",2023-11-22,1,23,"dimensio",FALSE,22,15787,16540
"3919",2023-11-23,0,6,"dimensio",FALSE,6,15793,16546
"3920",2023-11-24,0,17,"dimensio",TRUE,2,15795,16563
"3921",2023-11-25,0,29,"dimensio",FALSE,2,15797,16592
"3922",2023-11-26,0,43,"dimensio",FALSE,43,15840,16635
"3923",2023-11-27,0,45,"dimensio",FALSE,45,15885,16680
"3924",2023-11-28,0,23,"dimensio",FALSE,23,15908,16703
"3925",2023-11-29,3,25,"dimensio",FALSE,22,15930,16728
"3926",2023-11-30,0,20,"dimensio",FALSE,20,15950,16748
"3927",2023-12-01,0,13,"dimensio",FALSE,13,15963,16761
"3928",2023-12-02,0,21,"dimensio",FALSE,21,15984,16782
"3929",2023-12-03,0,7,"dimensio",FALSE,7,15991,16789
"3930",2023-12-04,0,9,"dimensio",FALSE,9,16000,16798
"3931",2023-12-05,0,14,"dimensio",FALSE,14,16014,16812
"3932",2023-12-06,2,39,"dimensio",FALSE,37,16051,16851
"3933",2023-12-07,0,13,"dimensio",FALSE,13,16064,16864
"3934",2023-12-08,0,7,"dimensio",FALSE,7,16071,16871
"3935",2023-12-09,0,6,"dimensio",FALSE,6,16077,16877
"3936",2023-12-10,0,10,"dimensio",FALSE,10,16087,16887
"3937",2023-12-11,0,12,"dimensio",FALSE,12,16099,16899
"3938",2023-12-12,0,11,"dimensio",FALSE,11,16110,16910
"3939",2023-12-13,0,15,"dimensio",FALSE,15,16125,16925
"3940",2023-12-14,0,5,"dimensio",FALSE,5,16130,16930
"3941",2023-12-15,2,26,"dimensio",FALSE,24,16154,16956
"3942",2023-12-16,0,5,"dimensio",FALSE,5,16159,16961
"3943",2023-12-17,0,7,"dimensio",FALSE,7,16166,16968
"3944",2023-12-18,0,3,"dimensio",FALSE,3,16169,16971
"3945",2023-12-19,0,14,"dimensio",FALSE,14,16183,16985
"3946",2023-12-20,0,18,"dimensio",FALSE,18,16201,17003
"3947",2023-12-21,0,11,"dimensio",FALSE,11,16212,17014
"3948",2023-12-22,0,7,"dimensio",FALSE,7,16219,17021
"3949",2023-12-23,0,1,"dimensio",FALSE,1,16220,17022
"3950",2023-12-24,0,10,"dimensio",FALSE,10,16230,17032
"3951",2023-12-25,0,10,"dimensio",FALSE,10,16240,17042
"3952",2023-12-26,0,4,"dimensio",FALSE,4,16244,17046
"3953",2023-12-27,2,19,"dimensio",FALSE,17,16261,17065
"3954",2023-12-28,0,3,"dimensio",FALSE,3,16264,17068
"3955",2023-12-29,0,8,"dimensio",FALSE,8,16272,17076
"3956",2023-12-30,0,3,"dimensio",FALSE,3,16275,17079
"3957",2023-12-31,0,1,"dimensio",FALSE,1,16276,17080
"3958",2024-01-01,0,6,"dimensio",FALSE,6,16282,17086
"3959",2024-01-02,0,3,"dimensio",FALSE,3,16285,17089
"3960",2024-01-03,1,17,"dimensio",FALSE,16,16301,17106
"3961",2024-01-04,0,4,"dimensio",FALSE,4,16305,17110
"3962",2024-01-05,0,3,"dimensio",FALSE,3,16308,17113
"3963",2024-01-06,0,8,"dimensio",FALSE,8,16316,17121
"3964",2024-01-07,0,6,"dimensio",FALSE,6,16322,17127
"3965",2024-01-08,0,8,"dimensio",FALSE,8,16330,17135
"3966",2024-01-09,0,12,"dimensio",FALSE,12,16342,17147
"3967",2024-01-10,2,26,"dimensio",FALSE,24,16366,17173
"3968",2024-01-11,0,5,"dimensio",FALSE,5,16371,17178
"3969",2024-01-12,0,36,"dimensio",FALSE,36,16407,17214
"3970",2024-01-13,0,9,"dimensio",FALSE,9,16416,17223
"3971",2024-01-14,0,4,"dimensio",FALSE,4,16420,17227
"3972",2024-01-15,0,9,"dimensio",FALSE,9,16429,17236
"3973",2024-01-16,0,9,"dimensio",FALSE,9,16438,17245
"3974",2024-01-17,2,25,"dimensio",FALSE,23,16461,17270
"3975",2024-01-18,0,17,"dimensio",FALSE,17,16478,17287
"3976",2024-01-19,0,9,"dimensio",FALSE,9,16487,17296
"3977",2024-01-20,0,7,"dimensio",FALSE,7,16494,17303
"3978",2024-01-21,0,2,"dimensio",FALSE,2,16496,17305
"3979",2024-01-22,0,12,"dimensio",FALSE,12,16508,17317
"3980",2024-01-23,0,23,"dimensio",FALSE,23,16531,17340
"3981",2024-01-24,6,138,"dimensio",FALSE,132,16663,17478
"3982",2024-01-25,1,122,"dimensio",FALSE,121,16784,17600
"3983",2024-01-26,0,7,"dimensio",FALSE,7,16791,17607
"3984",2024-01-27,0,3,"dimensio",FALSE,3,16794,17610
"3985",2024-01-28,0,2,"dimensio",FALSE,2,16796,17612
"3986",2024-01-29,0,25,"dimensio",FALSE,25,16821,17637
"3987",2024-01-30,0,23,"dimensio",FALSE,23,16844,17660
"3988",2024-01-31,2,27,"dimensio",FALSE,25,16869,17687
"3989",2024-02-01,0,5,"dimensio",FALSE,5,16874,17692
"3990",2024-02-02,0,7,"dimensio",FALSE,7,16881,17699
"3991",2024-02-03,0,17,"dimensio",FALSE,17,16898,17716
"3992",2024-02-04,0,3,"dimensio",FALSE,3,16901,17719
"3993",2024-02-05,0,9,"dimensio",FALSE,9,16910,17728
"3994",2024-02-06,0,5,"dimensio",FALSE,5,16915,17733
"3995",2024-02-07,2,19,"dimensio",FALSE,17,16932,17752
"3996",2024-02-08,0,8,"dimensio",FALSE,8,16940,17760
"3997",2024-02-09,0,4,"dimensio",FALSE,4,16944,17764
"3998",2024-02-10,0,3,"dimensio",FALSE,3,16947,17767
"3999",2024-02-11,0,3,"dimensio",FALSE,3,16950,17770
"4000",2024-02-12,0,5,"dimensio",FALSE,5,16955,17775
"4001",2024-02-13,0,14,"dimensio",FALSE,14,16969,17789
"4002",2024-02-14,2,18,"dimensio",FALSE,16,16985,17807
"4003",2024-02-15,0,4,"dimensio",FALSE,4,16989,17811
"4004",2024-02-16,0,7,"dimensio",FALSE,7,16996,17818
"4005",2024-02-17,0,4,"dimensio",FALSE,4,17000,17822
"4006",2024-02-18,0,3,"dimensio",FALSE,3,17003,17825
"4007",2024-02-19,0,5,"dimensio",FALSE,5,17008,17830
"4008",2024-02-20,0,10,"dimensio",FALSE,10,17018,17840
"4009",2024-02-21,2,19,"dimensio",FALSE,17,17035,17859
"4010",2024-02-22,0,7,"dimensio",FALSE,7,17042,17866
"4011",2024-02-23,0,37,"dimensio",TRUE,2,17044,17903
"4012",2024-02-24,1,22,"dimensio",FALSE,2,17046,17925
"4013",2024-02-25,0,10,"dimensio",FALSE,10,17056,17935
"4014",2024-02-26,0,27,"dimensio",FALSE,27,17083,17962
"4015",2024-02-27,0,49,"dimensio",FALSE,49,17132,18011
"4016",2024-02-28,2,29,"dimensio",FALSE,27,17159,18040
"4017",2024-02-29,0,15,"dimensio",FALSE,15,17174,18055
"4018",2024-03-01,0,24,"dimensio",FALSE,24,17198,18079
"4019",2024-03-02,0,12,"dimensio",FALSE,12,17210,18091
"4020",2024-03-03,0,20,"dimensio",FALSE,20,17230,18111
"4021",2024-03-04,0,15,"dimensio",FALSE,15,17245,18126
"4022",2024-03-05,0,18,"dimensio",FALSE,18,17263,18144
"4023",2024-03-06,2,26,"dimensio",FALSE,24,17287,18170
"4024",2024-03-07,0,6,"dimensio",FALSE,6,17293,18176
"4025",2024-03-08,0,16,"dimensio",FALSE,16,17309,18192
"4026",2024-03-09,0,9,"dimensio",FALSE,9,17318,18201
"4027",2024-03-10,0,11,"dimensio",FALSE,11,17329,18212
"4028",2024-03-11,0,5,"dimensio",FALSE,5,17334,18217
"4029",2024-03-12,0,12,"dimensio",FALSE,12,17346,18229
"4030",2024-03-13,2,25,"dimensio",FALSE,23,17369,18254
"4031",2024-03-14,0,13,"dimensio",FALSE,13,17382,18267
"4032",2024-03-15,0,8,"dimensio",FALSE,8,17390,18275
"4033",2024-03-16,0,9,"dimensio",FALSE,9,17399,18284
"4034",2024-03-17,0,2,"dimensio",FALSE,2,17401,18286
"4035",2024-03-18,0,9,"dimensio",FALSE,9,17410,18295
"4036",2024-03-19,0,9,"dimensio",FALSE,9,17419,18304
"4037",2024-03-20,0,10,"dimensio",FALSE,10,17429,18314
"4038",2024-03-21,2,22,"dimensio",FALSE,20,17449,18336
"4039",2024-03-22,0,9,"dimensio",FALSE,9,17458,18345
"4040",2024-03-23,0,7,"dimensio",FALSE,7,17465,18352
"4041",2024-03-24,0,7,"dimensio",FALSE,7,17472,18359
"4042",2024-03-25,0,7,"dimensio",FALSE,7,17479,18366
"4043",2024-03-26,0,16,"dimensio",FALSE,16,17495,18382
"4044",2024-03-27,2,28,"dimensio",FALSE,26,17521,18410
"4045",2024-03-28,0,21,"dimensio",FALSE,21,17542,18431
"4046",2024-03-29,0,8,"dimensio",FALSE,8,17550,18439
"4047",2024-03-30,0,7,"dimensio",FALSE,7,17557,18446
"4048",2024-03-31,0,5,"dimensio",FALSE,5,17562,18451
"4049",2024-04-01,0,4,"dimensio",FALSE,4,17566,18455
"4050",2024-04-02,0,7,"dimensio",FALSE,7,17573,18462
"4051",2024-04-03,2,24,"dimensio",FALSE,22,17595,18486
"4052",2024-04-04,0,13,"dimensio",FALSE,13,17608,18499
"4053",2024-04-05,0,5,"dimensio",FALSE,5,17613,18504
"4054",2024-04-06,0,2,"dimensio",FALSE,2,17615,18506
"4055",2024-04-07,0,3,"dimensio",FALSE,3,17618,18509
"4056",2024-04-08,0,2,"dimensio",FALSE,2,17620,18511
"4057",2024-04-09,0,31,"dimensio",TRUE,2,17622,18542
"4058",2024-04-10,2,48,"dimensio",FALSE,2,17624,18590
"4059",2024-04-11,0,41,"dimensio",FALSE,41,17665,18631
"4060",2024-04-12,0,11,"dimensio",FALSE,11,17676,18642
"4061",2024-04-13,0,6,"dimensio",FALSE,6,17682,18648
"4062",2024-04-14,0,23,"dimensio",FALSE,23,17705,18671
"4063",2024-04-15,0,14,"dimensio",FALSE,14,17719,18685
"4064",2024-04-16,0,18,"dimensio",FALSE,18,17737,18703
"4065",2024-04-17,2,44,"dimensio",FALSE,42,17779,18747
"4066",2024-04-18,0,15,"dimensio",FALSE,15,17794,18762
"4067",2024-04-19,0,2,"dimensio",FALSE,2,17796,18764
"4068",2024-04-20,0,12,"dimensio",FALSE,12,17808,18776
"4069",2024-04-21,0,12,"dimensio",FALSE,12,17820,18788
"4070",2024-04-22,0,7,"dimensio",FALSE,7,17827,18795
"4071",2024-04-23,0,9,"dimensio",FALSE,9,17836,18804
"4072",2024-04-24,0,14,"dimensio",FALSE,14,17850,18818
"4073",2024-04-25,0,28,"dimensio",FALSE,28,17878,18846
"4074",2024-04-26,0,13,"dimensio",FALSE,13,17891,18859
"4075",2024-04-27,0,7,"dimensio",FALSE,7,17898,18866
"4076",2024-04-28,0,8,"dimensio",FALSE,8,17906,18874
"4077",2024-04-29,0,12,"dimensio",FALSE,12,17918,18886
"4078",2024-04-30,0,13,"dimensio",FALSE,13,17931,18899
"4079",2024-05-01,2,28,"dimensio",FALSE,26,17957,18927
"4080",2024-05-02,0,11,"dimensio",FALSE,11,17968,18938
"4081",2024-05-03,0,8,"dimensio",FALSE,8,17976,18946
"4082",2024-05-04,0,3,"dimensio",FALSE,3,17979,18949
"4083",2024-05-05,0,6,"dimensio",FALSE,6,17985,18955
"4084",2024-05-06,0,16,"dimensio",FALSE,16,18001,18971
"4085",2024-05-07,0,8,"dimensio",FALSE,8,18009,18979
"4086",2024-05-08,2,38,"dimensio",FALSE,36,18045,19017
"4087",2024-05-09,0,6,"dimensio",FALSE,6,18051,19023
"4088",2024-05-10,0,9,"dimensio",FALSE,9,18060,19032
"4089",2024-05-11,0,8,"dimensio",FALSE,8,18068,19040
"4090",2024-05-12,0,7,"dimensio",FALSE,7,18075,19047
"4091",2024-05-13,0,9,"dimensio",FALSE,9,18084,19056
"4092",2024-05-14,0,11,"dimensio",FALSE,11,18095,19067
"4093",2024-05-15,2,28,"dimensio",FALSE,26,18121,19095
"4094",2024-05-16,0,7,"dimensio",FALSE,7,18128,19102
"4095",2024-05-17,0,11,"dimensio",FALSE,11,18139,19113
"4096",2024-05-18,0,4,"dimensio",FALSE,4,18143,19117
"4097",2024-05-19,0,4,"dimensio",FALSE,4,18147,19121
"4098",2024-05-20,0,5,"dimensio",FALSE,5,18152,19126
"4099",2024-05-21,0,15,"dimensio",FALSE,15,18167,19141
"4100",2024-05-22,2,36,"dimensio",FALSE,34,18201,19177
"4101",2024-05-23,0,7,"dimensio",FALSE,7,18208,19184
"4102",2024-05-24,0,5,"dimensio",FALSE,5,18213,19189
"4103",2024-05-25,0,10,"dimensio",FALSE,10,18223,19199
"4104",2024-05-26,0,3,"dimensio",FALSE,3,18226,19202
"4105",2024-05-27,0,6,"dimensio",FALSE,6,18232,19208
"4106",2024-05-28,0,5,"dimensio",FALSE,5,18237,19213
"4107",2024-05-29,2,29,"dimensio",FALSE,27,18264,19242
"4108",2024-05-30,0,15,"dimensio",FALSE,15,18279,19257
"4109",2024-05-31,0,8,"dimensio",FALSE,8,18287,19265
"4110",2024-06-01,0,3,"dimensio",FALSE,3,18290,19268
"4111",2024-06-02,0,7,"dimensio",FALSE,7,18297,19275
"4112",2024-06-03,0,4,"dimensio",FALSE,4,18301,19279
"4113",2024-06-04,0,19,"dimensio",FALSE,19,18320,19298
"4114",2024-06-05,2,38,"dimensio",FALSE,36,18356,19336
"4115",2024-06-06,0,5,"dimensio",FALSE,5,18361,19341
"4116",2024-06-07,0,23,"dimensio",TRUE,2,18363,19364
"4117",2024-06-08,0,12,"dimensio",FALSE,2,18365,19376
"4118",2024-06-09,0,16,"dimensio",FALSE,16,18381,19392
"4119",2024-06-10,0,30,"dimensio",FALSE,30,18411,19422
"4120",2024-06-11,0,21,"dimensio",FALSE,21,18432,19443
"4121",2024-06-12,2,37,"dimensio",FALSE,35,18467,19480
"4122",2024-06-13,0,42,"dimensio",FALSE,42,18509,19522
"4123",2024-06-14,0,7,"dimensio",FALSE,7,18516,19529
"4124",2024-06-15,0,4,"dimensio",FALSE,4,18520,19533
"4125",2024-06-16,0,47,"dimensio",FALSE,47,18567,19580
"4126",2024-06-17,0,9,"dimensio",FALSE,9,18576,19589
"4127",2024-06-18,0,7,"dimensio",FALSE,7,18583,19596
"4128",2024-06-19,2,66,"dimensio",FALSE,64,18647,19662
"4129",2024-06-20,0,13,"dimensio",FALSE,13,18660,19675
"4130",2024-06-21,0,13,"dimensio",FALSE,13,18673,19688
"4131",2024-06-22,0,48,"dimensio",FALSE,48,18721,19736
"4132",2024-06-23,0,3,"dimensio",FALSE,3,18724,19739
"4133",2024-06-24,0,11,"dimensio",FALSE,11,18735,19750
"4134",2024-06-25,0,45,"dimensio",FALSE,45,18780,19795
"4135",2024-06-26,0,20,"dimensio",FALSE,20,18800,19815
"4136",2024-06-27,0,16,"dimensio",FALSE,16,18816,19831
"4137",2024-06-28,0,41,"dimensio",FALSE,41,18857,19872
"4138",2024-06-29,0,3,"dimensio",FALSE,3,18860,19875
"4139",2024-06-30,0,11,"dimensio",FALSE,11,18871,19886
"4140",2024-07-01,0,50,"dimensio",FALSE,50,18921,19936
"4141",2024-07-02,0,9,"dimensio",FALSE,9,18930,19945
"4142",2024-07-03,2,25,"dimensio",FALSE,23,18953,19970
"4143",2024-07-04,0,48,"dimensio",FALSE,48,19001,20018
"4144",2024-07-05,0,7,"dimensio",FALSE,7,19008,20025
"4145",2024-07-06,0,8,"dimensio",FALSE,8,19016,20033
"4146",2024-07-07,0,3,"dimensio",FALSE,3,19019,20036
"4147",2024-07-08,0,40,"dimensio",FALSE,40,19059,20076
"4148",2024-07-09,0,21,"dimensio",FALSE,21,19080,20097
"4149",2024-07-10,0,22,"dimensio",FALSE,22,19102,20119
"4150",2024-07-11,0,16,"dimensio",FALSE,16,19118,20135
"4151",2024-07-12,0,5,"dimensio",FALSE,5,19123,20140
"4152",2024-07-13,0,2,"dimensio",FALSE,2,19125,20142
"4153",2024-07-14,0,5,"dimensio",FALSE,5,19130,20147
"4154",2024-07-15,0,6,"dimensio",FALSE,6,19136,20153
"4155",2024-07-16,0,12,"dimensio",FALSE,12,19148,20165
"4156",2024-07-17,2,32,"dimensio",FALSE,30,19178,20197
"4157",2024-07-18,0,13,"dimensio",FALSE,13,19191,20210
"4158",2024-07-19,0,5,"dimensio",FALSE,5,19196,20215
"4159",2024-07-20,0,4,"dimensio",FALSE,4,19200,20219
"4160",2024-07-21,0,4,"dimensio",FALSE,4,19204,20223
"4161",2024-07-22,0,10,"dimensio",FALSE,10,19214,20233
"4162",2024-07-23,0,44,"dimensio",FALSE,44,19258,20277
"4163",2024-07-24,2,44,"dimensio",FALSE,42,19300,20321
"4164",2024-07-25,0,6,"dimensio",FALSE,6,19306,20327
"4165",2024-07-26,0,41,"dimensio",FALSE,41,19347,20368
"4166",2024-07-27,0,7,"dimensio",FALSE,7,19354,20375
"4167",2024-07-28,0,2,"dimensio",FALSE,2,19356,20377
"4168",2024-07-29,0,41,"dimensio",FALSE,41,19397,20418
"4169",2024-07-30,0,30,"dimensio",TRUE,2,19399,20448
"4170",2024-07-31,0,33,"dimensio",FALSE,2,19401,20481
"4171",2024-08-01,0,70,"dimensio",FALSE,70,19471,20551
"4172",2024-08-02,0,10,"dimensio",FALSE,10,19481,20561
"4173",2024-08-03,0,11,"dimensio",FALSE,11,19492,20572
"4174",2024-08-04,0,17,"dimensio",FALSE,17,19509,20589
"4175",2024-08-05,0,30,"dimensio",FALSE,30,19539,20619
"4176",2024-08-06,0,11,"dimensio",FALSE,11,19550,20630
"4177",2024-08-07,0,22,"dimensio",FALSE,22,19572,20652
"4178",2024-08-08,2,27,"dimensio",FALSE,25,19597,20679
"4179",2024-08-09,0,18,"dimensio",FALSE,18,19615,20697
"4180",2024-08-10,0,12,"dimensio",FALSE,12,19627,20709
"4181",2024-08-11,0,9,"dimensio",FALSE,9,19636,20718
"4182",2024-08-12,0,13,"dimensio",FALSE,13,19649,20731
"4183",2024-08-13,0,13,"dimensio",FALSE,13,19662,20744
"4184",2024-08-14,0,14,"dimensio",FALSE,14,19676,20758
"4185",2024-08-15,2,47,"dimensio",FALSE,45,19721,20805
"4186",2024-08-16,0,16,"dimensio",FALSE,16,19737,20821
"4187",2024-08-17,0,10,"dimensio",FALSE,10,19747,20831
"4188",2024-08-18,0,3,"dimensio",FALSE,3,19750,20834
"4189",2024-08-19,0,12,"dimensio",FALSE,12,19762,20846
"4190",2024-08-20,0,11,"dimensio",FALSE,11,19773,20857
"4191",2024-08-21,0,19,"dimensio",FALSE,19,19792,20876
"4192",2024-08-22,0,42,"dimensio",FALSE,42,19834,20918
"4193",2024-08-23,0,11,"dimensio",FALSE,11,19845,20929
"4194",2024-08-24,0,10,"dimensio",FALSE,10,19855,20939
"4195",2024-08-25,0,9,"dimensio",FALSE,9,19864,20948
"4196",2024-08-26,0,41,"dimensio",TRUE,2,19866,20989
"4197",2024-08-27,0,50,"dimensio",FALSE,2,19868,21039
"4198",2024-08-28,2,40,"dimensio",FALSE,38,19906,21079
"4199",2024-08-29,0,16,"dimensio",FALSE,16,19922,21095
"4200",2024-08-30,0,34,"dimensio",FALSE,34,19956,21129
"4201",2024-08-31,0,43,"dimensio",FALSE,43,19999,21172
"4202",2024-09-01,0,10,"dimensio",FALSE,10,20009,21182
"4203",2024-09-02,0,25,"dimensio",FALSE,25,20034,21207
"4204",2024-09-03,0,20,"dimensio",FALSE,20,20054,21227
"4205",2024-09-04,2,37,"dimensio",FALSE,35,20089,21264
"4206",2024-09-05,0,19,"dimensio",FALSE,19,20108,21283
"4207",2024-09-06,0,20,"dimensio",FALSE,20,20128,21303
"4208",2024-09-07,0,8,"dimensio",FALSE,8,20136,21311
"4209",2024-09-08,0,6,"dimensio",FALSE,6,20142,21317
"4210",2024-09-09,0,9,"dimensio",FALSE,9,20151,21326
"4211",2024-09-10,0,14,"dimensio",FALSE,14,20165,21340
"4212",2024-09-11,3,56,"dimensio",FALSE,53,20218,21396
"4213",2024-09-12,0,17,"dimensio",FALSE,17,20235,21413
"4214",2024-09-13,0,5,"dimensio",FALSE,5,20240,21418
"4215",2024-09-14,0,13,"dimensio",FALSE,13,20253,21431
"4216",2024-09-15,0,2,"dimensio",FALSE,2,20255,21433
"4217",2024-09-16,0,8,"dimensio",FALSE,8,20263,21441
"4218",2024-09-17,0,3,"dimensio",FALSE,3,20266,21444
"4219",2024-09-18,2,40,"dimensio",FALSE,38,20304,21484
"4220",2024-09-19,0,11,"dimensio",FALSE,11,20315,21495
"4221",2024-09-20,0,9,"dimensio",FALSE,9,20324,21504
"4222",2024-09-21,0,19,"dimensio",FALSE,19,20343,21523
"4223",2024-09-22,0,5,"dimensio",FALSE,5,20348,21528
"4224",2024-09-23,0,7,"dimensio",FALSE,7,20355,21535
"4225",2024-09-24,0,7,"dimensio",FALSE,7,20362,21542
"4226",2024-09-25,0,12,"dimensio",FALSE,12,20374,21554
"4227",2024-09-26,1,35,"dimensio",FALSE,34,20408,21589
"4228",2024-09-27,0,21,"dimensio",FALSE,21,20429,21610
"4229",2024-09-28,0,0,"dimensio",FALSE,0,20429,21610
"4230",2024-09-29,0,0,"dimensio",FALSE,0,20429,21610
"4231",2021-02-11,0,0,"folio",FALSE,0,0,0
"4232",2021-02-12,0,8,"folio",TRUE,2,2,8
"4233",2021-02-13,0,4,"folio",FALSE,2,4,12
"4234",2021-02-14,0,3,"folio",FALSE,3,7,15
"4235",2021-02-15,0,16,"folio",FALSE,16,23,31
"4236",2021-02-16,0,5,"folio",FALSE,5,28,36
"4237",2021-02-17,7,10,"folio",FALSE,3,31,46
"4238",2021-02-18,0,38,"folio",FALSE,38,69,84
"4239",2021-02-19,0,25,"folio",FALSE,25,94,109
"4240",2021-02-20,0,23,"folio",FALSE,23,117,132
"4241",2021-02-21,0,23,"folio",FALSE,23,140,155
"4242",2021-02-22,0,29,"folio",FALSE,29,169,184
"4243",2021-02-23,0,4,"folio",FALSE,4,173,188
"4244",2021-02-24,7,27,"folio",FALSE,20,193,215
"4245",2021-02-25,0,24,"folio",FALSE,24,217,239
"4246",2021-02-26,2,31,"folio",FALSE,29,246,270
"4247",2021-02-27,0,27,"folio",FALSE,27,273,297
"4248",2021-02-28,0,18,"folio",FALSE,18,291,315
"4249",2021-03-01,0,22,"folio",FALSE,22,313,337
"4250",2021-03-02,0,25,"folio",FALSE,25,338,362
"4251",2021-03-03,6,24,"folio",FALSE,18,356,386
"4252",2021-03-04,0,25,"folio",FALSE,25,381,411
"4253",2021-03-05,1,39,"folio",FALSE,38,419,450
"4254",2021-03-06,0,24,"folio",FALSE,24,443,474
"4255",2021-03-07,0,19,"folio",FALSE,19,462,493
"4256",2021-03-08,0,32,"folio",FALSE,32,494,525
"4257",2021-03-09,0,21,"folio",FALSE,21,515,546
"4258",2021-03-10,6,29,"folio",FALSE,23,538,575
"4259",2021-03-11,0,21,"folio",FALSE,21,559,596
"4260",2021-03-12,0,20,"folio",FALSE,20,579,616
"4261",2021-03-13,0,25,"folio",FALSE,25,604,641
"4262",2021-03-14,0,22,"folio",FALSE,22,626,663
"4263",2021-03-15,0,21,"folio",FALSE,21,647,684
"4264",2021-03-16,0,24,"folio",FALSE,24,671,708
"4265",2021-03-17,4,29,"folio",FALSE,25,696,737
"4266",2021-03-18,0,23,"folio",FALSE,23,719,760
"4267",2021-03-19,0,4,"folio",FALSE,4,723,764
"4268",2021-03-20,0,27,"folio",FALSE,27,750,791
"4269",2021-03-21,0,2,"folio",FALSE,2,752,793
"4270",2021-03-22,0,21,"folio",FALSE,21,773,814
"4271",2021-03-23,0,7,"folio",FALSE,7,780,821
"4272",2021-03-24,5,28,"folio",FALSE,23,803,849
"4273",2021-03-25,0,11,"folio",FALSE,11,814,860
"4274",2021-03-26,0,24,"folio",FALSE,24,838,884
"4275",2021-03-27,0,2,"folio",FALSE,2,840,886
"4276",2021-03-28,0,21,"folio",FALSE,21,861,907
"4277",2021-03-29,0,8,"folio",FALSE,8,869,915
"4278",2021-03-30,0,22,"folio",FALSE,22,891,937
"4279",2021-03-31,4,9,"folio",FALSE,5,896,946
"4280",2021-04-01,0,20,"folio",FALSE,20,916,966
"4281",2021-04-02,0,3,"folio",FALSE,3,919,969
"4282",2021-04-03,0,24,"folio",FALSE,24,943,993
"4283",2021-04-04,0,9,"folio",FALSE,9,952,1002
"4284",2021-04-05,0,22,"folio",FALSE,22,974,1024
"4285",2021-04-06,0,4,"folio",FALSE,4,978,1028
"4286",2021-04-07,5,25,"folio",FALSE,20,998,1053
"4287",2021-04-08,0,28,"folio",FALSE,28,1026,1081
"4288",2021-04-09,0,10,"folio",FALSE,10,1036,1091
"4289",2021-04-10,2,22,"folio",FALSE,20,1056,1113
"4290",2021-04-11,0,9,"folio",FALSE,9,1065,1122
"4291",2021-04-12,1,25,"folio",FALSE,24,1089,1147
"4292",2021-04-13,0,9,"folio",FALSE,9,1098,1156
"4293",2021-04-14,4,25,"folio",FALSE,21,1119,1181
"4294",2021-04-15,0,4,"folio",FALSE,4,1123,1185
"4295",2021-04-16,0,21,"folio",FALSE,21,1144,1206
"4296",2021-04-17,1,6,"folio",FALSE,5,1149,1212
"4297",2021-04-18,0,24,"folio",FALSE,24,1173,1236
"4298",2021-04-19,0,8,"folio",FALSE,8,1181,1244
"4299",2021-04-20,0,29,"folio",FALSE,29,1210,1273
"4300",2021-04-21,2,18,"folio",FALSE,16,1226,1291
"4301",2021-04-22,0,33,"folio",FALSE,33,1259,1324
"4302",2021-04-23,0,12,"folio",FALSE,12,1271,1336
"4303",2021-04-24,0,28,"folio",FALSE,28,1299,1364
"4304",2021-04-25,0,6,"folio",FALSE,6,1305,1370
"4305",2021-04-26,0,24,"folio",FALSE,24,1329,1394
"4306",2021-04-27,0,21,"folio",FALSE,21,1350,1415
"4307",2021-04-28,4,21,"folio",FALSE,17,1367,1436
"4308",2021-04-29,0,7,"folio",FALSE,7,1374,1443
"4309",2021-04-30,0,6,"folio",FALSE,6,1380,1449
"4310",2021-05-01,0,22,"folio",FALSE,22,1402,1471
"4311",2021-05-02,0,7,"folio",FALSE,7,1409,1478
"4312",2021-05-03,0,25,"folio",FALSE,25,1434,1503
"4313",2021-05-04,0,33,"folio",FALSE,33,1467,1536
"4314",2021-05-05,2,9,"folio",FALSE,7,1474,1545
"4315",2021-05-06,1,26,"folio",FALSE,25,1499,1571
"4316",2021-05-07,0,5,"folio",FALSE,5,1504,1576
"4317",2021-05-08,1,23,"folio",FALSE,22,1526,1599
"4318",2021-05-09,0,9,"folio",FALSE,9,1535,1608
"4319",2021-05-10,1,22,"folio",FALSE,21,1556,1630
"4320",2021-05-11,0,14,"folio",FALSE,14,1570,1644
"4321",2021-05-12,5,35,"folio",FALSE,30,1600,1679
"4322",2021-05-13,0,10,"folio",FALSE,10,1610,1689
"4323",2021-05-14,0,23,"folio",FALSE,23,1633,1712
"4324",2021-05-15,0,5,"folio",FALSE,5,1638,1717
"4325",2021-05-16,0,23,"folio",FALSE,23,1661,1740
"4326",2021-05-17,0,16,"folio",FALSE,16,1677,1756
"4327",2021-05-18,4,34,"folio",FALSE,30,1707,1790
"4328",2021-05-19,3,12,"folio",FALSE,9,1716,1802
"4329",2021-05-20,1,29,"folio",FALSE,28,1744,1831
"4330",2021-05-21,0,17,"folio",FALSE,17,1761,1848
"4331",2021-05-22,0,22,"folio",FALSE,22,1783,1870
"4332",2021-05-23,0,8,"folio",FALSE,8,1791,1878
"4333",2021-05-24,0,29,"folio",FALSE,29,1820,1907
"4334",2021-05-25,0,33,"folio",FALSE,33,1853,1940
"4335",2021-05-26,4,8,"folio",FALSE,4,1857,1948
"4336",2021-05-27,0,11,"folio",FALSE,11,1868,1959
"4337",2021-05-28,0,18,"folio",FALSE,18,1886,1977
"4338",2021-05-29,0,4,"folio",FALSE,4,1890,1981
"4339",2021-05-30,0,17,"folio",FALSE,17,1907,1998
"4340",2021-05-31,0,8,"folio",FALSE,8,1915,2006
"4341",2021-06-01,0,20,"folio",FALSE,20,1935,2026
"4342",2021-06-02,2,6,"folio",FALSE,4,1939,2032
"4343",2021-06-03,0,15,"folio",FALSE,15,1954,2047
"4344",2021-06-04,0,4,"folio",FALSE,4,1958,2051
"4345",2021-06-05,0,4,"folio",FALSE,4,1962,2055
"4346",2021-06-06,0,18,"folio",FALSE,18,1980,2073
"4347",2021-06-07,0,19,"folio",FALSE,19,1999,2092
"4348",2021-06-08,0,17,"folio",FALSE,17,2016,2109
"4349",2021-06-09,4,7,"folio",FALSE,3,2019,2116
"4350",2021-06-10,0,6,"folio",FALSE,6,2025,2122
"4351",2021-06-11,0,16,"folio",FALSE,16,2041,2138
"4352",2021-06-12,0,5,"folio",FALSE,5,2046,2143
"4353",2021-06-13,0,17,"folio",FALSE,17,2063,2160
"4354",2021-06-14,0,6,"folio",FALSE,6,2069,2166
"4355",2021-06-15,0,5,"folio",FALSE,5,2074,2171
"4356",2021-06-16,4,21,"folio",FALSE,17,2091,2192
"4357",2021-06-17,0,5,"folio",FALSE,5,2096,2197
"4358",2021-06-18,0,20,"folio",FALSE,20,2116,2217
"4359",2021-06-19,0,3,"folio",FALSE,3,2119,2220
"4360",2021-06-20,0,22,"folio",FALSE,22,2141,2242
"4361",2021-06-21,0,4,"folio",FALSE,4,2145,2246
"4362",2021-06-22,4,19,"folio",FALSE,15,2160,2265
"4363",2021-06-23,4,6,"folio",FALSE,2,2162,2271
"4364",2021-06-24,0,21,"folio",FALSE,21,2183,2292
"4365",2021-06-25,0,4,"folio",FALSE,4,2187,2296
"4366",2021-06-26,0,21,"folio",FALSE,21,2208,2317
"4367",2021-06-27,0,5,"folio",FALSE,5,2213,2322
"4368",2021-06-28,0,25,"folio",FALSE,25,2238,2347
"4369",2021-06-29,0,5,"folio",FALSE,5,2243,2352
"4370",2021-06-30,4,21,"folio",FALSE,17,2260,2373
"4371",2021-07-01,0,7,"folio",FALSE,7,2267,2380
"4372",2021-07-02,0,19,"folio",FALSE,19,2286,2399
"4373",2021-07-03,0,15,"folio",FALSE,15,2301,2414
"4374",2021-07-04,0,6,"folio",FALSE,6,2307,2420
"4375",2021-07-05,0,17,"folio",FALSE,17,2324,2437
"4376",2021-07-06,1,14,"folio",FALSE,13,2337,2451
"4377",2021-07-07,4,9,"folio",FALSE,5,2342,2460
"4378",2021-07-08,0,18,"folio",FALSE,18,2360,2478
"4379",2021-07-09,0,7,"folio",FALSE,7,2367,2485
"4380",2021-07-10,0,15,"folio",FALSE,15,2382,2500
"4381",2021-07-11,0,4,"folio",FALSE,4,2386,2504
"4382",2021-07-12,0,21,"folio",FALSE,21,2407,2525
"4383",2021-07-13,0,10,"folio",FALSE,10,2417,2535
"4384",2021-07-14,8,13,"folio",FALSE,5,2422,2548
"4385",2021-07-15,1,7,"folio",FALSE,6,2428,2555
"4386",2021-07-16,0,17,"folio",FALSE,17,2445,2572
"4387",2021-07-17,0,6,"folio",FALSE,6,2451,2578
"4388",2021-07-18,0,14,"folio",FALSE,14,2465,2592
"4389",2021-07-19,0,5,"folio",FALSE,5,2470,2597
"4390",2021-07-20,0,19,"folio",FALSE,19,2489,2616
"4391",2021-07-21,4,6,"folio",FALSE,2,2491,2622
"4392",2021-07-22,0,21,"folio",FALSE,21,2512,2643
"4393",2021-07-23,0,3,"folio",FALSE,3,2515,2646
"4394",2021-07-24,0,13,"folio",FALSE,13,2528,2659
"4395",2021-07-25,0,2,"folio",FALSE,2,2530,2661
"4396",2021-07-26,0,18,"folio",FALSE,18,2548,2679
"4397",2021-07-27,0,8,"folio",FALSE,8,2556,2687
"4398",2021-07-28,5,20,"folio",FALSE,15,2571,2707
"4399",2021-07-29,0,7,"folio",FALSE,7,2578,2714
"4400",2021-07-30,0,15,"folio",FALSE,15,2593,2729
"4401",2021-07-31,0,2,"folio",FALSE,2,2595,2731
"4402",2021-08-01,0,17,"folio",FALSE,17,2612,2748
"4403",2021-08-02,0,7,"folio",FALSE,7,2619,2755
"4404",2021-08-03,0,35,"folio",FALSE,35,2654,2790
"4405",2021-08-04,2,109,"folio",FALSE,107,2761,2899
"4406",2021-08-05,0,22,"folio",FALSE,22,2783,2921
"4407",2021-08-06,0,5,"folio",FALSE,5,2788,2926
"4408",2021-08-07,0,15,"folio",FALSE,15,2803,2941
"4409",2021-08-08,0,6,"folio",FALSE,6,2809,2947
"4410",2021-08-09,4,18,"folio",FALSE,14,2823,2965
"4411",2021-08-10,0,11,"folio",FALSE,11,2834,2976
"4412",2021-08-11,6,22,"folio",FALSE,16,2850,2998
"4413",2021-08-12,0,8,"folio",FALSE,8,2858,3006
"4414",2021-08-13,0,20,"folio",FALSE,20,2878,3026
"4415",2021-08-14,0,8,"folio",FALSE,8,2886,3034
"4416",2021-08-15,0,20,"folio",FALSE,20,2906,3054
"4417",2021-08-16,0,7,"folio",FALSE,7,2913,3061
"4418",2021-08-17,0,7,"folio",FALSE,7,2920,3068
"4419",2021-08-18,3,18,"folio",FALSE,15,2935,3086
"4420",2021-08-19,0,19,"folio",FALSE,19,2954,3105
"4421",2021-08-20,0,4,"folio",FALSE,4,2958,3109
"4422",2021-08-21,0,3,"folio",FALSE,3,2961,3112
"4423",2021-08-22,0,5,"folio",FALSE,5,2966,3117
"4424",2021-08-23,0,19,"folio",FALSE,19,2985,3136
"4425",2021-08-24,0,10,"folio",FALSE,10,2995,3146
"4426",2021-08-25,4,35,"folio",FALSE,31,3026,3181
"4427",2021-08-26,0,5,"folio",FALSE,5,3031,3186
"4428",2021-08-27,0,11,"folio",FALSE,11,3042,3197
"4429",2021-08-28,0,17,"folio",FALSE,17,3059,3214
"4430",2021-08-29,0,2,"folio",FALSE,2,3061,3216
"4431",2021-08-30,1,11,"folio",FALSE,10,3071,3227
"4432",2021-08-31,1,27,"folio",FALSE,26,3097,3254
"4433",2021-09-01,4,9,"folio",FALSE,5,3102,3263
"4434",2021-09-02,0,5,"folio",FALSE,5,3107,3268
"4435",2021-09-03,0,23,"folio",FALSE,23,3130,3291
"4436",2021-09-04,0,3,"folio",FALSE,3,3133,3294
"4437",2021-09-05,0,4,"folio",FALSE,4,3137,3298
"4438",2021-09-06,0,19,"folio",FALSE,19,3156,3317
"4439",2021-09-07,0,10,"folio",FALSE,10,3166,3327
"4440",2021-09-08,2,18,"folio",FALSE,16,3182,3345
"4441",2021-09-09,0,6,"folio",FALSE,6,3188,3351
"4442",2021-09-10,0,24,"folio",FALSE,24,3212,3375
"4443",2021-09-11,0,4,"folio",FALSE,4,3216,3379
"4444",2021-09-12,0,13,"folio",FALSE,13,3229,3392
"4445",2021-09-13,0,4,"folio",FALSE,4,3233,3396
"4446",2021-09-14,0,15,"folio",FALSE,15,3248,3411
"4447",2021-09-15,2,6,"folio",FALSE,4,3252,3417
"4448",2021-09-16,1,16,"folio",FALSE,15,3267,3433
"4449",2021-09-17,0,5,"folio",FALSE,5,3272,3438
"4450",2021-09-18,0,20,"folio",FALSE,20,3292,3458
"4451",2021-09-19,0,7,"folio",FALSE,7,3299,3465
"4452",2021-09-20,0,14,"folio",FALSE,14,3313,3479
"4453",2021-09-21,0,6,"folio",FALSE,6,3319,3485
"4454",2021-09-22,4,15,"folio",FALSE,11,3330,3500
"4455",2021-09-23,0,6,"folio",FALSE,6,3336,3506
"4456",2021-09-24,0,21,"folio",FALSE,21,3357,3527
"4457",2021-09-25,0,1,"folio",FALSE,1,3358,3528
"4458",2021-09-26,0,17,"folio",FALSE,17,3375,3545
"4459",2021-09-27,0,22,"folio",FALSE,22,3397,3567
"4460",2021-09-28,0,20,"folio",FALSE,20,3417,3587
"4461",2021-09-29,2,19,"folio",FALSE,17,3434,3606
"4462",2021-09-30,0,28,"folio",FALSE,28,3462,3634
"4463",2021-10-01,0,15,"folio",FALSE,15,3477,3649
"4464",2021-10-02,0,20,"folio",FALSE,20,3497,3669
"4465",2021-10-03,0,7,"folio",FALSE,7,3504,3676
"4466",2021-10-04,0,26,"folio",FALSE,26,3530,3702
"4467",2021-10-05,0,29,"folio",FALSE,29,3559,3731
"4468",2021-10-06,2,17,"folio",FALSE,15,3574,3748
"4469",2021-10-07,0,14,"folio",FALSE,14,3588,3762
"4470",2021-10-08,0,14,"folio",FALSE,14,3602,3776
"4471",2021-10-09,0,23,"folio",FALSE,23,3625,3799
"4472",2021-10-10,0,3,"folio",FALSE,3,3628,3802
"4473",2021-10-11,0,20,"folio",FALSE,20,3648,3822
"4474",2021-10-12,0,7,"folio",FALSE,7,3655,3829
"4475",2021-10-13,4,17,"folio",FALSE,13,3668,3846
"4476",2021-10-14,0,5,"folio",FALSE,5,3673,3851
"4477",2021-10-15,0,17,"folio",FALSE,17,3690,3868
"4478",2021-10-16,0,8,"folio",FALSE,8,3698,3876
"4479",2021-10-17,0,17,"folio",FALSE,17,3715,3893
"4480",2021-10-18,0,7,"folio",FALSE,7,3722,3900
"4481",2021-10-19,1,16,"folio",FALSE,15,3737,3916
"4482",2021-10-20,4,10,"folio",FALSE,6,3743,3926
"4483",2021-10-21,0,16,"folio",FALSE,16,3759,3942
"4484",2021-10-22,0,4,"folio",FALSE,4,3763,3946
"4485",2021-10-23,0,18,"folio",FALSE,18,3781,3964
"4486",2021-10-24,0,7,"folio",FALSE,7,3788,3971
"4487",2021-10-25,1,20,"folio",FALSE,19,3807,3991
"4488",2021-10-26,0,45,"folio",FALSE,45,3852,4036
"4489",2021-10-27,4,86,"folio",FALSE,82,3934,4122
"4490",2021-10-28,0,23,"folio",FALSE,23,3957,4145
"4491",2021-10-29,0,26,"folio",FALSE,26,3983,4171
"4492",2021-10-30,0,6,"folio",FALSE,6,3989,4177
"4493",2021-10-31,0,22,"folio",FALSE,22,4011,4199
"4494",2021-11-01,0,38,"folio",FALSE,38,4049,4237
"4495",2021-11-02,0,26,"folio",FALSE,26,4075,4263
"4496",2021-11-03,2,21,"folio",FALSE,19,4094,4284
"4497",2021-11-04,0,31,"folio",FALSE,31,4125,4315
"4498",2021-11-05,0,26,"folio",FALSE,26,4151,4341
"4499",2021-11-06,0,26,"folio",FALSE,26,4177,4367
"4500",2021-11-07,0,29,"folio",FALSE,29,4206,4396
"4501",2021-11-08,0,72,"folio",FALSE,72,4278,4468
"4502",2021-11-09,0,53,"folio",FALSE,53,4331,4521
"4503",2021-11-10,0,95,"folio",FALSE,95,4426,4616
"4504",2021-11-11,0,46,"folio",FALSE,46,4472,4662
"4505",2021-11-12,0,23,"folio",FALSE,23,4495,4685
"4506",2021-11-13,0,32,"folio",FALSE,32,4527,4717
"4507",2021-11-14,0,11,"folio",FALSE,11,4538,4728
"4508",2021-11-15,0,17,"folio",FALSE,17,4555,4745
"4509",2021-11-16,0,8,"folio",FALSE,8,4563,4753
"4510",2021-11-17,0,19,"folio",FALSE,19,4582,4772
"4511",2021-11-18,0,7,"folio",FALSE,7,4589,4779
"4512",2021-11-19,0,14,"folio",FALSE,14,4603,4793
"4513",2021-11-20,0,4,"folio",FALSE,4,4607,4797
"4514",2021-11-21,8,19,"folio",FALSE,11,4618,4816
"4515",2021-11-22,0,12,"folio",FALSE,12,4630,4828
"4516",2021-11-23,0,20,"folio",FALSE,20,4650,4848
"4517",2021-11-24,2,11,"folio",FALSE,9,4659,4859
"4518",2021-11-25,0,21,"folio",FALSE,21,4680,4880
"4519",2021-11-26,0,6,"folio",FALSE,6,4686,4886
"4520",2021-11-27,0,17,"folio",FALSE,17,4703,4903
"4521",2021-11-28,0,4,"folio",FALSE,4,4707,4907
"4522",2021-11-29,0,21,"folio",FALSE,21,4728,4928
"4523",2021-11-30,0,12,"folio",FALSE,12,4740,4940
"4524",2021-12-01,4,16,"folio",FALSE,12,4752,4956
"4525",2021-12-02,0,7,"folio",FALSE,7,4759,4963
"4526",2021-12-03,0,19,"folio",FALSE,19,4778,4982
"4527",2021-12-04,0,10,"folio",FALSE,10,4788,4992
"4528",2021-12-05,0,8,"folio",FALSE,8,4796,5000
"4529",2021-12-06,0,13,"folio",FALSE,13,4809,5013
"4530",2021-12-07,0,7,"folio",FALSE,7,4816,5020
"4531",2021-12-08,4,13,"folio",FALSE,9,4825,5033
"4532",2021-12-09,0,23,"folio",FALSE,23,4848,5056
"4533",2021-12-10,0,9,"folio",FALSE,9,4857,5065
"4534",2021-12-11,0,17,"folio",FALSE,17,4874,5082
"4535",2021-12-12,0,2,"folio",FALSE,2,4876,5084
"4536",2021-12-13,1,14,"folio",FALSE,13,4889,5098
"4537",2021-12-14,1,5,"folio",FALSE,4,4893,5103
"4538",2021-12-15,4,26,"folio",FALSE,22,4915,5129
"4539",2021-12-16,0,3,"folio",FALSE,3,4918,5132
"4540",2021-12-17,0,16,"folio",FALSE,16,4934,5148
"4541",2021-12-18,0,1,"folio",FALSE,1,4935,5149
"4542",2021-12-19,0,16,"folio",FALSE,16,4951,5165
"4543",2021-12-20,0,4,"folio",FALSE,4,4955,5169
"4544",2021-12-21,0,19,"folio",FALSE,19,4974,5188
"4545",2021-12-22,5,8,"folio",FALSE,3,4977,5196
"4546",2021-12-23,0,7,"folio",FALSE,7,4984,5203
"4547",2021-12-24,0,16,"folio",FALSE,16,5000,5219
"4548",2021-12-25,0,4,"folio",FALSE,4,5004,5223
"4549",2021-12-26,0,14,"folio",FALSE,14,5018,5237
"4550",2021-12-27,0,5,"folio",FALSE,5,5023,5242
"4551",2021-12-28,0,22,"folio",FALSE,22,5045,5264
"4552",2021-12-29,4,10,"folio",FALSE,6,5051,5274
"4553",2021-12-30,0,18,"folio",FALSE,18,5069,5292
"4554",2021-12-31,0,5,"folio",FALSE,5,5074,5297
"4555",2022-01-01,0,0,"folio",FALSE,0,5074,5297
"4556",2022-01-02,0,4,"folio",FALSE,4,5078,5301
"4557",2022-01-03,0,1,"folio",FALSE,1,5079,5302
"4558",2022-01-04,0,7,"folio",FALSE,7,5086,5309
"4559",2022-01-05,3,5,"folio",FALSE,2,5088,5314
"4560",2022-01-06,0,2,"folio",FALSE,2,5090,5316
"4561",2022-01-07,0,3,"folio",FALSE,3,5093,5319
"4562",2022-01-08,0,2,"folio",FALSE,2,5095,5321
"4563",2022-01-09,0,9,"folio",FALSE,9,5104,5330
"4564",2022-01-10,0,4,"folio",FALSE,4,5108,5334
"4565",2022-01-11,1,14,"folio",FALSE,13,5121,5348
"4566",2022-01-12,2,4,"folio",FALSE,2,5123,5352
"4567",2022-01-13,0,18,"folio",FALSE,18,5141,5370
"4568",2022-01-14,0,9,"folio",FALSE,9,5150,5379
"4569",2022-01-15,0,16,"folio",FALSE,16,5166,5395
"4570",2022-01-16,0,8,"folio",FALSE,8,5174,5403
"4571",2022-01-17,0,6,"folio",FALSE,6,5180,5409
"4572",2022-01-18,0,5,"folio",FALSE,5,5185,5414
"4573",2022-01-19,0,8,"folio",FALSE,8,5193,5422
"4574",2022-01-20,0,9,"folio",FALSE,9,5202,5431
"4575",2022-01-21,1,3,"folio",FALSE,2,5204,5434
"4576",2022-01-22,0,15,"folio",FALSE,15,5219,5449
"4577",2022-01-23,0,2,"folio",FALSE,2,5221,5451
"4578",2022-01-24,0,33,"folio",FALSE,33,5254,5484
"4579",2022-01-25,0,2,"folio",FALSE,2,5256,5486
"4580",2022-01-26,0,11,"folio",FALSE,11,5267,5497
"4581",2022-01-27,0,4,"folio",FALSE,4,5271,5501
"4582",2022-01-28,0,5,"folio",FALSE,5,5276,5506
"4583",2022-01-29,0,4,"folio",FALSE,4,5280,5510
"4584",2022-01-30,0,15,"folio",FALSE,15,5295,5525
"4585",2022-01-31,0,7,"folio",FALSE,7,5302,5532
"4586",2022-02-01,0,13,"folio",FALSE,13,5315,5545
"4587",2022-02-02,0,6,"folio",FALSE,6,5321,5551
"4588",2022-02-03,0,4,"folio",FALSE,4,5325,5555
"4589",2022-02-04,0,4,"folio",FALSE,4,5329,5559
"4590",2022-02-05,0,4,"folio",FALSE,4,5333,5563
"4591",2022-02-06,0,18,"folio",FALSE,18,5351,5581
"4592",2022-02-07,0,8,"folio",FALSE,8,5359,5589
"4593",2022-02-08,7,21,"folio",FALSE,14,5373,5610
"4594",2022-02-09,4,9,"folio",FALSE,5,5378,5619
"4595",2022-02-10,0,13,"folio",FALSE,13,5391,5632
"4596",2022-02-11,0,4,"folio",FALSE,4,5395,5636
"4597",2022-02-12,0,18,"folio",FALSE,18,5413,5654
"4598",2022-02-13,0,0,"folio",FALSE,0,5413,5654
"4599",2022-02-14,0,17,"folio",FALSE,17,5430,5671
"4600",2022-02-15,0,3,"folio",FALSE,3,5433,5674
"4601",2022-02-16,5,20,"folio",FALSE,15,5448,5694
"4602",2022-02-17,0,5,"folio",FALSE,5,5453,5699
"4603",2022-02-18,0,17,"folio",FALSE,17,5470,5716
"4604",2022-02-19,0,3,"folio",FALSE,3,5473,5719
"4605",2022-02-20,0,2,"folio",FALSE,2,5475,5721
"4606",2022-02-21,0,16,"folio",FALSE,16,5491,5737
"4607",2022-02-22,0,3,"folio",FALSE,3,5494,5740
"4608",2022-02-23,6,22,"folio",FALSE,16,5510,5762
"4609",2022-02-24,0,3,"folio",FALSE,3,5513,5765
"4610",2022-02-25,0,15,"folio",FALSE,15,5528,5780
"4611",2022-02-26,0,2,"folio",FALSE,2,5530,5782
"4612",2022-02-27,0,14,"folio",FALSE,14,5544,5796
"4613",2022-02-28,0,7,"folio",FALSE,7,5551,5803
"4614",2022-03-01,0,24,"folio",FALSE,24,5575,5827
"4615",2022-03-02,3,5,"folio",FALSE,2,5577,5832
"4616",2022-03-03,0,19,"folio",FALSE,19,5596,5851
"4617",2022-03-04,0,3,"folio",FALSE,3,5599,5854
"4618",2022-03-05,0,16,"folio",FALSE,16,5615,5870
"4619",2022-03-06,0,4,"folio",FALSE,4,5619,5874
"4620",2022-03-07,0,23,"folio",FALSE,23,5642,5897
"4621",2022-03-08,0,7,"folio",FALSE,7,5649,5904
"4622",2022-03-09,6,22,"folio",FALSE,16,5665,5926
"4623",2022-03-10,0,52,"folio",FALSE,52,5717,5978
"4624",2022-03-11,0,18,"folio",FALSE,18,5735,5996
"4625",2022-03-12,0,7,"folio",FALSE,7,5742,6003
"4626",2022-03-13,0,15,"folio",FALSE,15,5757,6018
"4627",2022-03-14,0,6,"folio",FALSE,6,5763,6024
"4628",2022-03-15,0,18,"folio",FALSE,18,5781,6042
"4629",2022-03-16,4,6,"folio",FALSE,2,5783,6048
"4630",2022-03-17,0,17,"folio",FALSE,17,5800,6065
"4631",2022-03-18,0,7,"folio",FALSE,7,5807,6072
"4632",2022-03-19,0,21,"folio",FALSE,21,5828,6093
"4633",2022-03-20,0,7,"folio",FALSE,7,5835,6100
"4634",2022-03-21,0,18,"folio",FALSE,18,5853,6118
"4635",2022-03-22,0,5,"folio",FALSE,5,5858,6123
"4636",2022-03-23,6,19,"folio",FALSE,13,5871,6142
"4637",2022-03-24,0,7,"folio",FALSE,7,5878,6149
"4638",2022-03-25,0,17,"folio",FALSE,17,5895,6166
"4639",2022-03-26,0,10,"folio",FALSE,10,5905,6176
"4640",2022-03-27,0,13,"folio",FALSE,13,5918,6189
"4641",2022-03-28,0,8,"folio",FALSE,8,5926,6197
"4642",2022-03-29,0,16,"folio",FALSE,16,5942,6213
"4643",2022-03-30,4,6,"folio",FALSE,2,5944,6219
"4644",2022-03-31,0,21,"folio",FALSE,21,5965,6240
"4645",2022-04-01,0,2,"folio",FALSE,2,5967,6242
"4646",2022-04-02,0,16,"folio",FALSE,16,5983,6258
"4647",2022-04-03,0,2,"folio",FALSE,2,5985,6260
"4648",2022-04-04,0,14,"folio",FALSE,14,5999,6274
"4649",2022-04-05,0,6,"folio",FALSE,6,6005,6280
"4650",2022-04-06,6,24,"folio",FALSE,18,6023,6304
"4651",2022-04-07,0,17,"folio",FALSE,17,6040,6321
"4652",2022-04-08,0,4,"folio",FALSE,4,6044,6325
"4653",2022-04-09,0,4,"folio",FALSE,4,6048,6329
"4654",2022-04-10,0,13,"folio",FALSE,13,6061,6342
"4655",2022-04-11,4,8,"folio",FALSE,4,6065,6350
"4656",2022-04-12,0,2,"folio",FALSE,2,6067,6352
"4657",2022-04-13,4,22,"folio",FALSE,18,6085,6374
"4658",2022-04-14,0,9,"folio",FALSE,9,6094,6383
"4659",2022-04-15,0,8,"folio",FALSE,8,6102,6391
"4660",2022-04-16,0,18,"folio",FALSE,18,6120,6409
"4661",2022-04-17,0,2,"folio",FALSE,2,6122,6411
"4662",2022-04-18,0,20,"folio",FALSE,20,6142,6431
"4663",2022-04-19,0,5,"folio",FALSE,5,6147,6436
"4664",2022-04-20,5,21,"folio",FALSE,16,6163,6457
"4665",2022-04-21,0,7,"folio",FALSE,7,6170,6464
"4666",2022-04-22,0,16,"folio",FALSE,16,6186,6480
"4667",2022-04-23,0,6,"folio",FALSE,6,6192,6486
"4668",2022-04-24,0,8,"folio",FALSE,8,6200,6494
"4669",2022-04-25,0,5,"folio",FALSE,5,6205,6499
"4670",2022-04-26,0,4,"folio",FALSE,4,6209,6503
"4671",2022-04-27,5,26,"folio",FALSE,21,6230,6529
"4672",2022-04-28,0,6,"folio",FALSE,6,6236,6535
"4673",2022-04-29,0,10,"folio",FALSE,10,6246,6545
"4674",2022-04-30,0,12,"folio",FALSE,12,6258,6557
"4675",2022-05-01,0,5,"folio",FALSE,5,6263,6562
"4676",2022-05-02,0,16,"folio",FALSE,16,6279,6578
"4677",2022-05-03,0,6,"folio",FALSE,6,6285,6584
"4678",2022-05-04,6,20,"folio",FALSE,14,6299,6604
"4679",2022-05-05,0,7,"folio",FALSE,7,6306,6611
"4680",2022-05-06,0,42,"folio",TRUE,2,6308,6653
"4681",2022-05-07,0,10,"folio",FALSE,2,6310,6663
"4682",2022-05-08,0,45,"folio",FALSE,45,6355,6708
"4683",2022-05-09,0,5,"folio",FALSE,5,6360,6713
"4684",2022-05-10,0,31,"folio",FALSE,31,6391,6744
"4685",2022-05-11,2,13,"folio",FALSE,11,6402,6757
"4686",2022-05-12,0,35,"folio",FALSE,35,6437,6792
"4687",2022-05-13,0,10,"folio",FALSE,10,6447,6802
"4688",2022-05-14,0,22,"folio",FALSE,22,6469,6824
"4689",2022-05-15,0,4,"folio",FALSE,4,6473,6828
"4690",2022-05-16,0,36,"folio",FALSE,36,6509,6864
"4691",2022-05-17,0,15,"folio",FALSE,15,6524,6879
"4692",2022-05-18,3,17,"folio",FALSE,14,6538,6896
"4693",2022-05-19,0,35,"folio",FALSE,35,6573,6931
"4694",2022-05-20,0,7,"folio",FALSE,7,6580,6938
"4695",2022-05-21,0,1,"folio",FALSE,1,6581,6939
"4696",2022-05-22,0,25,"folio",FALSE,25,6606,6964
"4697",2022-05-23,0,6,"folio",FALSE,6,6612,6970
"4698",2022-05-24,0,4,"folio",FALSE,4,6616,6974
"4699",2022-05-25,6,28,"folio",FALSE,22,6638,7002
"4700",2022-05-26,0,12,"folio",FALSE,12,6650,7014
"4701",2022-05-27,0,31,"folio",FALSE,31,6681,7045
"4702",2022-05-28,0,5,"folio",FALSE,5,6686,7050
"4703",2022-05-29,0,23,"folio",FALSE,23,6709,7073
"4704",2022-05-30,0,5,"folio",FALSE,5,6714,7078
"4705",2022-05-31,0,35,"folio",FALSE,35,6749,7113
"4706",2022-06-01,2,9,"folio",FALSE,7,6756,7122
"4707",2022-06-02,0,25,"folio",FALSE,25,6781,7147
"4708",2022-06-03,0,5,"folio",FALSE,5,6786,7152
"4709",2022-06-04,0,21,"folio",FALSE,21,6807,7173
"4710",2022-06-05,0,0,"folio",FALSE,0,6807,7173
"4711",2022-06-06,0,25,"folio",FALSE,25,6832,7198
"4712",2022-06-07,0,11,"folio",FALSE,11,6843,7209
"4713",2022-06-08,5,29,"folio",FALSE,24,6867,7238
"4714",2022-06-09,0,5,"folio",FALSE,5,6872,7243
"4715",2022-06-10,0,4,"folio",FALSE,4,6876,7247
"4716",2022-06-11,0,24,"folio",FALSE,24,6900,7271
"4717",2022-06-12,0,3,"folio",FALSE,3,6903,7274
"4718",2022-06-13,0,27,"folio",FALSE,27,6930,7301
"4719",2022-06-14,4,13,"folio",FALSE,9,6939,7314
"4720",2022-06-15,4,11,"folio",FALSE,7,6946,7325
"4721",2022-06-16,0,11,"folio",FALSE,11,6957,7336
"4722",2022-06-17,0,10,"folio",FALSE,10,6967,7346
"4723",2022-06-18,0,3,"folio",FALSE,3,6970,7349
"4724",2022-06-19,0,5,"folio",FALSE,5,6975,7354
"4725",2022-06-20,0,13,"folio",FALSE,13,6988,7367
"4726",2022-06-21,0,13,"folio",FALSE,13,7001,7380
"4727",2022-06-22,1,14,"folio",FALSE,13,7014,7394
"4728",2022-06-23,0,11,"folio",FALSE,11,7025,7405
"4729",2022-06-24,0,27,"folio",FALSE,27,7052,7432
"4730",2022-06-25,0,3,"folio",FALSE,3,7055,7435
"4731",2022-06-26,0,6,"folio",FALSE,6,7061,7441
"4732",2022-06-27,0,12,"folio",FALSE,12,7073,7453
"4733",2022-06-28,0,10,"folio",FALSE,10,7083,7463
"4734",2022-06-29,2,10,"folio",FALSE,8,7091,7473
"4735",2022-06-30,0,27,"folio",FALSE,27,7118,7500
"4736",2022-07-01,0,9,"folio",FALSE,9,7127,7509
"4737",2022-07-02,0,4,"folio",FALSE,4,7131,7513
"4738",2022-07-03,0,40,"folio",FALSE,40,7171,7553
"4739",2022-07-04,0,7,"folio",FALSE,7,7178,7560
"4740",2022-07-05,0,5,"folio",FALSE,5,7183,7565
"4741",2022-07-06,6,32,"folio",FALSE,26,7209,7597
"4742",2022-07-07,0,3,"folio",FALSE,3,7212,7600
"4743",2022-07-08,0,9,"folio",FALSE,9,7221,7609
"4744",2022-07-09,0,26,"folio",FALSE,26,7247,7635
"4745",2022-07-10,0,3,"folio",FALSE,3,7250,7638
"4746",2022-07-11,0,7,"folio",FALSE,7,7257,7645
"4747",2022-07-12,0,29,"folio",FALSE,29,7286,7674
"4748",2022-07-13,2,9,"folio",FALSE,7,7293,7683
"4749",2022-07-14,0,11,"folio",FALSE,11,7304,7694
"4750",2022-07-15,0,32,"folio",FALSE,32,7336,7726
"4751",2022-07-16,0,16,"folio",FALSE,16,7352,7742
"4752",2022-07-17,0,7,"folio",FALSE,7,7359,7749
"4753",2022-07-18,0,27,"folio",FALSE,27,7386,7776
"4754",2022-07-19,0,3,"folio",FALSE,3,7389,7779
"4755",2022-07-20,2,6,"folio",FALSE,4,7393,7785
"4756",2022-07-21,0,26,"folio",FALSE,26,7419,7811
"4757",2022-07-22,0,8,"folio",FALSE,8,7427,7819
"4758",2022-07-23,0,3,"folio",FALSE,3,7430,7822
"4759",2022-07-24,0,27,"folio",FALSE,27,7457,7849
"4760",2022-07-25,0,10,"folio",FALSE,10,7467,7859
"4761",2022-07-26,0,10,"folio",FALSE,10,7477,7869
"4762",2022-07-27,5,38,"folio",FALSE,33,7510,7907
"4763",2022-07-28,0,10,"folio",FALSE,10,7520,7917
"4764",2022-07-29,0,10,"folio",FALSE,10,7530,7927
"4765",2022-07-30,0,26,"folio",FALSE,26,7556,7953
"4766",2022-07-31,0,27,"folio",FALSE,27,7583,7980
"4767",2022-08-01,0,8,"folio",FALSE,8,7591,7988
"4768",2022-08-02,0,8,"folio",FALSE,8,7599,7996
"4769",2022-08-03,5,28,"folio",FALSE,23,7622,8024
"4770",2022-08-04,0,6,"folio",FALSE,6,7628,8030
"4771",2022-08-05,0,7,"folio",FALSE,7,7635,8037
"4772",2022-08-06,0,26,"folio",FALSE,26,7661,8063
"4773",2022-08-07,0,3,"folio",FALSE,3,7664,8066
"4774",2022-08-08,0,3,"folio",FALSE,3,7667,8069
"4775",2022-08-09,0,25,"folio",FALSE,25,7692,8094
"4776",2022-08-10,0,9,"folio",FALSE,9,7701,8103
"4777",2022-08-11,1,6,"folio",FALSE,5,7706,8109
"4778",2022-08-12,0,30,"folio",FALSE,30,7736,8139
"4779",2022-08-13,0,2,"folio",FALSE,2,7738,8141
"4780",2022-08-14,0,3,"folio",FALSE,3,7741,8144
"4781",2022-08-15,0,32,"folio",TRUE,2,7743,8176
"4782",2022-08-16,0,22,"folio",FALSE,2,7745,8198
"4783",2022-08-17,4,21,"folio",FALSE,17,7762,8219
"4784",2022-08-18,0,43,"folio",FALSE,43,7805,8262
"4785",2022-08-19,0,8,"folio",FALSE,8,7813,8270
"4786",2022-08-20,0,4,"folio",FALSE,4,7817,8274
"4787",2022-08-21,0,39,"folio",FALSE,39,7856,8313
"4788",2022-08-22,0,6,"folio",FALSE,6,7862,8319
"4789",2022-08-23,0,13,"folio",FALSE,13,7875,8332
"4790",2022-08-24,7,30,"folio",FALSE,23,7898,8362
"4791",2022-08-25,0,13,"folio",FALSE,13,7911,8375
"4792",2022-08-26,0,14,"folio",FALSE,14,7925,8389
"4793",2022-08-27,0,26,"folio",FALSE,26,7951,8415
"4794",2022-08-28,0,4,"folio",FALSE,4,7955,8419
"4795",2022-08-29,0,9,"folio",FALSE,9,7964,8428
"4796",2022-08-30,0,29,"folio",FALSE,29,7993,8457
"4797",2022-08-31,2,9,"folio",FALSE,7,8000,8466
"4798",2022-09-01,0,5,"folio",FALSE,5,8005,8471
"4799",2022-09-02,0,28,"folio",FALSE,28,8033,8499
"4800",2022-09-03,0,7,"folio",FALSE,7,8040,8506
"4801",2022-09-04,0,7,"folio",FALSE,7,8047,8513
"4802",2022-09-05,0,24,"folio",FALSE,24,8071,8537
"4803",2022-09-06,0,14,"folio",FALSE,14,8085,8551
"4804",2022-09-07,0,10,"folio",FALSE,10,8095,8561
"4805",2022-09-08,4,35,"folio",FALSE,31,8126,8596
"4806",2022-09-09,0,7,"folio",FALSE,7,8133,8603
"4807",2022-09-10,0,7,"folio",FALSE,7,8140,8610
"4808",2022-09-11,0,35,"folio",FALSE,35,8175,8645
"4809",2022-09-12,0,9,"folio",FALSE,9,8184,8654
"4810",2022-09-13,0,12,"folio",FALSE,12,8196,8666
"4811",2022-09-14,5,35,"folio",FALSE,30,8226,8701
"4812",2022-09-15,0,3,"folio",FALSE,3,8229,8704
"4813",2022-09-16,0,12,"folio",FALSE,12,8241,8716
"4814",2022-09-17,0,23,"folio",FALSE,23,8264,8739
"4815",2022-09-18,0,4,"folio",FALSE,4,8268,8743
"4816",2022-09-19,0,6,"folio",FALSE,6,8274,8749
"4817",2022-09-20,0,33,"folio",FALSE,33,8307,8782
"4818",2022-09-21,0,13,"folio",FALSE,13,8320,8795
"4819",2022-09-22,0,8,"folio",FALSE,8,8328,8803
"4820",2022-09-23,0,26,"folio",FALSE,26,8354,8829
"4821",2022-09-24,0,3,"folio",FALSE,3,8357,8832
"4822",2022-09-25,0,7,"folio",FALSE,7,8364,8839
"4823",2022-09-26,0,29,"folio",FALSE,29,8393,8868
"4824",2022-09-27,0,9,"folio",FALSE,9,8402,8877
"4825",2022-09-28,0,8,"folio",FALSE,8,8410,8885
"4826",2022-09-29,0,24,"folio",FALSE,24,8434,8909
"4827",2022-09-30,0,7,"folio",FALSE,7,8441,8916
"4828",2022-10-01,0,5,"folio",FALSE,5,8446,8921
"4829",2022-10-02,0,23,"folio",FALSE,23,8469,8944
"4830",2022-10-03,0,13,"folio",FALSE,13,8482,8957
"4831",2022-10-04,0,11,"folio",FALSE,11,8493,8968
"4832",2022-10-05,0,29,"folio",FALSE,29,8522,8997
"4833",2022-10-06,0,12,"folio",FALSE,12,8534,9009
"4834",2022-10-07,0,7,"folio",FALSE,7,8541,9016
"4835",2022-10-08,0,25,"folio",FALSE,25,8566,9041
"4836",2022-10-09,0,9,"folio",FALSE,9,8575,9050
"4837",2022-10-10,0,14,"folio",FALSE,14,8589,9064
"4838",2022-10-11,0,16,"folio",FALSE,16,8605,9080
"4839",2022-10-12,0,37,"folio",FALSE,37,8642,9117
"4840",2022-10-13,0,11,"folio",FALSE,11,8653,9128
"4841",2022-10-14,0,6,"folio",FALSE,6,8659,9134
"4842",2022-10-15,0,30,"folio",FALSE,30,8689,9164
"4843",2022-10-16,0,2,"folio",FALSE,2,8691,9166
"4844",2022-10-17,0,39,"folio",FALSE,39,8730,9205
"4845",2022-10-18,0,30,"folio",FALSE,30,8760,9235
"4846",2022-10-19,0,9,"folio",FALSE,9,8769,9244
"4847",2022-10-20,0,27,"folio",FALSE,27,8796,9271
"4848",2022-10-21,0,9,"folio",FALSE,9,8805,9280
"4849",2022-10-22,0,6,"folio",FALSE,6,8811,9286
"4850",2022-10-23,0,30,"folio",FALSE,30,8841,9316
"4851",2022-10-24,0,8,"folio",FALSE,8,8849,9324
"4852",2022-10-25,0,10,"folio",FALSE,10,8859,9334
"4853",2022-10-26,0,34,"folio",FALSE,34,8893,9368
"4854",2022-10-27,0,4,"folio",FALSE,4,8897,9372
"4855",2022-10-28,0,35,"folio",FALSE,35,8932,9407
"4856",2022-10-29,0,3,"folio",FALSE,3,8935,9410
"4857",2022-10-30,0,2,"folio",FALSE,2,8937,9412
"4858",2022-10-31,0,15,"folio",TRUE,2,8939,9427
"4859",2022-11-01,0,24,"folio",FALSE,2,8941,9451
"4860",2022-11-02,0,18,"folio",FALSE,18,8959,9469
"4861",2022-11-03,0,14,"folio",FALSE,14,8973,9483
"4862",2022-11-04,0,6,"folio",FALSE,6,8979,9489
"4863",2022-11-05,0,55,"folio",FALSE,55,9034,9544
"4864",2022-11-06,0,8,"folio",FALSE,8,9042,9552
"4865",2022-11-07,0,33,"folio",FALSE,33,9075,9585
"4866",2022-11-08,0,14,"folio",FALSE,14,9089,9599
"4867",2022-11-09,0,30,"folio",FALSE,30,9119,9629
"4868",2022-11-10,0,40,"folio",FALSE,40,9159,9669
"4869",2022-11-11,0,7,"folio",FALSE,7,9166,9676
"4870",2022-11-12,0,36,"folio",FALSE,36,9202,9712
"4871",2022-11-13,0,9,"folio",FALSE,9,9211,9721
"4872",2022-11-14,0,44,"folio",FALSE,44,9255,9765
"4873",2022-11-15,0,10,"folio",FALSE,10,9265,9775
"4874",2022-11-16,0,6,"folio",FALSE,6,9271,9781
"4875",2022-11-17,0,30,"folio",FALSE,30,9301,9811
"4876",2022-11-18,6,30,"folio",FALSE,24,9325,9841
"4877",2022-11-19,0,4,"folio",FALSE,4,9329,9845
"4878",2022-11-20,0,8,"folio",FALSE,8,9337,9853
"4879",2022-11-21,0,30,"folio",FALSE,30,9367,9883
"4880",2022-11-22,0,26,"folio",FALSE,26,9393,9909
"4881",2022-11-23,0,7,"folio",FALSE,7,9400,9916
"4882",2022-11-24,0,11,"folio",FALSE,11,9411,9927
"4883",2022-11-25,0,7,"folio",FALSE,7,9418,9934
"4884",2022-11-26,0,26,"folio",FALSE,26,9444,9960
"4885",2022-11-27,0,13,"folio",FALSE,13,9457,9973
"4886",2022-11-28,1,9,"folio",FALSE,8,9465,9982
"4887",2022-11-29,0,6,"folio",FALSE,6,9471,9988
"4888",2022-11-30,0,8,"folio",FALSE,8,9479,9996
"4889",2022-12-01,0,10,"folio",FALSE,10,9489,10006
"4890",2022-12-02,0,5,"folio",FALSE,5,9494,10011
"4891",2022-12-03,0,3,"folio",FALSE,3,9497,10014
"4892",2022-12-04,0,17,"folio",FALSE,17,9514,10031
"4893",2022-12-05,0,12,"folio",FALSE,12,9526,10043
"4894",2022-12-06,0,8,"folio",FALSE,8,9534,10051
"4895",2022-12-07,0,11,"folio",FALSE,11,9545,10062
"4896",2022-12-08,0,9,"folio",FALSE,9,9554,10071
"4897",2022-12-09,0,13,"folio",FALSE,13,9567,10084
"4898",2022-12-10,0,3,"folio",FALSE,3,9570,10087
"4899",2022-12-11,0,5,"folio",FALSE,5,9575,10092
"4900",2022-12-12,0,15,"folio",FALSE,15,9590,10107
"4901",2022-12-13,0,19,"folio",FALSE,19,9609,10126
"4902",2022-12-14,0,4,"folio",FALSE,4,9613,10130
"4903",2022-12-15,0,11,"folio",FALSE,11,9624,10141
"4904",2022-12-16,4,15,"folio",FALSE,11,9635,10156
"4905",2022-12-17,0,3,"folio",FALSE,3,9638,10159
"4906",2022-12-18,0,4,"folio",FALSE,4,9642,10163
"4907",2022-12-19,0,5,"folio",FALSE,5,9647,10168
"4908",2022-12-20,0,6,"folio",FALSE,6,9653,10174
"4909",2022-12-21,0,13,"folio",FALSE,13,9666,10187
"4910",2022-12-22,0,19,"folio",FALSE,19,9685,10206
"4911",2022-12-23,0,24,"folio",FALSE,24,9709,10230
"4912",2022-12-24,0,10,"folio",FALSE,10,9719,10240
"4913",2022-12-25,0,6,"folio",FALSE,6,9725,10246
"4914",2022-12-26,0,6,"folio",FALSE,6,9731,10252
"4915",2022-12-27,0,4,"folio",FALSE,4,9735,10256
"4916",2022-12-28,0,7,"folio",FALSE,7,9742,10263
"4917",2022-12-29,0,3,"folio",FALSE,3,9745,10266
"4918",2022-12-30,0,4,"folio",FALSE,4,9749,10270
"4919",2022-12-31,0,3,"folio",FALSE,3,9752,10273
"4920",2023-01-01,0,3,"folio",FALSE,3,9755,10276
"4921",2023-01-02,0,9,"folio",FALSE,9,9764,10285
"4922",2023-01-03,0,15,"folio",FALSE,15,9779,10300
"4923",2023-01-04,0,13,"folio",FALSE,13,9792,10313
"4924",2023-01-05,0,15,"folio",FALSE,15,9807,10328
"4925",2023-01-06,0,13,"folio",FALSE,13,9820,10341
"4926",2023-01-07,0,9,"folio",FALSE,9,9829,10350
"4927",2023-01-08,0,5,"folio",FALSE,5,9834,10355
"4928",2023-01-09,0,6,"folio",FALSE,6,9840,10361
"4929",2023-01-10,0,5,"folio",FALSE,5,9845,10366
"4930",2023-01-11,0,5,"folio",FALSE,5,9850,10371
"4931",2023-01-12,0,4,"folio",FALSE,4,9854,10375
"4932",2023-01-13,0,10,"folio",FALSE,10,9864,10385
"4933",2023-01-14,0,4,"folio",FALSE,4,9868,10389
"4934",2023-01-15,0,5,"folio",FALSE,5,9873,10394
"4935",2023-01-16,0,16,"folio",FALSE,16,9889,10410
"4936",2023-01-17,4,22,"folio",FALSE,18,9907,10432
"4937",2023-01-18,2,24,"folio",FALSE,22,9929,10456
"4938",2023-01-19,0,13,"folio",FALSE,13,9942,10469
"4939",2023-01-20,0,3,"folio",FALSE,3,9945,10472
"4940",2023-01-21,0,11,"folio",FALSE,11,9956,10483
"4941",2023-01-22,0,9,"folio",FALSE,9,9965,10492
"4942",2023-01-23,0,5,"folio",FALSE,5,9970,10497
"4943",2023-01-24,0,6,"folio",FALSE,6,9976,10503
"4944",2023-01-25,0,7,"folio",FALSE,7,9983,10510
"4945",2023-01-26,0,11,"folio",FALSE,11,9994,10521
"4946",2023-01-27,0,4,"folio",FALSE,4,9998,10525
"4947",2023-01-28,0,3,"folio",FALSE,3,10001,10528
"4948",2023-01-29,0,7,"folio",FALSE,7,10008,10535
"4949",2023-01-30,0,4,"folio",FALSE,4,10012,10539
"4950",2023-01-31,0,21,"folio",FALSE,21,10033,10560
"4951",2023-02-01,0,12,"folio",FALSE,12,10045,10572
"4952",2023-02-02,5,15,"folio",FALSE,10,10055,10587
"4953",2023-02-03,0,6,"folio",FALSE,6,10061,10593
"4954",2023-02-04,0,6,"folio",FALSE,6,10067,10599
"4955",2023-02-05,0,5,"folio",FALSE,5,10072,10604
"4956",2023-02-06,0,6,"folio",FALSE,6,10078,10610
"4957",2023-02-07,0,18,"folio",FALSE,18,10096,10628
"4958",2023-02-08,0,61,"folio",FALSE,61,10157,10689
"4959",2023-02-09,0,15,"folio",FALSE,15,10172,10704
"4960",2023-02-10,0,37,"folio",FALSE,37,10209,10741
"4961",2023-02-11,0,8,"folio",FALSE,8,10217,10749
"4962",2023-02-12,0,5,"folio",FALSE,5,10222,10754
"4963",2023-02-13,0,6,"folio",FALSE,6,10228,10760
"4964",2023-02-14,0,26,"folio",FALSE,26,10254,10786
"4965",2023-02-15,0,21,"folio",FALSE,21,10275,10807
"4966",2023-02-16,0,20,"folio",FALSE,20,10295,10827
"4967",2023-02-17,0,17,"folio",FALSE,17,10312,10844
"4968",2023-02-18,0,4,"folio",FALSE,4,10316,10848
"4969",2023-02-19,2,6,"folio",FALSE,4,10320,10854
"4970",2023-02-20,0,4,"folio",FALSE,4,10324,10858
"4971",2023-02-21,0,9,"folio",FALSE,9,10333,10867
"4972",2023-02-22,0,47,"folio",FALSE,47,10380,10914
"4973",2023-02-23,1,10,"folio",FALSE,9,10389,10924
"4974",2023-02-24,0,26,"folio",FALSE,26,10415,10950
"4975",2023-02-25,0,2,"folio",FALSE,2,10417,10952
"4976",2023-02-26,0,4,"folio",FALSE,4,10421,10956
"4977",2023-02-27,0,9,"folio",FALSE,9,10430,10965
"4978",2023-02-28,0,13,"folio",FALSE,13,10443,10978
"4979",2023-03-01,0,35,"folio",FALSE,35,10478,11013
"4980",2023-03-02,0,22,"folio",FALSE,22,10500,11035
"4981",2023-03-03,0,9,"folio",FALSE,9,10509,11044
"4982",2023-03-04,0,4,"folio",FALSE,4,10513,11048
"4983",2023-03-05,0,11,"folio",FALSE,11,10524,11059
"4984",2023-03-06,0,11,"folio",FALSE,11,10535,11070
"4985",2023-03-07,0,6,"folio",FALSE,6,10541,11076
"4986",2023-03-08,0,5,"folio",FALSE,5,10546,11081
"4987",2023-03-09,3,11,"folio",FALSE,8,10554,11092
"4988",2023-03-10,2,14,"folio",FALSE,12,10566,11106
"4989",2023-03-11,0,6,"folio",FALSE,6,10572,11112
"4990",2023-03-12,0,7,"folio",FALSE,7,10579,11119
"4991",2023-03-13,0,14,"folio",FALSE,14,10593,11133
"4992",2023-03-14,0,8,"folio",FALSE,8,10601,11141
"4993",2023-03-15,5,24,"folio",FALSE,19,10620,11165
"4994",2023-03-16,1,18,"folio",FALSE,17,10637,11183
"4995",2023-03-17,0,14,"folio",FALSE,14,10651,11197
"4996",2023-03-18,2,13,"folio",FALSE,11,10662,11210
"4997",2023-03-19,0,6,"folio",FALSE,6,10668,11216
"4998",2023-03-20,0,22,"folio",FALSE,22,10690,11238
"4999",2023-03-21,0,11,"folio",FALSE,11,10701,11249
"5000",2023-03-22,2,14,"folio",FALSE,12,10713,11263
"5001",2023-03-23,0,6,"folio",FALSE,6,10719,11269
"5002",2023-03-24,0,9,"folio",FALSE,9,10728,11278
"5003",2023-03-25,0,3,"folio",FALSE,3,10731,11281
"5004",2023-03-26,0,28,"folio",FALSE,28,10759,11309
"5005",2023-03-27,0,12,"folio",FALSE,12,10771,11321
"5006",2023-03-28,0,10,"folio",FALSE,10,10781,11331
"5007",2023-03-29,2,15,"folio",FALSE,13,10794,11346
"5008",2023-03-30,0,12,"folio",FALSE,12,10806,11358
"5009",2023-03-31,0,4,"folio",FALSE,4,10810,11362
"5010",2023-04-01,0,19,"folio",FALSE,19,10829,11381
"5011",2023-04-02,0,7,"folio",FALSE,7,10836,11388
"5012",2023-04-03,0,8,"folio",FALSE,8,10844,11396
"5013",2023-04-04,0,5,"folio",FALSE,5,10849,11401
"5014",2023-04-05,0,11,"folio",FALSE,11,10860,11412
"5015",2023-04-06,0,6,"folio",FALSE,6,10866,11418
"5016",2023-04-07,0,33,"folio",FALSE,33,10899,11451
"5017",2023-04-08,0,6,"folio",FALSE,6,10905,11457
"5018",2023-04-09,0,3,"folio",FALSE,3,10908,11460
"5019",2023-04-10,0,5,"folio",FALSE,5,10913,11465
"5020",2023-04-11,0,6,"folio",FALSE,6,10919,11471
"5021",2023-04-12,2,17,"folio",FALSE,15,10934,11488
"5022",2023-04-13,0,21,"folio",FALSE,21,10955,11509
"5023",2023-04-14,0,13,"folio",FALSE,13,10968,11522
"5024",2023-04-15,0,7,"folio",FALSE,7,10975,11529
"5025",2023-04-16,0,7,"folio",FALSE,7,10982,11536
"5026",2023-04-17,0,6,"folio",FALSE,6,10988,11542
"5027",2023-04-18,0,12,"folio",FALSE,12,11000,11554
"5028",2023-04-19,5,40,"folio",FALSE,35,11035,11594
"5029",2023-04-20,0,25,"folio",FALSE,25,11060,11619
"5030",2023-04-21,0,7,"folio",FALSE,7,11067,11626
"5031",2023-04-22,0,9,"folio",FALSE,9,11076,11635
"5032",2023-04-23,0,5,"folio",FALSE,5,11081,11640
"5033",2023-04-24,0,16,"folio",FALSE,16,11097,11656
"5034",2023-04-25,0,10,"folio",FALSE,10,11107,11666
"5035",2023-04-26,2,27,"folio",FALSE,25,11132,11693
"5036",2023-04-27,0,14,"folio",FALSE,14,11146,11707
"5037",2023-04-28,0,4,"folio",FALSE,4,11150,11711
"5038",2023-04-29,0,3,"folio",FALSE,3,11153,11714
"5039",2023-04-30,0,3,"folio",FALSE,3,11156,11717
"5040",2023-05-01,0,20,"folio",FALSE,20,11176,11737
"5041",2023-05-02,0,3,"folio",FALSE,3,11179,11740
"5042",2023-05-03,2,14,"folio",FALSE,12,11191,11754
"5043",2023-05-04,0,3,"folio",FALSE,3,11194,11757
"5044",2023-05-05,1,8,"folio",FALSE,7,11201,11765
"5045",2023-05-06,0,23,"folio",FALSE,23,11224,11788
"5046",2023-05-07,0,5,"folio",FALSE,5,11229,11793
"5047",2023-05-08,0,42,"folio",FALSE,42,11271,11835
"5048",2023-05-09,0,8,"folio",FALSE,8,11279,11843
"5049",2023-05-10,2,31,"folio",FALSE,29,11308,11874
"5050",2023-05-11,0,21,"folio",FALSE,21,11329,11895
"5051",2023-05-12,0,28,"folio",FALSE,28,11357,11923
"5052",2023-05-13,0,11,"folio",FALSE,11,11368,11934
"5053",2023-05-14,0,4,"folio",FALSE,4,11372,11938
"5054",2023-05-15,1,8,"folio",FALSE,7,11379,11946
"5055",2023-05-16,0,25,"folio",FALSE,25,11404,11971
"5056",2023-05-17,2,15,"folio",FALSE,13,11417,11986
"5057",2023-05-18,0,10,"folio",FALSE,10,11427,11996
"5058",2023-05-19,0,11,"folio",FALSE,11,11438,12007
"5059",2023-05-20,0,16,"folio",FALSE,16,11454,12023
"5060",2023-05-21,0,3,"folio",FALSE,3,11457,12026
"5061",2023-05-22,0,8,"folio",FALSE,8,11465,12034
"5062",2023-05-23,0,10,"folio",FALSE,10,11475,12044
"5063",2023-05-24,2,31,"folio",FALSE,29,11504,12075
"5064",2023-05-25,0,11,"folio",FALSE,11,11515,12086
"5065",2023-05-26,0,9,"folio",FALSE,9,11524,12095
"5066",2023-05-27,0,3,"folio",FALSE,3,11527,12098
"5067",2023-05-28,0,19,"folio",FALSE,19,11546,12117
"5068",2023-05-29,0,9,"folio",FALSE,9,11555,12126
"5069",2023-05-30,0,7,"folio",FALSE,7,11562,12133
"5070",2023-05-31,0,7,"folio",FALSE,7,11569,12140
"5071",2023-06-01,0,32,"folio",FALSE,32,11601,12172
"5072",2023-06-02,0,13,"folio",FALSE,13,11614,12185
"5073",2023-06-03,0,2,"folio",FALSE,2,11616,12187
"5074",2023-06-04,0,6,"folio",FALSE,6,11622,12193
"5075",2023-06-05,0,20,"folio",FALSE,20,11642,12213
"5076",2023-06-06,0,6,"folio",FALSE,6,11648,12219
"5077",2023-06-07,0,1,"folio",FALSE,1,11649,12220
"5078",2023-06-08,2,16,"folio",FALSE,14,11663,12236
"5079",2023-06-09,0,22,"folio",FALSE,22,11685,12258
"5080",2023-06-10,0,6,"folio",FALSE,6,11691,12264
"5081",2023-06-11,0,5,"folio",FALSE,5,11696,12269
"5082",2023-06-12,0,9,"folio",FALSE,9,11705,12278
"5083",2023-06-13,0,21,"folio",FALSE,21,11726,12299
"5084",2023-06-14,0,5,"folio",FALSE,5,11731,12304
"5085",2023-06-15,2,10,"folio",FALSE,8,11739,12314
"5086",2023-06-16,0,21,"folio",FALSE,21,11760,12335
"5087",2023-06-17,0,5,"folio",FALSE,5,11765,12340
"5088",2023-06-18,0,2,"folio",FALSE,2,11767,12342
"5089",2023-06-19,0,20,"folio",FALSE,20,11787,12362
"5090",2023-06-20,0,8,"folio",FALSE,8,11795,12370
"5091",2023-06-21,1,13,"folio",FALSE,12,11807,12383
"5092",2023-06-22,0,25,"folio",FALSE,25,11832,12408
"5093",2023-06-23,0,5,"folio",FALSE,5,11837,12413
"5094",2023-06-24,0,9,"folio",FALSE,9,11846,12422
"5095",2023-06-25,0,20,"folio",FALSE,20,11866,12442
"5096",2023-06-26,0,8,"folio",FALSE,8,11874,12450
"5097",2023-06-27,0,7,"folio",FALSE,7,11881,12457
"5098",2023-06-28,2,35,"folio",FALSE,33,11914,12492
"5099",2023-06-29,0,9,"folio",FALSE,9,11923,12501
"5100",2023-06-30,0,7,"folio",FALSE,7,11930,12508
"5101",2023-07-01,0,17,"folio",FALSE,17,11947,12525
"5102",2023-07-02,0,19,"folio",FALSE,19,11966,12544
"5103",2023-07-03,0,10,"folio",FALSE,10,11976,12554
"5104",2023-07-04,0,9,"folio",FALSE,9,11985,12563
"5105",2023-07-05,1,30,"folio",FALSE,29,12014,12593
"5106",2023-07-06,0,9,"folio",FALSE,9,12023,12602
"5107",2023-07-07,0,13,"folio",FALSE,13,12036,12615
"5108",2023-07-08,0,21,"folio",FALSE,21,12057,12636
"5109",2023-07-09,0,15,"folio",FALSE,15,12072,12651
"5110",2023-07-10,0,11,"folio",FALSE,11,12083,12662
"5111",2023-07-11,0,6,"folio",FALSE,6,12089,12668
"5112",2023-07-12,2,31,"folio",FALSE,29,12118,12699
"5113",2023-07-13,0,3,"folio",FALSE,3,12121,12702
"5114",2023-07-14,0,9,"folio",FALSE,9,12130,12711
"5115",2023-07-15,0,5,"folio",FALSE,5,12135,12716
"5116",2023-07-16,0,2,"folio",FALSE,2,12137,12718
"5117",2023-07-17,0,18,"folio",FALSE,18,12155,12736
"5118",2023-07-18,0,9,"folio",FALSE,9,12164,12745
"5119",2023-07-19,2,12,"folio",FALSE,10,12174,12757
"5120",2023-07-20,0,21,"folio",FALSE,21,12195,12778
"5121",2023-07-21,0,6,"folio",FALSE,6,12201,12784
"5122",2023-07-22,0,3,"folio",FALSE,3,12204,12787
"5123",2023-07-23,0,17,"folio",FALSE,17,12221,12804
"5124",2023-07-24,0,3,"folio",FALSE,3,12224,12807
"5125",2023-07-25,0,13,"folio",FALSE,13,12237,12820
"5126",2023-07-26,2,27,"folio",FALSE,25,12262,12847
"5127",2023-07-27,0,7,"folio",FALSE,7,12269,12854
"5128",2023-07-28,0,5,"folio",FALSE,5,12274,12859
"5129",2023-07-29,0,3,"folio",FALSE,3,12277,12862
"5130",2023-07-30,0,3,"folio",FALSE,3,12280,12865
"5131",2023-07-31,0,1,"folio",FALSE,1,12281,12866
"5132",2023-08-01,0,11,"folio",FALSE,11,12292,12877
"5133",2023-08-02,0,22,"folio",FALSE,22,12314,12899
"5134",2023-08-03,2,10,"folio",FALSE,8,12322,12909
"5135",2023-08-04,0,6,"folio",FALSE,6,12328,12915
"5136",2023-08-05,0,19,"folio",FALSE,19,12347,12934
"5137",2023-08-06,0,18,"folio",FALSE,18,12365,12952
"5138",2023-08-07,0,7,"folio",FALSE,7,12372,12959
"5139",2023-08-08,0,9,"folio",FALSE,9,12381,12968
"5140",2023-08-09,2,27,"folio",FALSE,25,12406,12995
"5141",2023-08-10,0,8,"folio",FALSE,8,12414,13003
"5142",2023-08-11,0,5,"folio",FALSE,5,12419,13008
"5143",2023-08-12,0,17,"folio",FALSE,17,12436,13025
"5144",2023-08-13,0,1,"folio",FALSE,1,12437,13026
"5145",2023-08-14,0,6,"folio",FALSE,6,12443,13032
"5146",2023-08-15,0,23,"folio",FALSE,23,12466,13055
"5147",2023-08-16,1,7,"folio",FALSE,6,12472,13062
"5148",2023-08-17,0,19,"folio",FALSE,19,12491,13081
"5149",2023-08-18,0,20,"folio",FALSE,20,12511,13101
"5150",2023-08-19,0,7,"folio",FALSE,7,12518,13108
"5151",2023-08-20,0,3,"folio",FALSE,3,12521,13111
"5152",2023-08-21,0,19,"folio",FALSE,19,12540,13130
"5153",2023-08-22,0,3,"folio",FALSE,3,12543,13133
"5154",2023-08-23,2,11,"folio",FALSE,9,12552,13144
"5155",2023-08-24,0,20,"folio",FALSE,20,12572,13164
"5156",2023-08-25,0,22,"folio",FALSE,22,12594,13186
"5157",2023-08-26,0,5,"folio",FALSE,5,12599,13191
"5158",2023-08-27,0,5,"folio",FALSE,5,12604,13196
"5159",2023-08-28,0,21,"folio",FALSE,21,12625,13217
"5160",2023-08-29,0,6,"folio",FALSE,6,12631,13223
"5161",2023-08-30,2,14,"folio",FALSE,12,12643,13237
"5162",2023-08-31,0,20,"folio",FALSE,20,12663,13257
"5163",2023-09-01,0,5,"folio",FALSE,5,12668,13262
"5164",2023-09-02,0,2,"folio",FALSE,2,12670,13264
"5165",2023-09-03,0,24,"folio",FALSE,24,12694,13288
"5166",2023-09-04,0,6,"folio",FALSE,6,12700,13294
"5167",2023-09-05,0,11,"folio",FALSE,11,12711,13305
"5168",2023-09-06,1,22,"folio",FALSE,21,12732,13327
"5169",2023-09-07,0,8,"folio",FALSE,8,12740,13335
"5170",2023-09-08,0,4,"folio",FALSE,4,12744,13339
"5171",2023-09-09,0,19,"folio",FALSE,19,12763,13358
"5172",2023-09-10,0,6,"folio",FALSE,6,12769,13364
"5173",2023-09-11,0,5,"folio",FALSE,5,12774,13369
"5174",2023-09-12,0,19,"folio",FALSE,19,12793,13388
"5175",2023-09-13,0,9,"folio",FALSE,9,12802,13397
"5176",2023-09-14,0,11,"folio",FALSE,11,12813,13408
"5177",2023-09-15,0,10,"folio",FALSE,10,12823,13418
"5178",2023-09-16,0,21,"folio",FALSE,21,12844,13439
"5179",2023-09-17,0,3,"folio",FALSE,3,12847,13442
"5180",2023-09-18,0,6,"folio",FALSE,6,12853,13448
"5181",2023-09-19,0,23,"folio",FALSE,23,12876,13471
"5182",2023-09-20,0,7,"folio",FALSE,7,12883,13478
"5183",2023-09-21,0,9,"folio",FALSE,9,12892,13487
"5184",2023-09-22,0,31,"folio",FALSE,31,12923,13518
"5185",2023-09-23,0,18,"folio",FALSE,18,12941,13536
"5186",2023-09-24,0,2,"folio",FALSE,2,12943,13538
"5187",2023-09-25,0,7,"folio",FALSE,7,12950,13545
"5188",2023-09-26,0,20,"folio",FALSE,20,12970,13565
"5189",2023-09-27,2,14,"folio",FALSE,12,12982,13579
"5190",2023-09-28,0,11,"folio",FALSE,11,12993,13590
"5191",2023-09-29,0,19,"folio",FALSE,19,13012,13609
"5192",2023-09-30,0,5,"folio",FALSE,5,13017,13614
"5193",2023-10-01,0,2,"folio",FALSE,2,13019,13616
"5194",2023-10-02,0,20,"folio",FALSE,20,13039,13636
"5195",2023-10-03,0,4,"folio",FALSE,4,13043,13640
"5196",2023-10-04,1,10,"folio",FALSE,9,13052,13650
"5197",2023-10-05,0,33,"folio",FALSE,33,13085,13683
"5198",2023-10-06,0,8,"folio",FALSE,8,13093,13691
"5199",2023-10-07,0,3,"folio",FALSE,3,13096,13694
"5200",2023-10-08,0,19,"folio",FALSE,19,13115,13713
"5201",2023-10-09,0,6,"folio",FALSE,6,13121,13719
"5202",2023-10-10,0,6,"folio",FALSE,6,13127,13725
"5203",2023-10-11,0,8,"folio",FALSE,8,13135,13733
"5204",2023-10-12,0,20,"folio",FALSE,20,13155,13753
"5205",2023-10-13,0,5,"folio",FALSE,5,13160,13758
"5206",2023-10-14,0,12,"folio",FALSE,12,13172,13770
"5207",2023-10-15,0,18,"folio",FALSE,18,13190,13788
"5208",2023-10-16,0,9,"folio",FALSE,9,13199,13797
"5209",2023-10-17,0,6,"folio",FALSE,6,13205,13803
"5210",2023-10-18,1,27,"folio",FALSE,26,13231,13830
"5211",2023-10-19,0,7,"folio",FALSE,7,13238,13837
"5212",2023-10-20,0,8,"folio",FALSE,8,13246,13845
"5213",2023-10-21,0,5,"folio",FALSE,5,13251,13850
"5214",2023-10-22,0,30,"folio",FALSE,30,13281,13880
"5215",2023-10-23,0,11,"folio",FALSE,11,13292,13891
"5216",2023-10-24,0,6,"folio",FALSE,6,13298,13897
"5217",2023-10-25,1,10,"folio",FALSE,9,13307,13907
"5218",2023-10-26,0,29,"folio",FALSE,29,13336,13936
"5219",2023-10-27,0,9,"folio",FALSE,9,13345,13945
"5220",2023-10-28,0,6,"folio",FALSE,6,13351,13951
"5221",2023-10-29,0,2,"folio",FALSE,2,13353,13953
"5222",2023-10-30,0,19,"folio",FALSE,19,13372,13972
"5223",2023-10-31,0,10,"folio",FALSE,10,13382,13982
"5224",2023-11-01,1,12,"folio",FALSE,11,13393,13994
"5225",2023-11-02,0,10,"folio",FALSE,10,13403,14004
"5226",2023-11-03,0,24,"folio",FALSE,24,13427,14028
"5227",2023-11-04,0,18,"folio",FALSE,18,13445,14046
"5228",2023-11-05,0,2,"folio",FALSE,2,13447,14048
"5229",2023-11-06,0,10,"folio",FALSE,10,13457,14058
"5230",2023-11-07,0,6,"folio",FALSE,6,13463,14064
"5231",2023-11-08,2,25,"folio",FALSE,23,13486,14089
"5232",2023-11-09,0,26,"folio",FALSE,26,13512,14115
"5233",2023-11-10,0,3,"folio",FALSE,3,13515,14118
"5234",2023-11-11,0,3,"folio",FALSE,3,13518,14121
"5235",2023-11-12,0,2,"folio",FALSE,2,13520,14123
"5236",2023-11-13,0,11,"folio",FALSE,11,13531,14134
"5237",2023-11-14,0,9,"folio",FALSE,9,13540,14143
"5238",2023-11-15,2,18,"folio",FALSE,16,13556,14161
"5239",2023-11-16,0,19,"folio",FALSE,19,13575,14180
"5240",2023-11-17,0,20,"folio",FALSE,20,13595,14200
"5241",2023-11-18,0,7,"folio",FALSE,7,13602,14207
"5242",2023-11-19,0,6,"folio",FALSE,6,13608,14213
"5243",2023-11-20,0,17,"folio",FALSE,17,13625,14230
"5244",2023-11-21,0,6,"folio",FALSE,6,13631,14236
"5245",2023-11-22,1,13,"folio",FALSE,12,13643,14249
"5246",2023-11-23,0,3,"folio",FALSE,3,13646,14252
"5247",2023-11-24,0,10,"folio",FALSE,10,13656,14262
"5248",2023-11-25,0,12,"folio",FALSE,12,13668,14274
"5249",2023-11-26,0,9,"folio",FALSE,9,13677,14283
"5250",2023-11-27,0,8,"folio",FALSE,8,13685,14291
"5251",2023-11-28,0,14,"folio",FALSE,14,13699,14305
"5252",2023-11-29,3,16,"folio",FALSE,13,13712,14321
"5253",2023-11-30,0,12,"folio",FALSE,12,13724,14333
"5254",2023-12-01,0,8,"folio",FALSE,8,13732,14341
"5255",2023-12-02,0,14,"folio",FALSE,14,13746,14355
"5256",2023-12-03,0,9,"folio",FALSE,9,13755,14364
"5257",2023-12-04,0,7,"folio",FALSE,7,13762,14371
"5258",2023-12-05,0,8,"folio",FALSE,8,13770,14379
"5259",2023-12-06,2,29,"folio",FALSE,27,13797,14408
"5260",2023-12-07,0,26,"folio",FALSE,26,13823,14434
"5261",2023-12-08,0,8,"folio",FALSE,8,13831,14442
"5262",2023-12-09,0,5,"folio",FALSE,5,13836,14447
"5263",2023-12-10,0,18,"folio",FALSE,18,13854,14465
"5264",2023-12-11,0,8,"folio",FALSE,8,13862,14473
"5265",2023-12-12,0,8,"folio",FALSE,8,13870,14481
"5266",2023-12-13,0,7,"folio",FALSE,7,13877,14488
"5267",2023-12-14,0,19,"folio",FALSE,19,13896,14507
"5268",2023-12-15,2,11,"folio",FALSE,9,13905,14518
"5269",2023-12-16,0,6,"folio",FALSE,6,13911,14524
"5270",2023-12-17,0,4,"folio",FALSE,4,13915,14528
"5271",2023-12-18,0,16,"folio",FALSE,16,13931,14544
"5272",2023-12-19,0,13,"folio",FALSE,13,13944,14557
"5273",2023-12-20,0,11,"folio",FALSE,11,13955,14568
"5274",2023-12-21,0,23,"folio",FALSE,23,13978,14591
"5275",2023-12-22,0,6,"folio",FALSE,6,13984,14597
"5276",2023-12-23,0,1,"folio",FALSE,1,13985,14598
"5277",2023-12-24,0,20,"folio",FALSE,20,14005,14618
"5278",2023-12-25,0,9,"folio",FALSE,9,14014,14627
"5279",2023-12-26,0,3,"folio",FALSE,3,14017,14630
"5280",2023-12-27,2,25,"folio",FALSE,23,14040,14655
"5281",2023-12-28,0,18,"folio",FALSE,18,14058,14673
"5282",2023-12-29,0,3,"folio",FALSE,3,14061,14676
"5283",2023-12-30,0,5,"folio",FALSE,5,14066,14681
"5284",2023-12-31,0,16,"folio",FALSE,16,14082,14697
"5285",2024-01-01,0,3,"folio",FALSE,3,14085,14700
"5286",2024-01-02,0,3,"folio",FALSE,3,14088,14703
"5287",2024-01-03,1,22,"folio",FALSE,21,14109,14725
"5288",2024-01-04,0,3,"folio",FALSE,3,14112,14728
"5289",2024-01-05,0,1,"folio",FALSE,1,14113,14729
"5290",2024-01-06,0,20,"folio",FALSE,20,14133,14749
"5291",2024-01-07,0,8,"folio",FALSE,8,14141,14757
"5292",2024-01-08,0,25,"folio",FALSE,25,14166,14782
"5293",2024-01-09,0,6,"folio",FALSE,6,14172,14788
"5294",2024-01-10,2,15,"folio",FALSE,13,14185,14803
"5295",2024-01-11,0,20,"folio",FALSE,20,14205,14823
"5296",2024-01-12,0,6,"folio",FALSE,6,14211,14829
"5297",2024-01-13,0,4,"folio",FALSE,4,14215,14833
"5298",2024-01-14,0,17,"folio",FALSE,17,14232,14850
"5299",2024-01-15,0,6,"folio",FALSE,6,14238,14856
"5300",2024-01-16,0,4,"folio",FALSE,4,14242,14860
"5301",2024-01-17,2,47,"folio",FALSE,45,14287,14907
"5302",2024-01-18,0,7,"folio",FALSE,7,14294,14914
"5303",2024-01-19,0,3,"folio",FALSE,3,14297,14917
"5304",2024-01-20,0,21,"folio",FALSE,21,14318,14938
"5305",2024-01-21,0,3,"folio",FALSE,3,14321,14941
"5306",2024-01-22,0,5,"folio",FALSE,5,14326,14946
"5307",2024-01-23,0,37,"folio",FALSE,37,14363,14983
"5308",2024-01-24,6,120,"folio",FALSE,114,14477,15103
"5309",2024-01-25,1,122,"folio",FALSE,121,14598,15225
"5310",2024-01-26,0,20,"folio",FALSE,20,14618,15245
"5311",2024-01-27,0,6,"folio",FALSE,6,14624,15251
"5312",2024-01-28,0,3,"folio",FALSE,3,14627,15254
"5313",2024-01-29,0,36,"folio",FALSE,36,14663,15290
"5314",2024-01-30,0,22,"folio",FALSE,22,14685,15312
"5315",2024-01-31,2,16,"folio",FALSE,14,14699,15328
"5316",2024-02-01,0,22,"folio",FALSE,22,14721,15350
"5317",2024-02-02,0,11,"folio",FALSE,11,14732,15361
"5318",2024-02-03,0,7,"folio",FALSE,7,14739,15368
"5319",2024-02-04,0,17,"folio",FALSE,17,14756,15385
"5320",2024-02-05,0,20,"folio",FALSE,20,14776,15405
"5321",2024-02-06,0,4,"folio",FALSE,4,14780,15409
"5322",2024-02-07,2,11,"folio",FALSE,9,14789,15420
"5323",2024-02-08,0,24,"folio",FALSE,24,14813,15444
"5324",2024-02-09,0,7,"folio",FALSE,7,14820,15451
"5325",2024-02-10,0,2,"folio",FALSE,2,14822,15453
"5326",2024-02-11,0,17,"folio",FALSE,17,14839,15470
"5327",2024-02-12,0,2,"folio",FALSE,2,14841,15472
"5328",2024-02-13,0,10,"folio",FALSE,10,14851,15482
"5329",2024-02-14,2,30,"folio",FALSE,28,14879,15512
"5330",2024-02-15,0,4,"folio",FALSE,4,14883,15516
"5331",2024-02-16,0,7,"folio",FALSE,7,14890,15523
"5332",2024-02-17,0,20,"folio",FALSE,20,14910,15543
"5333",2024-02-18,0,3,"folio",FALSE,3,14913,15546
"5334",2024-02-19,0,7,"folio",FALSE,7,14920,15553
"5335",2024-02-20,0,20,"folio",FALSE,20,14940,15573
"5336",2024-02-21,2,12,"folio",FALSE,10,14950,15585
"5337",2024-02-22,0,9,"folio",FALSE,9,14959,15594
"5338",2024-02-23,0,35,"folio",FALSE,35,14994,15629
"5339",2024-02-24,1,9,"folio",FALSE,8,15002,15638
"5340",2024-02-25,0,3,"folio",FALSE,3,15005,15641
"5341",2024-02-26,0,31,"folio",TRUE,2,15007,15672
"5342",2024-02-27,0,65,"folio",FALSE,2,15009,15737
"5343",2024-02-28,2,24,"folio",FALSE,22,15031,15761
"5344",2024-02-29,0,30,"folio",FALSE,30,15061,15791
"5345",2024-03-01,0,44,"folio",FALSE,44,15105,15835
"5346",2024-03-02,0,8,"folio",FALSE,8,15113,15843
"5347",2024-03-03,0,13,"folio",FALSE,13,15126,15856
"5348",2024-03-04,0,30,"folio",FALSE,30,15156,15886
"5349",2024-03-05,0,35,"folio",FALSE,35,15191,15921
"5350",2024-03-06,2,34,"folio",FALSE,32,15223,15955
"5351",2024-03-07,0,27,"folio",FALSE,27,15250,15982
"5352",2024-03-08,0,18,"folio",FALSE,18,15268,16000
"5353",2024-03-09,0,8,"folio",FALSE,8,15276,16008
"5354",2024-03-10,0,31,"folio",FALSE,31,15307,16039
"5355",2024-03-11,0,15,"folio",FALSE,15,15322,16054
"5356",2024-03-12,0,10,"folio",FALSE,10,15332,16064
"5357",2024-03-13,2,38,"folio",FALSE,36,15368,16102
"5358",2024-03-14,0,19,"folio",FALSE,19,15387,16121
"5359",2024-03-15,0,10,"folio",FALSE,10,15397,16131
"5360",2024-03-16,0,26,"folio",FALSE,26,15423,16157
"5361",2024-03-17,0,2,"folio",FALSE,2,15425,16159
"5362",2024-03-18,0,7,"folio",FALSE,7,15432,16166
"5363",2024-03-19,0,27,"folio",FALSE,27,15459,16193
"5364",2024-03-20,0,14,"folio",FALSE,14,15473,16207
"5365",2024-03-21,2,15,"folio",FALSE,13,15486,16222
"5366",2024-03-22,0,26,"folio",FALSE,26,15512,16248
"5367",2024-03-23,0,7,"folio",FALSE,7,15519,16255
"5368",2024-03-24,0,8,"folio",FALSE,8,15527,16263
"5369",2024-03-25,0,26,"folio",FALSE,26,15553,16289
"5370",2024-03-26,0,14,"folio",FALSE,14,15567,16303
"5371",2024-03-27,2,17,"folio",FALSE,15,15582,16320
"5372",2024-03-28,0,27,"folio",FALSE,27,15609,16347
"5373",2024-03-29,0,11,"folio",FALSE,11,15620,16358
"5374",2024-03-30,0,20,"folio",FALSE,20,15640,16378
"5375",2024-03-31,0,7,"folio",FALSE,7,15647,16385
"5376",2024-04-01,0,8,"folio",FALSE,8,15655,16393
"5377",2024-04-02,0,19,"folio",FALSE,19,15674,16412
"5378",2024-04-03,2,18,"folio",FALSE,16,15690,16430
"5379",2024-04-04,0,15,"folio",FALSE,15,15705,16445
"5380",2024-04-05,0,23,"folio",FALSE,23,15728,16468
"5381",2024-04-06,0,2,"folio",FALSE,2,15730,16470
"5382",2024-04-07,0,5,"folio",FALSE,5,15735,16475
"5383",2024-04-08,0,18,"folio",FALSE,18,15753,16493
"5384",2024-04-09,0,13,"folio",FALSE,13,15766,16506
"5385",2024-04-10,2,17,"folio",FALSE,15,15781,16523
"5386",2024-04-11,0,21,"folio",FALSE,21,15802,16544
"5387",2024-04-12,0,4,"folio",FALSE,4,15806,16548
"5388",2024-04-13,0,3,"folio",FALSE,3,15809,16551
"5389",2024-04-14,0,19,"folio",FALSE,19,15828,16570
"5390",2024-04-15,0,8,"folio",FALSE,8,15836,16578
"5391",2024-04-16,0,7,"folio",FALSE,7,15843,16585
"5392",2024-04-17,2,35,"folio",FALSE,33,15876,16620
"5393",2024-04-18,0,10,"folio",FALSE,10,15886,16630
"5394",2024-04-19,0,5,"folio",FALSE,5,15891,16635
"5395",2024-04-20,0,22,"folio",FALSE,22,15913,16657
"5396",2024-04-21,0,12,"folio",FALSE,12,15925,16669
"5397",2024-04-22,0,13,"folio",FALSE,13,15938,16682
"5398",2024-04-23,0,29,"folio",FALSE,29,15967,16711
"5399",2024-04-24,0,16,"folio",FALSE,16,15983,16727
"5400",2024-04-25,0,16,"folio",FALSE,16,15999,16743
"5401",2024-04-26,0,27,"folio",FALSE,27,16026,16770
"5402",2024-04-27,0,7,"folio",FALSE,7,16033,16777
"5403",2024-04-28,0,9,"folio",FALSE,9,16042,16786
"5404",2024-04-29,0,23,"folio",FALSE,23,16065,16809
"5405",2024-04-30,0,13,"folio",FALSE,13,16078,16822
"5406",2024-05-01,2,18,"folio",FALSE,16,16094,16840
"5407",2024-05-02,0,20,"folio",FALSE,20,16114,16860
"5408",2024-05-03,0,6,"folio",FALSE,6,16120,16866
"5409",2024-05-04,0,5,"folio",FALSE,5,16125,16871
"5410",2024-05-05,0,17,"folio",FALSE,17,16142,16888
"5411",2024-05-06,0,25,"folio",FALSE,25,16167,16913
"5412",2024-05-07,0,10,"folio",FALSE,10,16177,16923
"5413",2024-05-08,2,28,"folio",FALSE,26,16203,16951
"5414",2024-05-09,0,23,"folio",FALSE,23,16226,16974
"5415",2024-05-10,0,8,"folio",FALSE,8,16234,16982
"5416",2024-05-11,0,8,"folio",FALSE,8,16242,16990
"5417",2024-05-12,0,19,"folio",FALSE,19,16261,17009
"5418",2024-05-13,0,11,"folio",FALSE,11,16272,17020
"5419",2024-05-14,0,8,"folio",FALSE,8,16280,17028
"5420",2024-05-15,2,29,"folio",FALSE,27,16307,17057
"5421",2024-05-16,0,6,"folio",FALSE,6,16313,17063
"5422",2024-05-17,0,9,"folio",FALSE,9,16322,17072
"5423",2024-05-18,0,4,"folio",FALSE,4,16326,17076
"5424",2024-05-19,0,13,"folio",FALSE,13,16339,17089
"5425",2024-05-20,0,3,"folio",FALSE,3,16342,17092
"5426",2024-05-21,0,6,"folio",FALSE,6,16348,17098
"5427",2024-05-22,2,36,"folio",FALSE,34,16382,17134
"5428",2024-05-23,0,3,"folio",FALSE,3,16385,17137
"5429",2024-05-24,0,4,"folio",FALSE,4,16389,17141
"5430",2024-05-25,0,15,"folio",FALSE,15,16404,17156
"5431",2024-05-26,0,16,"folio",FALSE,16,16420,17172
"5432",2024-05-27,0,5,"folio",FALSE,5,16425,17177
"5433",2024-05-28,0,5,"folio",FALSE,5,16430,17182
"5434",2024-05-29,2,35,"folio",FALSE,33,16463,17217
"5435",2024-05-30,0,14,"folio",FALSE,14,16477,17231
"5436",2024-05-31,0,8,"folio",FALSE,8,16485,17239
"5437",2024-06-01,0,16,"folio",FALSE,16,16501,17255
"5438",2024-06-02,0,4,"folio",FALSE,4,16505,17259
"5439",2024-06-03,0,6,"folio",FALSE,6,16511,17265
"5440",2024-06-04,0,36,"folio",FALSE,36,16547,17301
"5441",2024-06-05,2,22,"folio",FALSE,20,16567,17323
"5442",2024-06-06,0,4,"folio",FALSE,4,16571,17327
"5443",2024-06-07,0,16,"folio",FALSE,16,16587,17343
"5444",2024-06-08,0,10,"folio",FALSE,10,16597,17353
"5445",2024-06-09,0,4,"folio",FALSE,4,16601,17357
"5446",2024-06-10,0,16,"folio",FALSE,16,16617,17373
"5447",2024-06-11,0,10,"folio",FALSE,10,16627,17383
"5448",2024-06-12,2,17,"folio",FALSE,15,16642,17400
"5449",2024-06-13,0,17,"folio",FALSE,17,16659,17417
"5450",2024-06-14,0,4,"folio",FALSE,4,16663,17421
"5451",2024-06-15,0,5,"folio",FALSE,5,16668,17426
"5452",2024-06-16,0,21,"folio",FALSE,21,16689,17447
"5453",2024-06-17,0,8,"folio",FALSE,8,16697,17455
"5454",2024-06-18,0,5,"folio",FALSE,5,16702,17460
"5455",2024-06-19,2,26,"folio",FALSE,24,16726,17486
"5456",2024-06-20,0,3,"folio",FALSE,3,16729,17489
"5457",2024-06-21,0,10,"folio",FALSE,10,16739,17499
"5458",2024-06-22,0,24,"folio",FALSE,24,16763,17523
"5459",2024-06-23,0,5,"folio",FALSE,5,16768,17528
"5460",2024-06-24,0,15,"folio",FALSE,15,16783,17543
"5461",2024-06-25,0,18,"folio",FALSE,18,16801,17561
"5462",2024-06-26,0,14,"folio",FALSE,14,16815,17575
"5463",2024-06-27,0,10,"folio",FALSE,10,16825,17585
"5464",2024-06-28,0,17,"folio",FALSE,17,16842,17602
"5465",2024-06-29,0,3,"folio",FALSE,3,16845,17605
"5466",2024-06-30,0,2,"folio",FALSE,2,16847,17607
"5467",2024-07-01,0,24,"folio",FALSE,24,16871,17631
"5468",2024-07-02,0,7,"folio",FALSE,7,16878,17638
"5469",2024-07-03,2,15,"folio",FALSE,13,16891,17653
"5470",2024-07-04,0,22,"folio",FALSE,22,16913,17675
"5471",2024-07-05,0,10,"folio",FALSE,10,16923,17685
"5472",2024-07-06,0,3,"folio",FALSE,3,16926,17688
"5473",2024-07-07,0,1,"folio",FALSE,1,16927,17689
"5474",2024-07-08,0,19,"folio",FALSE,19,16946,17708
"5475",2024-07-09,0,6,"folio",FALSE,6,16952,17714
"5476",2024-07-10,0,15,"folio",FALSE,15,16967,17729
"5477",2024-07-11,0,7,"folio",FALSE,7,16974,17736
"5478",2024-07-12,0,4,"folio",FALSE,4,16978,17740
"5479",2024-07-13,0,2,"folio",FALSE,2,16980,17742
"5480",2024-07-14,0,4,"folio",FALSE,4,16984,17746
"5481",2024-07-15,0,8,"folio",FALSE,8,16992,17754
"5482",2024-07-16,0,10,"folio",FALSE,10,17002,17764
"5483",2024-07-17,2,21,"folio",FALSE,19,17021,17785
"5484",2024-07-18,0,9,"folio",FALSE,9,17030,17794
"5485",2024-07-19,0,4,"folio",FALSE,4,17034,17798
"5486",2024-07-20,0,6,"folio",FALSE,6,17040,17804
"5487",2024-07-21,0,8,"folio",FALSE,8,17048,17812
"5488",2024-07-22,0,13,"folio",FALSE,13,17061,17825
"5489",2024-07-23,0,31,"folio",FALSE,31,17092,17856
"5490",2024-07-24,2,32,"folio",FALSE,30,17122,17888
"5491",2024-07-25,0,4,"folio",FALSE,4,17126,17892
"5492",2024-07-26,0,23,"folio",FALSE,23,17149,17915
"5493",2024-07-27,0,2,"folio",FALSE,2,17151,17917
"5494",2024-07-28,0,3,"folio",FALSE,3,17154,17920
"5495",2024-07-29,0,18,"folio",FALSE,18,17172,17938
"5496",2024-07-30,0,18,"folio",FALSE,18,17190,17956
"5497",2024-07-31,0,12,"folio",FALSE,12,17202,17968
"5498",2024-08-01,0,27,"folio",FALSE,27,17229,17995
"5499",2024-08-02,0,4,"folio",FALSE,4,17233,17999
"5500",2024-08-03,0,8,"folio",FALSE,8,17241,18007
"5501",2024-08-04,0,14,"folio",FALSE,14,17255,18021
"5502",2024-08-05,0,8,"folio",FALSE,8,17263,18029
"5503",2024-08-06,0,9,"folio",FALSE,9,17272,18038
"5504",2024-08-07,0,23,"folio",FALSE,23,17295,18061
"5505",2024-08-08,2,14,"folio",FALSE,12,17307,18075
"5506",2024-08-09,0,3,"folio",FALSE,3,17310,18078
"5507",2024-08-10,0,15,"folio",FALSE,15,17325,18093
"5508",2024-08-11,0,18,"folio",FALSE,18,17343,18111
"5509",2024-08-12,0,18,"folio",FALSE,18,17361,18129
"5510",2024-08-13,0,15,"folio",FALSE,15,17376,18144
"5511",2024-08-14,0,18,"folio",FALSE,18,17394,18162
"5512",2024-08-15,2,29,"folio",FALSE,27,17421,18191
"5513",2024-08-16,0,26,"folio",FALSE,26,17447,18217
"5514",2024-08-17,0,16,"folio",FALSE,16,17463,18233
"5515",2024-08-18,0,14,"folio",FALSE,14,17477,18247
"5516",2024-08-19,0,16,"folio",FALSE,16,17493,18263
"5517",2024-08-20,0,18,"folio",FALSE,18,17511,18281
"5518",2024-08-21,0,22,"folio",FALSE,22,17533,18303
"5519",2024-08-22,0,35,"folio",FALSE,35,17568,18338
"5520",2024-08-23,0,21,"folio",FALSE,21,17589,18359
"5521",2024-08-24,0,23,"folio",FALSE,23,17612,18382
"5522",2024-08-25,0,5,"folio",FALSE,5,17617,18387
"5523",2024-08-26,0,13,"folio",FALSE,13,17630,18400
"5524",2024-08-27,0,18,"folio",FALSE,18,17648,18418
"5525",2024-08-28,2,17,"folio",FALSE,15,17663,18435
"5526",2024-08-29,0,9,"folio",FALSE,9,17672,18444
"5527",2024-08-30,0,15,"folio",FALSE,15,17687,18459
"5528",2024-08-31,0,1,"folio",FALSE,1,17688,18460
"5529",2024-09-01,0,3,"folio",FALSE,3,17691,18463
"5530",2024-09-02,0,18,"folio",FALSE,18,17709,18481
"5531",2024-09-03,0,36,"folio",TRUE,2,17711,18517
"5532",2024-09-04,2,37,"folio",FALSE,2,17713,18554
"5533",2024-09-05,0,57,"folio",FALSE,57,17770,18611
"5534",2024-09-06,0,12,"folio",FALSE,12,17782,18623
"5535",2024-09-07,0,4,"folio",FALSE,4,17786,18627
"5536",2024-09-08,0,29,"folio",FALSE,29,17815,18656
"5537",2024-09-09,0,16,"folio",FALSE,16,17831,18672
"5538",2024-09-10,0,14,"folio",FALSE,14,17845,18686
"5539",2024-09-11,3,56,"folio",FALSE,53,17898,18742
"5540",2024-09-12,0,18,"folio",FALSE,18,17916,18760
"5541",2024-09-13,0,5,"folio",FALSE,5,17921,18765
"5542",2024-09-14,0,29,"folio",FALSE,29,17950,18794
"5543",2024-09-15,0,6,"folio",FALSE,6,17956,18800
"5544",2024-09-16,0,9,"folio",FALSE,9,17965,18809
"5545",2024-09-17,0,26,"folio",FALSE,26,17991,18835
"5546",2024-09-18,2,18,"folio",FALSE,16,18007,18853
"5547",2024-09-19,0,6,"folio",FALSE,6,18013,18859
"5548",2024-09-20,0,26,"folio",FALSE,26,18039,18885
"5549",2024-09-21,0,19,"folio",FALSE,19,18058,18904
"5550",2024-09-22,0,3,"folio",FALSE,3,18061,18907
"5551",2024-09-23,0,26,"folio",FALSE,26,18087,18933
"5552",2024-09-24,0,18,"folio",FALSE,18,18105,18951
"5553",2024-09-25,0,12,"folio",FALSE,12,18117,18963
"5554",2024-09-26,1,38,"folio",FALSE,37,18154,19001
"5555",2024-09-27,0,9,"folio",FALSE,9,18163,19010
"5556",2024-09-28,0,0,"folio",FALSE,0,18163,19010
"5557",2024-09-29,0,0,"folio",FALSE,0,18163,19010
"5558",2023-05-15,1,0,"isopleuros",FALSE,0,0,0
"5559",2023-05-16,0,6,"isopleuros",TRUE,2,2,6
"5560",2023-05-17,2,9,"isopleuros",FALSE,2,4,15
"5561",2023-05-18,0,9,"isopleuros",FALSE,9,13,24
"5562",2023-05-19,0,1,"isopleuros",FALSE,1,14,25
"5563",2023-05-20,0,34,"isopleuros",FALSE,34,48,59
"5564",2023-05-21,0,3,"isopleuros",FALSE,3,51,62
"5565",2023-05-22,0,11,"isopleuros",FALSE,11,62,73
"5566",2023-05-23,0,7,"isopleuros",FALSE,7,69,80
"5567",2023-05-24,2,17,"isopleuros",FALSE,15,84,97
"5568",2023-05-25,0,6,"isopleuros",FALSE,6,90,103
"5569",2023-05-26,0,6,"isopleuros",FALSE,6,96,109
"5570",2023-05-27,0,3,"isopleuros",FALSE,3,99,112
"5571",2023-05-28,0,4,"isopleuros",FALSE,4,103,116
"5572",2023-05-29,0,3,"isopleuros",FALSE,3,106,119
"5573",2023-05-30,0,5,"isopleuros",FALSE,5,111,124
"5574",2023-05-31,0,6,"isopleuros",FALSE,6,117,130
"5575",2023-06-01,0,9,"isopleuros",FALSE,9,126,139
"5576",2023-06-02,0,10,"isopleuros",FALSE,10,136,149
"5577",2023-06-03,0,1,"isopleuros",FALSE,1,137,150
"5578",2023-06-04,0,5,"isopleuros",FALSE,5,142,155
"5579",2023-06-05,0,2,"isopleuros",FALSE,2,144,157
"5580",2023-06-06,0,4,"isopleuros",FALSE,4,148,161
"5581",2023-06-07,0,2,"isopleuros",FALSE,2,150,163
"5582",2023-06-08,2,8,"isopleuros",FALSE,6,156,171
"5583",2023-06-09,0,5,"isopleuros",FALSE,5,161,176
"5584",2023-06-10,0,5,"isopleuros",FALSE,5,166,181
"5585",2023-06-11,0,5,"isopleuros",FALSE,5,171,186
"5586",2023-06-12,0,6,"isopleuros",FALSE,6,177,192
"5587",2023-06-13,0,5,"isopleuros",FALSE,5,182,197
"5588",2023-06-14,0,4,"isopleuros",FALSE,4,186,201
"5589",2023-06-15,2,2,"isopleuros",FALSE,0,186,203
"5590",2023-06-16,0,6,"isopleuros",FALSE,6,192,209
"5591",2023-06-17,0,13,"isopleuros",FALSE,13,205,222
"5592",2023-06-18,0,3,"isopleuros",FALSE,3,208,225
"5593",2023-06-19,0,6,"isopleuros",FALSE,6,214,231
"5594",2023-06-20,0,6,"isopleuros",FALSE,6,220,237
"5595",2023-06-21,1,8,"isopleuros",FALSE,7,227,245
"5596",2023-06-22,0,3,"isopleuros",FALSE,3,230,248
"5597",2023-06-23,0,3,"isopleuros",FALSE,3,233,251
"5598",2023-06-24,0,8,"isopleuros",FALSE,8,241,259
"5599",2023-06-25,0,6,"isopleuros",FALSE,6,247,265
"5600",2023-06-26,0,5,"isopleuros",FALSE,5,252,270
"5601",2023-06-27,0,6,"isopleuros",FALSE,6,258,276
"5602",2023-06-28,2,7,"isopleuros",FALSE,5,263,283
"5603",2023-06-29,0,9,"isopleuros",FALSE,9,272,292
"5604",2023-06-30,0,10,"isopleuros",FALSE,10,282,302
"5605",2023-07-01,0,5,"isopleuros",FALSE,5,287,307
"5606",2023-07-02,0,2,"isopleuros",FALSE,2,289,309
"5607",2023-07-03,0,8,"isopleuros",FALSE,8,297,317
"5608",2023-07-04,0,9,"isopleuros",FALSE,9,306,326
"5609",2023-07-05,1,13,"isopleuros",FALSE,12,318,339
"5610",2023-07-06,0,10,"isopleuros",FALSE,10,328,349
"5611",2023-07-07,0,10,"isopleuros",FALSE,10,338,359
"5612",2023-07-08,0,4,"isopleuros",FALSE,4,342,363
"5613",2023-07-09,0,2,"isopleuros",FALSE,2,344,365
"5614",2023-07-10,0,7,"isopleuros",FALSE,7,351,372
"5615",2023-07-11,0,4,"isopleuros",FALSE,4,355,376
"5616",2023-07-12,2,7,"isopleuros",FALSE,5,360,383
"5617",2023-07-13,0,1,"isopleuros",FALSE,1,361,384
"5618",2023-07-14,0,4,"isopleuros",FALSE,4,365,388
"5619",2023-07-15,0,1,"isopleuros",FALSE,1,366,389
"5620",2023-07-16,0,2,"isopleuros",FALSE,2,368,391
"5621",2023-07-17,0,3,"isopleuros",FALSE,3,371,394
"5622",2023-07-18,0,6,"isopleuros",FALSE,6,377,400
"5623",2023-07-19,2,4,"isopleuros",FALSE,2,379,404
"5624",2023-07-20,0,1,"isopleuros",FALSE,1,380,405
"5625",2023-07-21,0,4,"isopleuros",FALSE,4,384,409
"5626",2023-07-22,0,4,"isopleuros",FALSE,4,388,413
"5627",2023-07-23,0,2,"isopleuros",FALSE,2,390,415
"5628",2023-07-24,0,2,"isopleuros",FALSE,2,392,417
"5629",2023-07-25,0,10,"isopleuros",FALSE,10,402,427
"5630",2023-07-26,2,5,"isopleuros",FALSE,3,405,432
"5631",2023-07-27,0,4,"isopleuros",FALSE,4,409,436
"5632",2023-07-28,0,4,"isopleuros",FALSE,4,413,440
"5633",2023-07-29,0,2,"isopleuros",FALSE,2,415,442
"5634",2023-07-30,0,2,"isopleuros",FALSE,2,417,444
"5635",2023-07-31,0,1,"isopleuros",FALSE,1,418,445
"5636",2023-08-01,0,7,"isopleuros",FALSE,7,425,452
"5637",2023-08-02,0,5,"isopleuros",FALSE,5,430,457
"5638",2023-08-03,2,3,"isopleuros",FALSE,1,431,460
"5639",2023-08-04,0,7,"isopleuros",FALSE,7,438,467
"5640",2023-08-05,0,2,"isopleuros",FALSE,2,440,469
"5641",2023-08-06,0,8,"isopleuros",FALSE,8,448,477
"5642",2023-08-07,0,3,"isopleuros",FALSE,3,451,480
"5643",2023-08-08,0,6,"isopleuros",FALSE,6,457,486
"5644",2023-08-09,2,4,"isopleuros",FALSE,2,459,490
"5645",2023-08-10,0,4,"isopleuros",FALSE,4,463,494
"5646",2023-08-11,0,4,"isopleuros",FALSE,4,467,498
"5647",2023-08-12,0,1,"isopleuros",FALSE,1,468,499
"5648",2023-08-13,0,1,"isopleuros",FALSE,1,469,500
"5649",2023-08-14,0,5,"isopleuros",FALSE,5,474,505
"5650",2023-08-15,0,6,"isopleuros",FALSE,6,480,511
"5651",2023-08-16,1,5,"isopleuros",FALSE,4,484,516
"5652",2023-08-17,0,5,"isopleuros",FALSE,5,489,521
"5653",2023-08-18,0,4,"isopleuros",FALSE,4,493,525
"5654",2023-08-19,0,6,"isopleuros",FALSE,6,499,531
"5655",2023-08-20,0,3,"isopleuros",FALSE,3,502,534
"5656",2023-08-21,0,1,"isopleuros",FALSE,1,503,535
"5657",2023-08-22,0,1,"isopleuros",FALSE,1,504,536
"5658",2023-08-23,2,5,"isopleuros",FALSE,3,507,541
"5659",2023-08-24,0,7,"isopleuros",FALSE,7,514,548
"5660",2023-08-25,0,7,"isopleuros",FALSE,7,521,555
"5661",2023-08-26,0,2,"isopleuros",FALSE,2,523,557
"5662",2023-08-27,0,3,"isopleuros",FALSE,3,526,560
"5663",2023-08-28,0,4,"isopleuros",FALSE,4,530,564
"5664",2023-08-29,0,3,"isopleuros",FALSE,3,533,567
"5665",2023-08-30,2,5,"isopleuros",FALSE,3,536,572
"5666",2023-08-31,0,4,"isopleuros",FALSE,4,540,576
"5667",2023-09-01,0,3,"isopleuros",FALSE,3,543,579
"5668",2023-09-02,0,1,"isopleuros",FALSE,1,544,580
"5669",2023-09-03,0,5,"isopleuros",FALSE,5,549,585
"5670",2023-09-04,0,4,"isopleuros",FALSE,4,553,589
"5671",2023-09-05,0,7,"isopleuros",FALSE,7,560,596
"5672",2023-09-06,1,3,"isopleuros",FALSE,2,562,599
"5673",2023-09-07,0,4,"isopleuros",FALSE,4,566,603
"5674",2023-09-08,0,3,"isopleuros",FALSE,3,569,606
"5675",2023-09-09,0,4,"isopleuros",FALSE,4,573,610
"5676",2023-09-10,0,5,"isopleuros",FALSE,5,578,615
"5677",2023-09-11,0,5,"isopleuros",FALSE,5,583,620
"5678",2023-09-12,0,4,"isopleuros",FALSE,4,587,624
"5679",2023-09-13,0,6,"isopleuros",FALSE,6,593,630
"5680",2023-09-14,0,7,"isopleuros",FALSE,7,600,637
"5681",2023-09-15,0,12,"isopleuros",FALSE,12,612,649
"5682",2023-09-16,0,2,"isopleuros",FALSE,2,614,651
"5683",2023-09-17,0,1,"isopleuros",FALSE,1,615,652
"5684",2023-09-18,0,4,"isopleuros",FALSE,4,619,656
"5685",2023-09-19,0,9,"isopleuros",FALSE,9,628,665
"5686",2023-09-20,0,5,"isopleuros",FALSE,5,633,670
"5687",2023-09-21,0,3,"isopleuros",FALSE,3,636,673
"5688",2023-09-22,0,5,"isopleuros",FALSE,5,641,678
"5689",2023-09-23,0,2,"isopleuros",FALSE,2,643,680
"5690",2023-09-24,0,4,"isopleuros",FALSE,4,647,684
"5691",2023-09-25,0,3,"isopleuros",FALSE,3,650,687
"5692",2023-09-26,0,2,"isopleuros",FALSE,2,652,689
"5693",2023-09-27,2,7,"isopleuros",FALSE,5,657,696
"5694",2023-09-28,0,6,"isopleuros",FALSE,6,663,702
"5695",2023-09-29,0,4,"isopleuros",FALSE,4,667,706
"5696",2023-09-30,0,3,"isopleuros",FALSE,3,670,709
"5697",2023-10-01,0,2,"isopleuros",FALSE,2,672,711
"5698",2023-10-02,0,4,"isopleuros",FALSE,4,676,715
"5699",2023-10-03,0,2,"isopleuros",FALSE,2,678,717
"5700",2023-10-04,1,6,"isopleuros",FALSE,5,683,723
"5701",2023-10-05,0,7,"isopleuros",FALSE,7,690,730
"5702",2023-10-06,0,8,"isopleuros",FALSE,8,698,738
"5703",2023-10-07,0,1,"isopleuros",FALSE,1,699,739
"5704",2023-10-08,0,2,"isopleuros",FALSE,2,701,741
"5705",2023-10-09,0,4,"isopleuros",FALSE,4,705,745
"5706",2023-10-10,0,5,"isopleuros",FALSE,5,710,750
"5707",2023-10-11,0,2,"isopleuros",FALSE,2,712,752
"5708",2023-10-12,0,2,"isopleuros",FALSE,2,714,754
"5709",2023-10-13,0,1,"isopleuros",FALSE,1,715,755
"5710",2023-10-14,0,5,"isopleuros",FALSE,5,720,760
"5711",2023-10-15,0,2,"isopleuros",FALSE,2,722,762
"5712",2023-10-16,0,8,"isopleuros",FALSE,8,730,770
"5713",2023-10-17,0,5,"isopleuros",FALSE,5,735,775
"5714",2023-10-18,1,7,"isopleuros",FALSE,6,741,782
"5715",2023-10-19,0,7,"isopleuros",FALSE,7,748,789
"5716",2023-10-20,0,6,"isopleuros",FALSE,6,754,795
"5717",2023-10-21,0,4,"isopleuros",FALSE,4,758,799
"5718",2023-10-22,0,4,"isopleuros",FALSE,4,762,803
"5719",2023-10-23,0,8,"isopleuros",FALSE,8,770,811
"5720",2023-10-24,0,2,"isopleuros",FALSE,2,772,813
"5721",2023-10-25,1,4,"isopleuros",FALSE,3,775,817
"5722",2023-10-26,0,10,"isopleuros",FALSE,10,785,827
"5723",2023-10-27,0,11,"isopleuros",FALSE,11,796,838
"5724",2023-10-28,0,9,"isopleuros",FALSE,9,805,847
"5725",2023-10-29,0,2,"isopleuros",FALSE,2,807,849
"5726",2023-10-30,0,2,"isopleuros",FALSE,2,809,851
"5727",2023-10-31,0,9,"isopleuros",FALSE,9,818,860
"5728",2023-11-01,1,9,"isopleuros",FALSE,8,826,869
"5729",2023-11-02,0,12,"isopleuros",FALSE,12,838,881
"5730",2023-11-03,0,13,"isopleuros",FALSE,13,851,894
"5731",2023-11-04,0,1,"isopleuros",FALSE,1,852,895
"5732",2023-11-05,0,3,"isopleuros",FALSE,3,855,898
"5733",2023-11-06,0,9,"isopleuros",FALSE,9,864,907
"5734",2023-11-07,0,6,"isopleuros",FALSE,6,870,913
"5735",2023-11-08,2,8,"isopleuros",FALSE,6,876,921
"5736",2023-11-09,0,9,"isopleuros",FALSE,9,885,930
"5737",2023-11-10,0,2,"isopleuros",FALSE,2,887,932
"5738",2023-11-11,0,3,"isopleuros",FALSE,3,890,935
"5739",2023-11-12,0,2,"isopleuros",FALSE,2,892,937
"5740",2023-11-13,0,7,"isopleuros",FALSE,7,899,944
"5741",2023-11-14,0,3,"isopleuros",FALSE,3,902,947
"5742",2023-11-15,2,9,"isopleuros",FALSE,7,909,956
"5743",2023-11-16,0,3,"isopleuros",FALSE,3,912,959
"5744",2023-11-17,0,6,"isopleuros",FALSE,6,918,965
"5745",2023-11-18,0,5,"isopleuros",FALSE,5,923,970
"5746",2023-11-19,0,7,"isopleuros",FALSE,7,930,977
"5747",2023-11-20,0,12,"isopleuros",FALSE,12,942,989
"5748",2023-11-21,0,3,"isopleuros",FALSE,3,945,992
"5749",2023-11-22,1,9,"isopleuros",FALSE,8,953,1001
"5750",2023-11-23,0,3,"isopleuros",FALSE,3,956,1004
"5751",2023-11-24,0,5,"isopleuros",FALSE,5,961,1009
"5752",2023-11-25,0,6,"isopleuros",FALSE,6,967,1015
"5753",2023-11-26,0,1,"isopleuros",FALSE,1,968,1016
"5754",2023-11-27,0,5,"isopleuros",FALSE,5,973,1021
"5755",2023-11-28,0,4,"isopleuros",FALSE,4,977,1025
"5756",2023-11-29,3,5,"isopleuros",FALSE,2,979,1030
"5757",2023-11-30,0,10,"isopleuros",FALSE,10,989,1040
"5758",2023-12-01,0,7,"isopleuros",FALSE,7,996,1047
"5759",2023-12-02,0,1,"isopleuros",FALSE,1,997,1048
"5760",2023-12-03,0,6,"isopleuros",FALSE,6,1003,1054
"5761",2023-12-04,0,2,"isopleuros",FALSE,2,1005,1056
"5762",2023-12-05,0,3,"isopleuros",FALSE,3,1008,1059
"5763",2023-12-06,2,7,"isopleuros",FALSE,5,1013,1066
"5764",2023-12-07,0,9,"isopleuros",FALSE,9,1022,1075
"5765",2023-12-08,0,6,"isopleuros",FALSE,6,1028,1081
"5766",2023-12-09,0,6,"isopleuros",FALSE,6,1034,1087
"5767",2023-12-10,0,3,"isopleuros",FALSE,3,1037,1090
"5768",2023-12-11,0,29,"isopleuros",TRUE,2,1039,1119
"5769",2023-12-12,0,21,"isopleuros",FALSE,2,1041,1140
"5770",2023-12-13,0,16,"isopleuros",FALSE,16,1057,1156
"5771",2023-12-14,0,33,"isopleuros",FALSE,33,1090,1189
"5772",2023-12-15,2,17,"isopleuros",FALSE,15,1105,1206
"5773",2023-12-16,0,6,"isopleuros",FALSE,6,1111,1212
"5774",2023-12-17,0,6,"isopleuros",FALSE,6,1117,1218
"5775",2023-12-18,0,13,"isopleuros",FALSE,13,1130,1231
"5776",2023-12-19,0,14,"isopleuros",FALSE,14,1144,1245
"5777",2023-12-20,0,16,"isopleuros",FALSE,16,1160,1261
"5778",2023-12-21,0,12,"isopleuros",FALSE,12,1172,1273
"5779",2023-12-22,0,9,"isopleuros",FALSE,9,1181,1282
"5780",2023-12-23,0,2,"isopleuros",FALSE,2,1183,1284
"5781",2023-12-24,0,10,"isopleuros",FALSE,10,1193,1294
"5782",2023-12-25,0,6,"isopleuros",FALSE,6,1199,1300
"5783",2023-12-26,0,5,"isopleuros",FALSE,5,1204,1305
"5784",2023-12-27,2,5,"isopleuros",FALSE,3,1207,1310
"5785",2023-12-28,0,4,"isopleuros",FALSE,4,1211,1314
"5786",2023-12-29,0,6,"isopleuros",FALSE,6,1217,1320
"5787",2023-12-30,0,3,"isopleuros",FALSE,3,1220,1323
"5788",2023-12-31,0,1,"isopleuros",FALSE,1,1221,1324
"5789",2024-01-01,0,7,"isopleuros",FALSE,7,1228,1331
"5790",2024-01-02,0,3,"isopleuros",FALSE,3,1231,1334
"5791",2024-01-03,1,9,"isopleuros",FALSE,8,1239,1343
"5792",2024-01-04,0,3,"isopleuros",FALSE,3,1242,1346
"5793",2024-01-05,0,2,"isopleuros",FALSE,2,1244,1348
"5794",2024-01-06,0,4,"isopleuros",FALSE,4,1248,1352
"5795",2024-01-07,0,5,"isopleuros",FALSE,5,1253,1357
"5796",2024-01-08,0,15,"isopleuros",TRUE,2,1255,1372
"5797",2024-01-09,0,8,"isopleuros",FALSE,2,1257,1380
"5798",2024-01-10,2,17,"isopleuros",FALSE,15,1272,1397
"5799",2024-01-11,0,39,"isopleuros",FALSE,39,1311,1436
"5800",2024-01-12,0,38,"isopleuros",FALSE,38,1349,1474
"5801",2024-01-13,0,7,"isopleuros",FALSE,7,1356,1481
"5802",2024-01-14,0,19,"isopleuros",FALSE,19,1375,1500
"5803",2024-01-15,0,11,"isopleuros",FALSE,11,1386,1511
"5804",2024-01-16,0,16,"isopleuros",FALSE,16,1402,1527
"5805",2024-01-17,2,22,"isopleuros",FALSE,20,1422,1549
"5806",2024-01-18,0,13,"isopleuros",FALSE,13,1435,1562
"5807",2024-01-19,0,6,"isopleuros",FALSE,6,1441,1568
"5808",2024-01-20,0,6,"isopleuros",FALSE,6,1447,1574
"5809",2024-01-21,0,4,"isopleuros",FALSE,4,1451,1578
"5810",2024-01-22,0,7,"isopleuros",FALSE,7,1458,1585
"5811",2024-01-23,0,15,"isopleuros",FALSE,15,1473,1600
"5812",2024-01-24,6,89,"isopleuros",FALSE,83,1556,1689
"5813",2024-01-25,1,81,"isopleuros",FALSE,80,1636,1770
"5814",2024-01-26,0,4,"isopleuros",FALSE,4,1640,1774
"5815",2024-01-27,0,2,"isopleuros",FALSE,2,1642,1776
"5816",2024-01-28,0,2,"isopleuros",FALSE,2,1644,1778
"5817",2024-01-29,0,18,"isopleuros",FALSE,18,1662,1796
"5818",2024-01-30,0,18,"isopleuros",FALSE,18,1680,1814
"5819",2024-01-31,2,14,"isopleuros",FALSE,12,1692,1828
"5820",2024-02-01,0,3,"isopleuros",FALSE,3,1695,1831
"5821",2024-02-02,0,8,"isopleuros",FALSE,8,1703,1839
"5822",2024-02-03,0,16,"isopleuros",FALSE,16,1719,1855
"5823",2024-02-04,0,2,"isopleuros",FALSE,2,1721,1857
"5824",2024-02-05,0,8,"isopleuros",FALSE,8,1729,1865
"5825",2024-02-06,0,3,"isopleuros",FALSE,3,1732,1868
"5826",2024-02-07,2,10,"isopleuros",FALSE,8,1740,1878
"5827",2024-02-08,0,6,"isopleuros",FALSE,6,1746,1884
"5828",2024-02-09,0,3,"isopleuros",FALSE,3,1749,1887
"5829",2024-02-10,0,1,"isopleuros",FALSE,1,1750,1888
"5830",2024-02-11,0,3,"isopleuros",FALSE,3,1753,1891
"5831",2024-02-12,0,8,"isopleuros",FALSE,8,1761,1899
"5832",2024-02-13,0,11,"isopleuros",FALSE,11,1772,1910
"5833",2024-02-14,2,8,"isopleuros",FALSE,6,1778,1918
"5834",2024-02-15,0,3,"isopleuros",FALSE,3,1781,1921
"5835",2024-02-16,0,4,"isopleuros",FALSE,4,1785,1925
"5836",2024-02-17,0,4,"isopleuros",FALSE,4,1789,1929
"5837",2024-02-18,0,6,"isopleuros",FALSE,6,1795,1935
"5838",2024-02-19,0,2,"isopleuros",FALSE,2,1797,1937
"5839",2024-02-20,0,6,"isopleuros",FALSE,6,1803,1943
"5840",2024-02-21,2,7,"isopleuros",FALSE,5,1808,1950
"5841",2024-02-22,0,7,"isopleuros",FALSE,7,1815,1957
"5842",2024-02-23,0,10,"isopleuros",FALSE,10,1825,1967
"5843",2024-02-24,1,4,"isopleuros",FALSE,3,1828,1971
"5844",2024-02-25,0,5,"isopleuros",FALSE,5,1833,1976
"5845",2024-02-26,0,11,"isopleuros",FALSE,11,1844,1987
"5846",2024-02-27,0,11,"isopleuros",FALSE,11,1855,1998
"5847",2024-02-28,2,12,"isopleuros",FALSE,10,1865,2010
"5848",2024-02-29,0,4,"isopleuros",FALSE,4,1869,2014
"5849",2024-03-01,0,8,"isopleuros",FALSE,8,1877,2022
"5850",2024-03-02,0,5,"isopleuros",FALSE,5,1882,2027
"5851",2024-03-03,0,3,"isopleuros",FALSE,3,1885,2030
"5852",2024-03-04,0,6,"isopleuros",FALSE,6,1891,2036
"5853",2024-03-05,0,6,"isopleuros",FALSE,6,1897,2042
"5854",2024-03-06,2,8,"isopleuros",FALSE,6,1903,2050
"5855",2024-03-07,0,8,"isopleuros",FALSE,8,1911,2058
"5856",2024-03-08,0,8,"isopleuros",FALSE,8,1919,2066
"5857",2024-03-09,0,6,"isopleuros",FALSE,6,1925,2072
"5858",2024-03-10,0,5,"isopleuros",FALSE,5,1930,2077
"5859",2024-03-11,0,2,"isopleuros",FALSE,2,1932,2079
"5860",2024-03-12,0,5,"isopleuros",FALSE,5,1937,2084
"5861",2024-03-13,2,11,"isopleuros",FALSE,9,1946,2095
"5862",2024-03-14,0,11,"isopleuros",FALSE,11,1957,2106
"5863",2024-03-15,0,8,"isopleuros",FALSE,8,1965,2114
"5864",2024-03-16,0,9,"isopleuros",FALSE,9,1974,2123
"5865",2024-03-17,0,5,"isopleuros",FALSE,5,1979,2128
"5866",2024-03-18,0,4,"isopleuros",FALSE,4,1983,2132
"5867",2024-03-19,0,5,"isopleuros",FALSE,5,1988,2137
"5868",2024-03-20,0,8,"isopleuros",FALSE,8,1996,2145
"5869",2024-03-21,2,11,"isopleuros",FALSE,9,2005,2156
"5870",2024-03-22,0,8,"isopleuros",FALSE,8,2013,2164
"5871",2024-03-23,0,6,"isopleuros",FALSE,6,2019,2170
"5872",2024-03-24,0,7,"isopleuros",FALSE,7,2026,2177
"5873",2024-03-25,0,4,"isopleuros",FALSE,4,2030,2181
"5874",2024-03-26,0,9,"isopleuros",FALSE,9,2039,2190
"5875",2024-03-27,2,11,"isopleuros",FALSE,9,2048,2201
"5876",2024-03-28,0,7,"isopleuros",FALSE,7,2055,2208
"5877",2024-03-29,0,8,"isopleuros",FALSE,8,2063,2216
"5878",2024-03-30,0,7,"isopleuros",FALSE,7,2070,2223
"5879",2024-03-31,0,8,"isopleuros",FALSE,8,2078,2231
"5880",2024-04-01,0,5,"isopleuros",FALSE,5,2083,2236
"5881",2024-04-02,0,3,"isopleuros",FALSE,3,2086,2239
"5882",2024-04-03,2,10,"isopleuros",FALSE,8,2094,2249
"5883",2024-04-04,0,12,"isopleuros",FALSE,12,2106,2261
"5884",2024-04-05,0,5,"isopleuros",FALSE,5,2111,2266
"5885",2024-04-06,0,1,"isopleuros",FALSE,1,2112,2267
"5886",2024-04-07,0,8,"isopleuros",FALSE,8,2120,2275
"5887",2024-04-08,0,2,"isopleuros",FALSE,2,2122,2277
"5888",2024-04-09,0,11,"isopleuros",FALSE,11,2133,2288
"5889",2024-04-10,2,14,"isopleuros",FALSE,12,2145,2302
"5890",2024-04-11,0,2,"isopleuros",FALSE,2,2147,2304
"5891",2024-04-12,0,3,"isopleuros",FALSE,3,2150,2307
"5892",2024-04-13,0,10,"isopleuros",FALSE,10,2160,2317
"5893",2024-04-14,0,2,"isopleuros",FALSE,2,2162,2319
"5894",2024-04-15,0,5,"isopleuros",FALSE,5,2167,2324
"5895",2024-04-16,0,5,"isopleuros",FALSE,5,2172,2329
"5896",2024-04-17,2,15,"isopleuros",FALSE,13,2185,2344
"5897",2024-04-18,0,6,"isopleuros",FALSE,6,2191,2350
"5898",2024-04-19,0,1,"isopleuros",FALSE,1,2192,2351
"5899",2024-04-20,0,4,"isopleuros",FALSE,4,2196,2355
"5900",2024-04-21,0,7,"isopleuros",FALSE,7,2203,2362
"5901",2024-04-22,0,14,"isopleuros",FALSE,14,2217,2376
"5902",2024-04-23,0,8,"isopleuros",FALSE,8,2225,2384
"5903",2024-04-24,0,9,"isopleuros",FALSE,9,2234,2393
"5904",2024-04-25,0,11,"isopleuros",FALSE,11,2245,2404
"5905",2024-04-26,0,9,"isopleuros",FALSE,9,2254,2413
"5906",2024-04-27,0,7,"isopleuros",FALSE,7,2261,2420
"5907",2024-04-28,0,10,"isopleuros",FALSE,10,2271,2430
"5908",2024-04-29,0,9,"isopleuros",FALSE,9,2280,2439
"5909",2024-04-30,0,8,"isopleuros",FALSE,8,2288,2447
"5910",2024-05-01,2,12,"isopleuros",FALSE,10,2298,2459
"5911",2024-05-02,0,10,"isopleuros",FALSE,10,2308,2469
"5912",2024-05-03,0,7,"isopleuros",FALSE,7,2315,2476
"5913",2024-05-04,0,6,"isopleuros",FALSE,6,2321,2482
"5914",2024-05-05,0,2,"isopleuros",FALSE,2,2323,2484
"5915",2024-05-06,0,11,"isopleuros",FALSE,11,2334,2495
"5916",2024-05-07,0,6,"isopleuros",FALSE,6,2340,2501
"5917",2024-05-08,2,15,"isopleuros",FALSE,13,2353,2516
"5918",2024-05-09,0,5,"isopleuros",FALSE,5,2358,2521
"5919",2024-05-10,0,8,"isopleuros",FALSE,8,2366,2529
"5920",2024-05-11,0,3,"isopleuros",FALSE,3,2369,2532
"5921",2024-05-12,0,5,"isopleuros",FALSE,5,2374,2537
"5922",2024-05-13,0,5,"isopleuros",FALSE,5,2379,2542
"5923",2024-05-14,0,7,"isopleuros",FALSE,7,2386,2549
"5924",2024-05-15,2,11,"isopleuros",FALSE,9,2395,2560
"5925",2024-05-16,0,5,"isopleuros",FALSE,5,2400,2565
"5926",2024-05-17,0,6,"isopleuros",FALSE,6,2406,2571
"5927",2024-05-18,0,4,"isopleuros",FALSE,4,2410,2575
"5928",2024-05-19,0,1,"isopleuros",FALSE,1,2411,2576
"5929",2024-05-20,0,3,"isopleuros",FALSE,3,2414,2579
"5930",2024-05-21,0,6,"isopleuros",FALSE,6,2420,2585
"5931",2024-05-22,2,20,"isopleuros",FALSE,18,2438,2605
"5932",2024-05-23,0,6,"isopleuros",FALSE,6,2444,2611
"5933",2024-05-24,0,2,"isopleuros",FALSE,2,2446,2613
"5934",2024-05-25,0,3,"isopleuros",FALSE,3,2449,2616
"5935",2024-05-26,0,3,"isopleuros",FALSE,3,2452,2619
"5936",2024-05-27,0,6,"isopleuros",FALSE,6,2458,2625
"5937",2024-05-28,0,3,"isopleuros",FALSE,3,2461,2628
"5938",2024-05-29,2,9,"isopleuros",FALSE,7,2468,2637
"5939",2024-05-30,0,11,"isopleuros",FALSE,11,2479,2648
"5940",2024-05-31,0,13,"isopleuros",FALSE,13,2492,2661
"5941",2024-06-01,0,3,"isopleuros",FALSE,3,2495,2664
"5942",2024-06-02,0,5,"isopleuros",FALSE,5,2500,2669
"5943",2024-06-03,0,7,"isopleuros",FALSE,7,2507,2676
"5944",2024-06-04,0,17,"isopleuros",FALSE,17,2524,2693
"5945",2024-06-05,2,18,"isopleuros",FALSE,16,2540,2711
"5946",2024-06-06,0,6,"isopleuros",FALSE,6,2546,2717
"5947",2024-06-07,0,2,"isopleuros",FALSE,2,2548,2719
"5948",2024-06-08,0,7,"isopleuros",FALSE,7,2555,2726
"5949",2024-06-09,0,1,"isopleuros",FALSE,1,2556,2727
"5950",2024-06-10,0,2,"isopleuros",FALSE,2,2558,2729
"5951",2024-06-11,0,7,"isopleuros",FALSE,7,2565,2736
"5952",2024-06-12,2,7,"isopleuros",FALSE,5,2570,2743
"5953",2024-06-13,0,4,"isopleuros",FALSE,4,2574,2747
"5954",2024-06-14,0,11,"isopleuros",FALSE,11,2585,2758
"5955",2024-06-15,0,3,"isopleuros",FALSE,3,2588,2761
"5956",2024-06-16,0,5,"isopleuros",FALSE,5,2593,2766
"5957",2024-06-17,0,7,"isopleuros",FALSE,7,2600,2773
"5958",2024-06-18,0,4,"isopleuros",FALSE,4,2604,2777
"5959",2024-06-19,2,14,"isopleuros",FALSE,12,2616,2791
"5960",2024-06-20,0,2,"isopleuros",FALSE,2,2618,2793
"5961",2024-06-21,0,7,"isopleuros",FALSE,7,2625,2800
"5962",2024-06-22,0,4,"isopleuros",FALSE,4,2629,2804
"5963",2024-06-23,0,5,"isopleuros",FALSE,5,2634,2809
"5964",2024-06-24,0,7,"isopleuros",FALSE,7,2641,2816
"5965",2024-06-25,0,7,"isopleuros",FALSE,7,2648,2823
"5966",2024-06-26,0,9,"isopleuros",FALSE,9,2657,2832
"5967",2024-06-27,0,8,"isopleuros",FALSE,8,2665,2840
"5968",2024-06-28,0,3,"isopleuros",FALSE,3,2668,2843
"5969",2024-06-29,0,5,"isopleuros",FALSE,5,2673,2848
"5970",2024-06-30,0,1,"isopleuros",FALSE,1,2674,2849
"5971",2024-07-01,0,16,"isopleuros",FALSE,16,2690,2865
"5972",2024-07-02,0,8,"isopleuros",FALSE,8,2698,2873
"5973",2024-07-03,2,11,"isopleuros",FALSE,9,2707,2884
"5974",2024-07-04,0,8,"isopleuros",FALSE,8,2715,2892
"5975",2024-07-05,0,9,"isopleuros",FALSE,9,2724,2901
"5976",2024-07-06,0,4,"isopleuros",FALSE,4,2728,2905
"5977",2024-07-07,0,1,"isopleuros",FALSE,1,2729,2906
"5978",2024-07-08,0,5,"isopleuros",FALSE,5,2734,2911
"5979",2024-07-09,0,4,"isopleuros",FALSE,4,2738,2915
"5980",2024-07-10,0,7,"isopleuros",FALSE,7,2745,2922
"5981",2024-07-11,0,7,"isopleuros",FALSE,7,2752,2929
"5982",2024-07-12,0,3,"isopleuros",FALSE,3,2755,2932
"5983",2024-07-13,0,2,"isopleuros",FALSE,2,2757,2934
"5984",2024-07-14,0,4,"isopleuros",FALSE,4,2761,2938
"5985",2024-07-15,0,4,"isopleuros",FALSE,4,2765,2942
"5986",2024-07-16,0,8,"isopleuros",FALSE,8,2773,2950
"5987",2024-07-17,2,17,"isopleuros",FALSE,15,2788,2967
"5988",2024-07-18,0,7,"isopleuros",FALSE,7,2795,2974
"5989",2024-07-19,0,4,"isopleuros",FALSE,4,2799,2978
"5990",2024-07-20,0,5,"isopleuros",FALSE,5,2804,2983
"5991",2024-07-21,0,1,"isopleuros",FALSE,1,2805,2984
"5992",2024-07-22,0,9,"isopleuros",FALSE,9,2814,2993
"5993",2024-07-23,0,11,"isopleuros",FALSE,11,2825,3004
"5994",2024-07-24,2,21,"isopleuros",FALSE,19,2844,3025
"5995",2024-07-25,0,8,"isopleuros",FALSE,8,2852,3033
"5996",2024-07-26,0,8,"isopleuros",FALSE,8,2860,3041
"5997",2024-07-27,0,2,"isopleuros",FALSE,2,2862,3043
"5998",2024-07-28,0,3,"isopleuros",FALSE,3,2865,3046
"5999",2024-07-29,0,6,"isopleuros",FALSE,6,2871,3052
"6000",2024-07-30,0,8,"isopleuros",FALSE,8,2879,3060
"6001",2024-07-31,0,18,"isopleuros",FALSE,18,2897,3078
"6002",2024-08-01,0,11,"isopleuros",FALSE,11,2908,3089
"6003",2024-08-02,0,5,"isopleuros",FALSE,5,2913,3094
"6004",2024-08-03,0,2,"isopleuros",FALSE,2,2915,3096
"6005",2024-08-04,0,2,"isopleuros",FALSE,2,2917,3098
"6006",2024-08-05,0,4,"isopleuros",FALSE,4,2921,3102
"6007",2024-08-06,0,15,"isopleuros",FALSE,15,2936,3117
"6008",2024-08-07,0,11,"isopleuros",FALSE,11,2947,3128
"6009",2024-08-08,2,7,"isopleuros",FALSE,5,2952,3135
"6010",2024-08-09,0,1,"isopleuros",FALSE,1,2953,3136
"6011",2024-08-10,0,2,"isopleuros",FALSE,2,2955,3138
"6012",2024-08-11,0,5,"isopleuros",FALSE,5,2960,3143
"6013",2024-08-12,0,9,"isopleuros",FALSE,9,2969,3152
"6014",2024-08-13,0,7,"isopleuros",FALSE,7,2976,3159
"6015",2024-08-14,0,7,"isopleuros",FALSE,7,2983,3166
"6016",2024-08-15,2,10,"isopleuros",FALSE,8,2991,3176
"6017",2024-08-16,0,12,"isopleuros",FALSE,12,3003,3188
"6018",2024-08-17,0,3,"isopleuros",FALSE,3,3006,3191
"6019",2024-08-18,0,1,"isopleuros",FALSE,1,3007,3192
"6020",2024-08-19,0,2,"isopleuros",FALSE,2,3009,3194
"6021",2024-08-20,0,8,"isopleuros",FALSE,8,3017,3202
"6022",2024-08-21,0,10,"isopleuros",FALSE,10,3027,3212
"6023",2024-08-22,0,23,"isopleuros",FALSE,23,3050,3235
"6024",2024-08-23,0,7,"isopleuros",FALSE,7,3057,3242
"6025",2024-08-24,0,7,"isopleuros",FALSE,7,3064,3249
"6026",2024-08-25,0,7,"isopleuros",FALSE,7,3071,3256
"6027",2024-08-26,0,8,"isopleuros",FALSE,8,3079,3264
"6028",2024-08-27,0,7,"isopleuros",FALSE,7,3086,3271
"6029",2024-08-28,2,12,"isopleuros",FALSE,10,3096,3283
"6030",2024-08-29,0,5,"isopleuros",FALSE,5,3101,3288
"6031",2024-08-30,0,3,"isopleuros",FALSE,3,3104,3291
"6032",2024-08-31,0,3,"isopleuros",FALSE,3,3107,3294
"6033",2024-09-01,0,4,"isopleuros",FALSE,4,3111,3298
"6034",2024-09-02,0,2,"isopleuros",FALSE,2,3113,3300
"6035",2024-09-03,0,6,"isopleuros",FALSE,6,3119,3306
"6036",2024-09-04,2,14,"isopleuros",FALSE,12,3131,3320
"6037",2024-09-05,0,10,"isopleuros",FALSE,10,3141,3330
"6038",2024-09-06,0,24,"isopleuros",FALSE,24,3165,3354
"6039",2024-09-07,0,1,"isopleuros",FALSE,1,3166,3355
"6040",2024-09-08,0,10,"isopleuros",FALSE,10,3176,3365
"6041",2024-09-09,0,7,"isopleuros",FALSE,7,3183,3372
"6042",2024-09-10,0,8,"isopleuros",FALSE,8,3191,3380
"6043",2024-09-11,3,26,"isopleuros",FALSE,23,3214,3406
"6044",2024-09-12,0,8,"isopleuros",FALSE,8,3222,3414
"6045",2024-09-13,0,4,"isopleuros",FALSE,4,3226,3418
"6046",2024-09-14,0,7,"isopleuros",FALSE,7,3233,3425
"6047",2024-09-15,0,1,"isopleuros",FALSE,1,3234,3426
"6048",2024-09-16,0,2,"isopleuros",FALSE,2,3236,3428
"6049",2024-09-17,0,2,"isopleuros",FALSE,2,3238,3430
"6050",2024-09-18,2,8,"isopleuros",FALSE,6,3244,3438
"6051",2024-09-19,0,6,"isopleuros",FALSE,6,3250,3444
"6052",2024-09-20,0,5,"isopleuros",FALSE,5,3255,3449
"6053",2024-09-21,0,8,"isopleuros",FALSE,8,3263,3457
"6054",2024-09-22,0,2,"isopleuros",FALSE,2,3265,3459
"6055",2024-09-23,0,8,"isopleuros",FALSE,8,3273,3467
"6056",2024-09-24,0,4,"isopleuros",FALSE,4,3277,3471
"6057",2024-09-25,0,7,"isopleuros",FALSE,7,3284,3478
"6058",2024-09-26,1,15,"isopleuros",FALSE,14,3298,3493
"6059",2024-09-27,0,5,"isopleuros",FALSE,5,3303,3498
"6060",2024-09-28,0,0,"isopleuros",FALSE,0,3303,3498
"6061",2024-09-29,0,0,"isopleuros",FALSE,0,3303,3498
"6062",2021-11-07,0,0,"kairos",FALSE,0,0,0
"6063",2021-11-08,0,7,"kairos",TRUE,2,2,7
"6064",2021-11-09,0,11,"kairos",FALSE,2,4,18
"6065",2021-11-10,0,19,"kairos",FALSE,19,23,37
"6066",2021-11-11,0,49,"kairos",FALSE,49,72,86
"6067",2021-11-12,0,19,"kairos",FALSE,19,91,105
"6068",2021-11-13,0,22,"kairos",FALSE,22,113,127
"6069",2021-11-14,0,10,"kairos",FALSE,10,123,137
"6070",2021-11-15,0,15,"kairos",FALSE,15,138,152
"6071",2021-11-16,0,1,"kairos",FALSE,1,139,153
"6072",2021-11-17,0,21,"kairos",FALSE,21,160,174
"6073",2021-11-18,0,5,"kairos",FALSE,5,165,179
"6074",2021-11-19,0,31,"kairos",FALSE,31,196,210
"6075",2021-11-20,0,6,"kairos",FALSE,6,202,216
"6076",2021-11-21,8,35,"kairos",FALSE,27,229,251
"6077",2021-11-22,0,11,"kairos",FALSE,11,240,262
"6078",2021-11-23,0,28,"kairos",FALSE,28,268,290
"6079",2021-11-24,2,10,"kairos",FALSE,8,276,300
"6080",2021-11-25,0,24,"kairos",FALSE,24,300,324
"6081",2021-11-26,0,4,"kairos",FALSE,4,304,328
"6082",2021-11-27,0,16,"kairos",FALSE,16,320,344
"6083",2021-11-28,0,2,"kairos",FALSE,2,322,346
"6084",2021-11-29,0,26,"kairos",FALSE,26,348,372
"6085",2021-11-30,0,10,"kairos",FALSE,10,358,382
"6086",2021-12-01,4,19,"kairos",FALSE,15,373,401
"6087",2021-12-02,0,11,"kairos",FALSE,11,384,412
"6088",2021-12-03,0,14,"kairos",FALSE,14,398,426
"6089",2021-12-04,0,5,"kairos",FALSE,5,403,431
"6090",2021-12-05,0,2,"kairos",FALSE,2,405,433
"6091",2021-12-06,0,18,"kairos",FALSE,18,423,451
"6092",2021-12-07,0,4,"kairos",FALSE,4,427,455
"6093",2021-12-08,4,8,"kairos",FALSE,4,431,463
"6094",2021-12-09,0,19,"kairos",FALSE,19,450,482
"6095",2021-12-10,0,4,"kairos",FALSE,4,454,486
"6096",2021-12-11,0,13,"kairos",FALSE,13,467,499
"6097",2021-12-12,0,2,"kairos",FALSE,2,469,501
"6098",2021-12-13,1,14,"kairos",FALSE,13,482,515
"6099",2021-12-14,1,5,"kairos",FALSE,4,486,520
"6100",2021-12-15,4,23,"kairos",FALSE,19,505,543
"6101",2021-12-16,0,5,"kairos",FALSE,5,510,548
"6102",2021-12-17,0,11,"kairos",FALSE,11,521,559
"6103",2021-12-18,0,1,"kairos",FALSE,1,522,560
"6104",2021-12-19,0,11,"kairos",FALSE,11,533,571
"6105",2021-12-20,0,7,"kairos",FALSE,7,540,578
"6106",2021-12-21,0,14,"kairos",FALSE,14,554,592
"6107",2021-12-22,5,6,"kairos",FALSE,1,555,598
"6108",2021-12-23,0,10,"kairos",FALSE,10,565,608
"6109",2021-12-24,0,11,"kairos",FALSE,11,576,619
"6110",2021-12-25,0,3,"kairos",FALSE,3,579,622
"6111",2021-12-26,0,15,"kairos",FALSE,15,594,637
"6112",2021-12-27,0,5,"kairos",FALSE,5,599,642
"6113",2021-12-28,0,13,"kairos",FALSE,13,612,655
"6114",2021-12-29,4,6,"kairos",FALSE,2,614,661
"6115",2021-12-30,0,14,"kairos",FALSE,14,628,675
"6116",2021-12-31,0,5,"kairos",FALSE,5,633,680
"6117",2022-01-01,0,1,"kairos",FALSE,1,634,681
"6118",2022-01-02,0,8,"kairos",FALSE,8,642,689
"6119",2022-01-03,0,0,"kairos",FALSE,0,642,689
"6120",2022-01-04,0,4,"kairos",FALSE,4,646,693
"6121",2022-01-05,3,4,"kairos",FALSE,1,647,697
"6122",2022-01-06,0,4,"kairos",FALSE,4,651,701
"6123",2022-01-07,0,2,"kairos",FALSE,2,653,703
"6124",2022-01-08,0,1,"kairos",FALSE,1,654,704
"6125",2022-01-09,0,7,"kairos",FALSE,7,661,711
"6126",2022-01-10,0,1,"kairos",FALSE,1,662,712
"6127",2022-01-11,1,13,"kairos",FALSE,12,674,725
"6128",2022-01-12,2,3,"kairos",FALSE,1,675,728
"6129",2022-01-13,0,16,"kairos",FALSE,16,691,744
"6130",2022-01-14,0,4,"kairos",FALSE,4,695,748
"6131",2022-01-15,0,12,"kairos",FALSE,12,707,760
"6132",2022-01-16,0,3,"kairos",FALSE,3,710,763
"6133",2022-01-17,0,4,"kairos",FALSE,4,714,767
"6134",2022-01-18,0,4,"kairos",FALSE,4,718,771
"6135",2022-01-19,0,10,"kairos",FALSE,10,728,781
"6136",2022-01-20,0,11,"kairos",FALSE,11,739,792
"6137",2022-01-21,1,3,"kairos",FALSE,2,741,795
"6138",2022-01-22,0,14,"kairos",FALSE,14,755,809
"6139",2022-01-23,0,3,"kairos",FALSE,3,758,812
"6140",2022-01-24,0,25,"kairos",FALSE,25,783,837
"6141",2022-01-25,0,2,"kairos",FALSE,2,785,839
"6142",2022-01-26,0,0,"kairos",FALSE,0,785,839
"6143",2022-01-27,0,4,"kairos",FALSE,4,789,843
"6144",2022-01-28,0,11,"kairos",FALSE,11,800,854
"6145",2022-01-29,0,3,"kairos",FALSE,3,803,857
"6146",2022-01-30,0,11,"kairos",FALSE,11,814,868
"6147",2022-01-31,0,3,"kairos",FALSE,3,817,871
"6148",2022-02-01,0,13,"kairos",FALSE,13,830,884
"6149",2022-02-02,0,7,"kairos",FALSE,7,837,891
"6150",2022-02-03,0,5,"kairos",FALSE,5,842,896
"6151",2022-02-04,0,4,"kairos",FALSE,4,846,900
"6152",2022-02-05,0,5,"kairos",FALSE,5,851,905
"6153",2022-02-06,0,14,"kairos",FALSE,14,865,919
"6154",2022-02-07,0,7,"kairos",FALSE,7,872,926
"6155",2022-02-08,7,16,"kairos",FALSE,9,881,942
"6156",2022-02-09,4,10,"kairos",FALSE,6,887,952
"6157",2022-02-10,0,12,"kairos",FALSE,12,899,964
"6158",2022-02-11,0,7,"kairos",FALSE,7,906,971
"6159",2022-02-12,0,16,"kairos",FALSE,16,922,987
"6160",2022-02-13,0,1,"kairos",FALSE,1,923,988
"6161",2022-02-14,0,9,"kairos",FALSE,9,932,997
"6162",2022-02-15,0,4,"kairos",FALSE,4,936,1001
"6163",2022-02-16,5,11,"kairos",FALSE,6,942,1012
"6164",2022-02-17,0,6,"kairos",FALSE,6,948,1018
"6165",2022-02-18,0,15,"kairos",FALSE,15,963,1033
"6166",2022-02-19,0,1,"kairos",FALSE,1,964,1034
"6167",2022-02-20,0,1,"kairos",FALSE,1,965,1035
"6168",2022-02-21,0,13,"kairos",FALSE,13,978,1048
"6169",2022-02-22,0,2,"kairos",FALSE,2,980,1050
"6170",2022-02-23,6,16,"kairos",FALSE,10,990,1066
"6171",2022-02-24,0,4,"kairos",FALSE,4,994,1070
"6172",2022-02-25,0,11,"kairos",FALSE,11,1005,1081
"6173",2022-02-26,0,2,"kairos",FALSE,2,1007,1083
"6174",2022-02-27,0,11,"kairos",FALSE,11,1018,1094
"6175",2022-02-28,0,6,"kairos",FALSE,6,1024,1100
"6176",2022-03-01,0,22,"kairos",FALSE,22,1046,1122
"6177",2022-03-02,3,4,"kairos",FALSE,1,1047,1126
"6178",2022-03-03,0,14,"kairos",FALSE,14,1061,1140
"6179",2022-03-04,0,4,"kairos",FALSE,4,1065,1144
"6180",2022-03-05,0,11,"kairos",FALSE,11,1076,1155
"6181",2022-03-06,0,4,"kairos",FALSE,4,1080,1159
"6182",2022-03-07,0,19,"kairos",FALSE,19,1099,1178
"6183",2022-03-08,0,6,"kairos",FALSE,6,1105,1184
"6184",2022-03-09,6,16,"kairos",FALSE,10,1115,1200
"6185",2022-03-10,0,4,"kairos",FALSE,4,1119,1204
"6186",2022-03-11,0,17,"kairos",TRUE,2,1121,1221
"6187",2022-03-12,0,4,"kairos",FALSE,2,1123,1225
"6188",2022-03-13,0,31,"kairos",FALSE,31,1154,1256
"6189",2022-03-14,0,14,"kairos",FALSE,14,1168,1270
"6190",2022-03-15,0,45,"kairos",FALSE,45,1213,1315
"6191",2022-03-16,4,9,"kairos",FALSE,5,1218,1324
"6192",2022-03-17,0,30,"kairos",FALSE,30,1248,1354
"6193",2022-03-18,0,7,"kairos",FALSE,7,1255,1361
"6194",2022-03-19,0,22,"kairos",FALSE,22,1277,1383
"6195",2022-03-20,0,8,"kairos",FALSE,8,1285,1391
"6196",2022-03-21,0,23,"kairos",FALSE,23,1308,1414
"6197",2022-03-22,0,2,"kairos",FALSE,2,1310,1416
"6198",2022-03-23,6,26,"kairos",FALSE,20,1330,1442
"6199",2022-03-24,0,7,"kairos",FALSE,7,1337,1449
"6200",2022-03-25,0,17,"kairos",FALSE,17,1354,1466
"6201",2022-03-26,0,6,"kairos",FALSE,6,1360,1472
"6202",2022-03-27,0,12,"kairos",FALSE,12,1372,1484
"6203",2022-03-28,0,10,"kairos",FALSE,10,1382,1494
"6204",2022-03-29,0,15,"kairos",FALSE,15,1397,1509
"6205",2022-03-30,4,10,"kairos",FALSE,6,1403,1519
"6206",2022-03-31,0,14,"kairos",FALSE,14,1417,1533
"6207",2022-04-01,0,4,"kairos",FALSE,4,1421,1537
"6208",2022-04-02,0,11,"kairos",FALSE,11,1432,1548
"6209",2022-04-03,0,2,"kairos",FALSE,2,1434,1550
"6210",2022-04-04,0,18,"kairos",FALSE,18,1452,1568
"6211",2022-04-05,0,7,"kairos",FALSE,7,1459,1575
"6212",2022-04-06,6,24,"kairos",FALSE,18,1477,1599
"6213",2022-04-07,0,14,"kairos",FALSE,14,1491,1613
"6214",2022-04-08,0,6,"kairos",FALSE,6,1497,1619
"6215",2022-04-09,0,2,"kairos",FALSE,2,1499,1621
"6216",2022-04-10,0,6,"kairos",FALSE,6,1505,1627
"6217",2022-04-11,4,11,"kairos",FALSE,7,1512,1638
"6218",2022-04-12,0,2,"kairos",FALSE,2,1514,1640
"6219",2022-04-13,4,22,"kairos",FALSE,18,1532,1662
"6220",2022-04-14,0,10,"kairos",FALSE,10,1542,1672
"6221",2022-04-15,0,7,"kairos",FALSE,7,1549,1679
"6222",2022-04-16,0,14,"kairos",FALSE,14,1563,1693
"6223",2022-04-17,0,2,"kairos",FALSE,2,1565,1695
"6224",2022-04-18,0,20,"kairos",FALSE,20,1585,1715
"6225",2022-04-19,0,5,"kairos",FALSE,5,1590,1720
"6226",2022-04-20,5,16,"kairos",FALSE,11,1601,1736
"6227",2022-04-21,0,3,"kairos",FALSE,3,1604,1739
"6228",2022-04-22,0,13,"kairos",FALSE,13,1617,1752
"6229",2022-04-23,0,8,"kairos",FALSE,8,1625,1760
"6230",2022-04-24,0,7,"kairos",FALSE,7,1632,1767
"6231",2022-04-25,0,5,"kairos",FALSE,5,1637,1772
"6232",2022-04-26,0,5,"kairos",FALSE,5,1642,1777
"6233",2022-04-27,5,25,"kairos",FALSE,20,1662,1802
"6234",2022-04-28,0,3,"kairos",FALSE,3,1665,1805
"6235",2022-04-29,0,6,"kairos",FALSE,6,1671,1811
"6236",2022-04-30,0,10,"kairos",FALSE,10,1681,1821
"6237",2022-05-01,0,2,"kairos",FALSE,2,1683,1823
"6238",2022-05-02,0,17,"kairos",FALSE,17,1700,1840
"6239",2022-05-03,0,7,"kairos",FALSE,7,1707,1847
"6240",2022-05-04,6,21,"kairos",FALSE,15,1722,1868
"6241",2022-05-05,0,5,"kairos",FALSE,5,1727,1873
"6242",2022-05-06,0,15,"kairos",FALSE,15,1742,1888
"6243",2022-05-07,0,7,"kairos",FALSE,7,1749,1895
"6244",2022-05-08,0,13,"kairos",FALSE,13,1762,1908
"6245",2022-05-09,0,5,"kairos",FALSE,5,1767,1913
"6246",2022-05-10,0,14,"kairos",FALSE,14,1781,1927
"6247",2022-05-11,2,8,"kairos",FALSE,6,1787,1935
"6248",2022-05-12,0,17,"kairos",FALSE,17,1804,1952
"6249",2022-05-13,0,5,"kairos",FALSE,5,1809,1957
"6250",2022-05-14,0,10,"kairos",FALSE,10,1819,1967
"6251",2022-05-15,0,3,"kairos",FALSE,3,1822,1970
"6252",2022-05-16,0,16,"kairos",FALSE,16,1838,1986
"6253",2022-05-17,0,14,"kairos",FALSE,14,1852,2000
"6254",2022-05-18,3,13,"kairos",FALSE,10,1862,2013
"6255",2022-05-19,0,20,"kairos",FALSE,20,1882,2033
"6256",2022-05-20,0,4,"kairos",FALSE,4,1886,2037
"6257",2022-05-21,0,0,"kairos",FALSE,0,1886,2037
"6258",2022-05-22,0,11,"kairos",FALSE,11,1897,2048
"6259",2022-05-23,0,1,"kairos",FALSE,1,1898,2049
"6260",2022-05-24,0,2,"kairos",FALSE,2,1900,2051
"6261",2022-05-25,6,17,"kairos",FALSE,11,1911,2068
"6262",2022-05-26,0,7,"kairos",FALSE,7,1918,2075
"6263",2022-05-27,0,14,"kairos",FALSE,14,1932,2089
"6264",2022-05-28,0,4,"kairos",FALSE,4,1936,2093
"6265",2022-05-29,0,11,"kairos",FALSE,11,1947,2104
"6266",2022-05-30,0,4,"kairos",FALSE,4,1951,2108
"6267",2022-05-31,0,15,"kairos",FALSE,15,1966,2123
"6268",2022-06-01,2,7,"kairos",FALSE,5,1971,2130
"6269",2022-06-02,0,11,"kairos",FALSE,11,1982,2141
"6270",2022-06-03,0,4,"kairos",FALSE,4,1986,2145
"6271",2022-06-04,0,8,"kairos",FALSE,8,1994,2153
"6272",2022-06-05,0,0,"kairos",FALSE,0,1994,2153
"6273",2022-06-06,0,10,"kairos",FALSE,10,2004,2163
"6274",2022-06-07,0,1,"kairos",FALSE,1,2005,2164
"6275",2022-06-08,5,16,"kairos",FALSE,11,2016,2180
"6276",2022-06-09,0,4,"kairos",FALSE,4,2020,2184
"6277",2022-06-10,0,6,"kairos",FALSE,6,2026,2190
"6278",2022-06-11,0,16,"kairos",FALSE,16,2042,2206
"6279",2022-06-12,0,2,"kairos",FALSE,2,2044,2208
"6280",2022-06-13,0,24,"kairos",FALSE,24,2068,2232
"6281",2022-06-14,4,9,"kairos",FALSE,5,2073,2241
"6282",2022-06-15,4,10,"kairos",FALSE,6,2079,2251
"6283",2022-06-16,0,5,"kairos",FALSE,5,2084,2256
"6284",2022-06-17,0,6,"kairos",FALSE,6,2090,2262
"6285",2022-06-18,0,10,"kairos",TRUE,2,2092,2272
"6286",2022-06-19,0,14,"kairos",FALSE,2,2094,2286
"6287",2022-06-20,0,12,"kairos",FALSE,12,2106,2298
"6288",2022-06-21,0,7,"kairos",FALSE,7,2113,2305
"6289",2022-06-22,1,14,"kairos",FALSE,13,2126,2319
"6290",2022-06-23,0,72,"kairos",FALSE,72,2198,2391
"6291",2022-06-24,0,344,"kairos",FALSE,344,2542,2735
"6292",2022-06-25,0,5,"kairos",FALSE,5,2547,2740
"6293",2022-06-26,0,13,"kairos",FALSE,13,2560,2753
"6294",2022-06-27,0,54,"kairos",FALSE,54,2614,2807
"6295",2022-06-28,0,889,"kairos",FALSE,889,3503,3696
"6296",2022-06-29,2,729,"kairos",FALSE,727,4230,4425
"6297",2022-06-30,0,685,"kairos",FALSE,685,4915,5110
"6298",2022-07-01,0,803,"kairos",FALSE,803,5718,5913
"6299",2022-07-02,0,3,"kairos",FALSE,3,5721,5916
"6300",2022-07-03,0,35,"kairos",FALSE,35,5756,5951
"6301",2022-07-04,0,726,"kairos",FALSE,726,6482,6677
"6302",2022-07-05,0,1059,"kairos",FALSE,1059,7541,7736
"6303",2022-07-06,6,437,"kairos",FALSE,431,7972,8173
"6304",2022-07-07,0,481,"kairos",FALSE,481,8453,8654
"6305",2022-07-08,0,1330,"kairos",FALSE,1330,9783,9984
"6306",2022-07-09,0,47,"kairos",FALSE,47,9830,10031
"6307",2022-07-10,0,5,"kairos",FALSE,5,9835,10036
"6308",2022-07-11,0,46,"kairos",FALSE,46,9881,10082
"6309",2022-07-12,0,70,"kairos",FALSE,70,9951,10152
"6310",2022-07-13,2,1013,"kairos",FALSE,1011,10962,11165
"6311",2022-07-14,0,786,"kairos",FALSE,786,11748,11951
"6312",2022-07-15,0,478,"kairos",FALSE,478,12226,12429
"6313",2022-07-16,0,18,"kairos",FALSE,18,12244,12447
"6314",2022-07-17,0,9,"kairos",FALSE,9,12253,12456
"6315",2022-07-18,0,92,"kairos",FALSE,92,12345,12548
"6316",2022-07-19,0,100,"kairos",FALSE,100,12445,12648
"6317",2022-07-20,2,109,"kairos",FALSE,107,12552,12757
"6318",2022-07-21,0,1086,"kairos",FALSE,1086,13638,13843
"6319",2022-07-22,0,1039,"kairos",FALSE,1039,14677,14882
"6320",2022-07-23,0,134,"kairos",FALSE,134,14811,15016
"6321",2022-07-24,0,16,"kairos",FALSE,16,14827,15032
"6322",2022-07-25,0,625,"kairos",FALSE,625,15452,15657
"6323",2022-07-26,0,267,"kairos",FALSE,267,15719,15924
"6324",2022-07-27,5,896,"kairos",FALSE,891,16610,16820
"6325",2022-07-28,0,621,"kairos",FALSE,621,17231,17441
"6326",2022-07-29,0,260,"kairos",FALSE,260,17491,17701
"6327",2022-07-30,0,15,"kairos",FALSE,15,17506,17716
"6328",2022-07-31,0,20,"kairos",FALSE,20,17526,17736
"6329",2022-08-01,0,766,"kairos",FALSE,766,18292,18502
"6330",2022-08-02,0,1544,"kairos",FALSE,1544,19836,20046
"6331",2022-08-03,5,832,"kairos",FALSE,827,20663,20878
"6332",2022-08-04,0,1062,"kairos",FALSE,1062,21725,21940
"6333",2022-08-05,0,638,"kairos",FALSE,638,22363,22578
"6334",2022-08-06,0,13,"kairos",FALSE,13,22376,22591
"6335",2022-08-07,0,2,"kairos",FALSE,2,22378,22593
"6336",2022-08-08,0,473,"kairos",FALSE,473,22851,23066
"6337",2022-08-09,0,683,"kairos",FALSE,683,23534,23749
"6338",2022-08-10,0,858,"kairos",FALSE,858,24392,24607
"6339",2022-08-11,1,987,"kairos",FALSE,986,25378,25594
"6340",2022-08-12,0,618,"kairos",FALSE,618,25996,26212
"6341",2022-08-13,0,7,"kairos",FALSE,7,26003,26219
"6342",2022-08-14,0,9,"kairos",FALSE,9,26012,26228
"6343",2022-08-15,0,249,"kairos",FALSE,249,26261,26477
"6344",2022-08-16,0,171,"kairos",FALSE,171,26432,26648
"6345",2022-08-17,4,403,"kairos",FALSE,399,26831,27051
"6346",2022-08-18,0,331,"kairos",FALSE,331,27162,27382
"6347",2022-08-19,0,111,"kairos",FALSE,111,27273,27493
"6348",2022-08-20,0,2,"kairos",FALSE,2,27275,27495
"6349",2022-08-21,0,13,"kairos",FALSE,13,27288,27508
"6350",2022-08-22,0,383,"kairos",FALSE,383,27671,27891
"6351",2022-08-23,0,462,"kairos",FALSE,462,28133,28353
"6352",2022-08-24,7,188,"kairos",FALSE,181,28314,28541
"6353",2022-08-25,0,751,"kairos",FALSE,751,29065,29292
"6354",2022-08-26,0,731,"kairos",FALSE,731,29796,30023
"6355",2022-08-27,0,247,"kairos",FALSE,247,30043,30270
"6356",2022-08-28,0,701,"kairos",FALSE,701,30744,30971
"6357",2022-08-29,0,570,"kairos",FALSE,570,31314,31541
"6358",2022-08-30,0,422,"kairos",FALSE,422,31736,31963
"6359",2022-08-31,2,30,"kairos",FALSE,28,31764,31993
"6360",2022-09-01,0,260,"kairos",FALSE,260,32024,32253
"6361",2022-09-02,0,38,"kairos",FALSE,38,32062,32291
"6362",2022-09-03,0,1,"kairos",FALSE,1,32063,32292
"6363",2022-09-04,0,4,"kairos",FALSE,4,32067,32296
"6364",2022-09-05,0,90,"kairos",FALSE,90,32157,32386
"6365",2022-09-06,0,63,"kairos",FALSE,63,32220,32449
"6366",2022-09-07,0,381,"kairos",FALSE,381,32601,32830
"6367",2022-09-08,4,51,"kairos",FALSE,47,32648,32881
"6368",2022-09-09,0,86,"kairos",FALSE,86,32734,32967
"6369",2022-09-10,0,8,"kairos",FALSE,8,32742,32975
"6370",2022-09-11,0,18,"kairos",FALSE,18,32760,32993
"6371",2022-09-12,0,93,"kairos",FALSE,93,32853,33086
"6372",2022-09-13,0,140,"kairos",FALSE,140,32993,33226
"6373",2022-09-14,5,287,"kairos",FALSE,282,33275,33513
"6374",2022-09-15,0,83,"kairos",FALSE,83,33358,33596
"6375",2022-09-16,0,11,"kairos",FALSE,11,33369,33607
"6376",2022-09-17,0,7,"kairos",FALSE,7,33376,33614
"6377",2022-09-18,0,2,"kairos",FALSE,2,33378,33616
"6378",2022-09-19,0,117,"kairos",FALSE,117,33495,33733
"6379",2022-09-20,0,78,"kairos",FALSE,78,33573,33811
"6380",2022-09-21,0,121,"kairos",FALSE,121,33694,33932
"6381",2022-09-22,0,135,"kairos",FALSE,135,33829,34067
"6382",2022-09-23,0,102,"kairos",FALSE,102,33931,34169
"6383",2022-09-24,0,1,"kairos",FALSE,1,33932,34170
"6384",2022-09-25,0,5,"kairos",FALSE,5,33937,34175
"6385",2022-09-26,0,124,"kairos",FALSE,124,34061,34299
"6386",2022-09-27,0,84,"kairos",FALSE,84,34145,34383
"6387",2022-09-28,0,122,"kairos",FALSE,122,34267,34505
"6388",2022-09-29,0,119,"kairos",FALSE,119,34386,34624
"6389",2022-09-30,0,86,"kairos",FALSE,86,34472,34710
"6390",2022-10-01,0,4,"kairos",FALSE,4,34476,34714
"6391",2022-10-02,0,13,"kairos",FALSE,13,34489,34727
"6392",2022-10-03,0,104,"kairos",FALSE,104,34593,34831
"6393",2022-10-04,0,42,"kairos",FALSE,42,34635,34873
"6394",2022-10-05,0,156,"kairos",FALSE,156,34791,35029
"6395",2022-10-06,0,144,"kairos",FALSE,144,34935,35173
"6396",2022-10-07,0,113,"kairos",FALSE,113,35048,35286
"6397",2022-10-08,0,14,"kairos",FALSE,14,35062,35300
"6398",2022-10-09,0,9,"kairos",FALSE,9,35071,35309
"6399",2022-10-10,0,170,"kairos",FALSE,170,35241,35479
"6400",2022-10-11,0,68,"kairos",FALSE,68,35309,35547
"6401",2022-10-12,0,102,"kairos",FALSE,102,35411,35649
"6402",2022-10-13,0,243,"kairos",FALSE,243,35654,35892
"6403",2022-10-14,0,144,"kairos",FALSE,144,35798,36036
"6404",2022-10-15,0,15,"kairos",FALSE,15,35813,36051
"6405",2022-10-16,0,4,"kairos",FALSE,4,35817,36055
"6406",2022-10-17,0,188,"kairos",FALSE,188,36005,36243
"6407",2022-10-18,0,165,"kairos",FALSE,165,36170,36408
"6408",2022-10-19,0,5,"kairos",FALSE,5,36175,36413
"6409",2022-10-20,0,96,"kairos",FALSE,96,36271,36509
"6410",2022-10-21,0,34,"kairos",FALSE,34,36305,36543
"6411",2022-10-22,0,15,"kairos",FALSE,15,36320,36558
"6412",2022-10-23,0,15,"kairos",FALSE,15,36335,36573
"6413",2022-10-24,0,60,"kairos",FALSE,60,36395,36633
"6414",2022-10-25,0,60,"kairos",FALSE,60,36455,36693
"6415",2022-10-26,0,18,"kairos",FALSE,18,36473,36711
"6416",2022-10-27,0,90,"kairos",FALSE,90,36563,36801
"6417",2022-10-28,0,17,"kairos",FALSE,17,36580,36818
"6418",2022-10-29,0,4,"kairos",FALSE,4,36584,36822
"6419",2022-10-30,0,5,"kairos",FALSE,5,36589,36827
"6420",2022-10-31,0,4,"kairos",FALSE,4,36593,36831
"6421",2022-11-01,0,20,"kairos",FALSE,20,36613,36851
"6422",2022-11-02,0,15,"kairos",FALSE,15,36628,36866
"6423",2022-11-03,0,63,"kairos",FALSE,63,36691,36929
"6424",2022-11-04,0,6,"kairos",FALSE,6,36697,36935
"6425",2022-11-05,0,14,"kairos",FALSE,14,36711,36949
"6426",2022-11-06,0,5,"kairos",FALSE,5,36716,36954
"6427",2022-11-07,0,15,"kairos",FALSE,15,36731,36969
"6428",2022-11-08,0,14,"kairos",FALSE,14,36745,36983
"6429",2022-11-09,0,24,"kairos",TRUE,2,36747,37007
"6430",2022-11-10,0,28,"kairos",FALSE,2,36749,37035
"6431",2022-11-11,0,14,"kairos",FALSE,14,36763,37049
"6432",2022-11-12,0,40,"kairos",FALSE,40,36803,37089
"6433",2022-11-13,0,10,"kairos",FALSE,10,36813,37099
"6434",2022-11-14,0,24,"kairos",FALSE,24,36837,37123
"6435",2022-11-15,0,10,"kairos",FALSE,10,36847,37133
"6436",2022-11-16,0,8,"kairos",FALSE,8,36855,37141
"6437",2022-11-17,0,22,"kairos",FALSE,22,36877,37163
"6438",2022-11-18,6,28,"kairos",FALSE,22,36899,37191
"6439",2022-11-19,0,6,"kairos",FALSE,6,36905,37197
"6440",2022-11-20,0,6,"kairos",FALSE,6,36911,37203
"6441",2022-11-21,0,20,"kairos",FALSE,20,36931,37223
"6442",2022-11-22,0,17,"kairos",FALSE,17,36948,37240
"6443",2022-11-23,0,11,"kairos",FALSE,11,36959,37251
"6444",2022-11-24,0,9,"kairos",FALSE,9,36968,37260
"6445",2022-11-25,0,8,"kairos",FALSE,8,36976,37268
"6446",2022-11-26,0,19,"kairos",FALSE,19,36995,37287
"6447",2022-11-27,0,8,"kairos",FALSE,8,37003,37295
"6448",2022-11-28,1,9,"kairos",FALSE,8,37011,37304
"6449",2022-11-29,0,31,"kairos",FALSE,31,37042,37335
"6450",2022-11-30,0,8,"kairos",FALSE,8,37050,37343
"6451",2022-12-01,0,14,"kairos",FALSE,14,37064,37357
"6452",2022-12-02,0,9,"kairos",FALSE,9,37073,37366
"6453",2022-12-03,0,6,"kairos",FALSE,6,37079,37372
"6454",2022-12-04,0,12,"kairos",FALSE,12,37091,37384
"6455",2022-12-05,0,11,"kairos",FALSE,11,37102,37395
"6456",2022-12-06,0,8,"kairos",FALSE,8,37110,37403
"6457",2022-12-07,0,10,"kairos",FALSE,10,37120,37413
"6458",2022-12-08,0,7,"kairos",FALSE,7,37127,37420
"6459",2022-12-09,0,7,"kairos",FALSE,7,37134,37427
"6460",2022-12-10,0,3,"kairos",FALSE,3,37137,37430
"6461",2022-12-11,0,4,"kairos",FALSE,4,37141,37434
"6462",2022-12-12,0,5,"kairos",FALSE,5,37146,37439
"6463",2022-12-13,0,12,"kairos",FALSE,12,37158,37451
"6464",2022-12-14,0,10,"kairos",FALSE,10,37168,37461
"6465",2022-12-15,0,8,"kairos",FALSE,8,37176,37469
"6466",2022-12-16,4,12,"kairos",FALSE,8,37184,37481
"6467",2022-12-17,0,2,"kairos",FALSE,2,37186,37483
"6468",2022-12-18,0,5,"kairos",FALSE,5,37191,37488
"6469",2022-12-19,0,6,"kairos",FALSE,6,37197,37494
"6470",2022-12-20,0,6,"kairos",FALSE,6,37203,37500
"6471",2022-12-21,0,16,"kairos",FALSE,16,37219,37516
"6472",2022-12-22,0,6,"kairos",FALSE,6,37225,37522
"6473",2022-12-23,0,19,"kairos",FALSE,19,37244,37541
"6474",2022-12-24,0,15,"kairos",FALSE,15,37259,37556
"6475",2022-12-25,0,6,"kairos",FALSE,6,37265,37562
"6476",2022-12-26,0,6,"kairos",FALSE,6,37271,37568
"6477",2022-12-27,0,3,"kairos",FALSE,3,37274,37571
"6478",2022-12-28,0,7,"kairos",FALSE,7,37281,37578
"6479",2022-12-29,0,3,"kairos",FALSE,3,37284,37581
"6480",2022-12-30,0,4,"kairos",FALSE,4,37288,37585
"6481",2022-12-31,0,2,"kairos",FALSE,2,37290,37587
"6482",2023-01-01,0,2,"kairos",FALSE,2,37292,37589
"6483",2023-01-02,0,7,"kairos",FALSE,7,37299,37596
"6484",2023-01-03,0,3,"kairos",FALSE,3,37302,37599
"6485",2023-01-04,0,5,"kairos",FALSE,5,37307,37604
"6486",2023-01-05,0,7,"kairos",FALSE,7,37314,37611
"6487",2023-01-06,0,9,"kairos",FALSE,9,37323,37620
"6488",2023-01-07,0,10,"kairos",FALSE,10,37333,37630
"6489",2023-01-08,0,2,"kairos",FALSE,2,37335,37632
"6490",2023-01-09,0,7,"kairos",FALSE,7,37342,37639
"6491",2023-01-10,0,2,"kairos",FALSE,2,37344,37641
"6492",2023-01-11,0,4,"kairos",FALSE,4,37348,37645
"6493",2023-01-12,0,5,"kairos",FALSE,5,37353,37650
"6494",2023-01-13,0,7,"kairos",FALSE,7,37360,37657
"6495",2023-01-14,0,3,"kairos",FALSE,3,37363,37660
"6496",2023-01-15,0,4,"kairos",FALSE,4,37367,37664
"6497",2023-01-16,0,4,"kairos",FALSE,4,37371,37668
"6498",2023-01-17,4,22,"kairos",FALSE,18,37389,37690
"6499",2023-01-18,2,14,"kairos",FALSE,12,37401,37704
"6500",2023-01-19,0,13,"kairos",FALSE,13,37414,37717
"6501",2023-01-20,0,3,"kairos",FALSE,3,37417,37720
"6502",2023-01-21,0,8,"kairos",FALSE,8,37425,37728
"6503",2023-01-22,0,10,"kairos",FALSE,10,37435,37738
"6504",2023-01-23,0,6,"kairos",FALSE,6,37441,37744
"6505",2023-01-24,0,6,"kairos",FALSE,6,37447,37750
"6506",2023-01-25,0,5,"kairos",FALSE,5,37452,37755
"6507",2023-01-26,0,10,"kairos",FALSE,10,37462,37765
"6508",2023-01-27,0,4,"kairos",FALSE,4,37466,37769
"6509",2023-01-28,0,3,"kairos",FALSE,3,37469,37772
"6510",2023-01-29,0,6,"kairos",FALSE,6,37475,37778
"6511",2023-01-30,0,5,"kairos",FALSE,5,37480,37783
"6512",2023-01-31,0,5,"kairos",FALSE,5,37485,37788
"6513",2023-02-01,0,9,"kairos",FALSE,9,37494,37797
"6514",2023-02-02,5,13,"kairos",FALSE,8,37502,37810
"6515",2023-02-03,0,8,"kairos",FALSE,8,37510,37818
"6516",2023-02-04,0,6,"kairos",FALSE,6,37516,37824
"6517",2023-02-05,0,6,"kairos",FALSE,6,37522,37830
"6518",2023-02-06,0,6,"kairos",FALSE,6,37528,37836
"6519",2023-02-07,0,19,"kairos",FALSE,19,37547,37855
"6520",2023-02-08,0,10,"kairos",FALSE,10,37557,37865
"6521",2023-02-09,0,12,"kairos",FALSE,12,37569,37877
"6522",2023-02-10,0,7,"kairos",FALSE,7,37576,37884
"6523",2023-02-11,0,5,"kairos",FALSE,5,37581,37889
"6524",2023-02-12,0,9,"kairos",FALSE,9,37590,37898
"6525",2023-02-13,0,8,"kairos",FALSE,8,37598,37906
"6526",2023-02-14,0,16,"kairos",FALSE,16,37614,37922
"6527",2023-02-15,0,18,"kairos",FALSE,18,37632,37940
"6528",2023-02-16,0,5,"kairos",FALSE,5,37637,37945
"6529",2023-02-17,0,11,"kairos",FALSE,11,37648,37956
"6530",2023-02-18,0,4,"kairos",FALSE,4,37652,37960
"6531",2023-02-19,2,5,"kairos",FALSE,3,37655,37965
"6532",2023-02-20,0,4,"kairos",FALSE,4,37659,37969
"6533",2023-02-21,0,9,"kairos",FALSE,9,37668,37978
"6534",2023-02-22,0,11,"kairos",FALSE,11,37679,37989
"6535",2023-02-23,1,7,"kairos",FALSE,6,37685,37996
"6536",2023-02-24,0,7,"kairos",FALSE,7,37692,38003
"6537",2023-02-25,0,2,"kairos",FALSE,2,37694,38005
"6538",2023-02-26,0,6,"kairos",FALSE,6,37700,38011
"6539",2023-02-27,0,7,"kairos",FALSE,7,37707,38018
"6540",2023-02-28,0,9,"kairos",FALSE,9,37716,38027
"6541",2023-03-01,0,8,"kairos",FALSE,8,37724,38035
"6542",2023-03-02,0,8,"kairos",FALSE,8,37732,38043
"6543",2023-03-03,0,8,"kairos",FALSE,8,37740,38051
"6544",2023-03-04,0,5,"kairos",FALSE,5,37745,38056
"6545",2023-03-05,0,14,"kairos",FALSE,14,37759,38070
"6546",2023-03-06,0,10,"kairos",FALSE,10,37769,38080
"6547",2023-03-07,0,5,"kairos",FALSE,5,37774,38085
"6548",2023-03-08,0,3,"kairos",FALSE,3,37777,38088
"6549",2023-03-09,3,8,"kairos",FALSE,5,37782,38096
"6550",2023-03-10,2,14,"kairos",FALSE,12,37794,38110
"6551",2023-03-11,0,6,"kairos",FALSE,6,37800,38116
"6552",2023-03-12,0,3,"kairos",FALSE,3,37803,38119
"6553",2023-03-13,0,15,"kairos",FALSE,15,37818,38134
"6554",2023-03-14,0,7,"kairos",FALSE,7,37825,38141
"6555",2023-03-15,5,13,"kairos",FALSE,8,37833,38154
"6556",2023-03-16,1,17,"kairos",FALSE,16,37849,38171
"6557",2023-03-17,0,3,"kairos",FALSE,3,37852,38174
"6558",2023-03-18,2,13,"kairos",FALSE,11,37863,38187
"6559",2023-03-19,0,6,"kairos",FALSE,6,37869,38193
"6560",2023-03-20,0,23,"kairos",FALSE,23,37892,38216
"6561",2023-03-21,0,10,"kairos",FALSE,10,37902,38226
"6562",2023-03-22,2,13,"kairos",FALSE,11,37913,38239
"6563",2023-03-23,0,3,"kairos",FALSE,3,37916,38242
"6564",2023-03-24,0,5,"kairos",FALSE,5,37921,38247
"6565",2023-03-25,0,5,"kairos",FALSE,5,37926,38252
"6566",2023-03-26,0,11,"kairos",FALSE,11,37937,38263
"6567",2023-03-27,0,16,"kairos",FALSE,16,37953,38279
"6568",2023-03-28,0,10,"kairos",FALSE,10,37963,38289
"6569",2023-03-29,2,13,"kairos",FALSE,11,37974,38302
"6570",2023-03-30,0,6,"kairos",FALSE,6,37980,38308
"6571",2023-03-31,0,3,"kairos",FALSE,3,37983,38311
"6572",2023-04-01,0,9,"kairos",FALSE,9,37992,38320
"6573",2023-04-02,0,5,"kairos",FALSE,5,37997,38325
"6574",2023-04-03,0,5,"kairos",FALSE,5,38002,38330
"6575",2023-04-04,0,5,"kairos",FALSE,5,38007,38335
"6576",2023-04-05,0,9,"kairos",FALSE,9,38016,38344
"6577",2023-04-06,0,6,"kairos",FALSE,6,38022,38350
"6578",2023-04-07,0,17,"kairos",FALSE,17,38039,38367
"6579",2023-04-08,0,6,"kairos",FALSE,6,38045,38373
"6580",2023-04-09,0,4,"kairos",FALSE,4,38049,38377
"6581",2023-04-10,0,6,"kairos",FALSE,6,38055,38383
"6582",2023-04-11,0,5,"kairos",FALSE,5,38060,38388
"6583",2023-04-12,2,15,"kairos",FALSE,13,38073,38403
"6584",2023-04-13,0,9,"kairos",FALSE,9,38082,38412
"6585",2023-04-14,0,14,"kairos",FALSE,14,38096,38426
"6586",2023-04-15,0,4,"kairos",FALSE,4,38100,38430
"6587",2023-04-16,0,8,"kairos",FALSE,8,38108,38438
"6588",2023-04-17,0,7,"kairos",FALSE,7,38115,38445
"6589",2023-04-18,0,9,"kairos",FALSE,9,38124,38454
"6590",2023-04-19,5,27,"kairos",FALSE,22,38146,38481
"6591",2023-04-20,0,12,"kairos",FALSE,12,38158,38493
"6592",2023-04-21,0,9,"kairos",FALSE,9,38167,38502
"6593",2023-04-22,0,6,"kairos",FALSE,6,38173,38508
"6594",2023-04-23,0,6,"kairos",FALSE,6,38179,38514
"6595",2023-04-24,0,14,"kairos",FALSE,14,38193,38528
"6596",2023-04-25,0,6,"kairos",FALSE,6,38199,38534
"6597",2023-04-26,2,15,"kairos",FALSE,13,38212,38549
"6598",2023-04-27,0,15,"kairos",FALSE,15,38227,38564
"6599",2023-04-28,0,4,"kairos",FALSE,4,38231,38568
"6600",2023-04-29,0,3,"kairos",FALSE,3,38234,38571
"6601",2023-04-30,0,3,"kairos",FALSE,3,38237,38574
"6602",2023-05-01,0,8,"kairos",FALSE,8,38245,38582
"6603",2023-05-02,0,4,"kairos",FALSE,4,38249,38586
"6604",2023-05-03,2,11,"kairos",FALSE,9,38258,38597
"6605",2023-05-04,0,2,"kairos",FALSE,2,38260,38599
"6606",2023-05-05,1,7,"kairos",FALSE,6,38266,38606
"6607",2023-05-06,0,9,"kairos",FALSE,9,38275,38615
"6608",2023-05-07,0,5,"kairos",FALSE,5,38280,38620
"6609",2023-05-08,0,38,"kairos",FALSE,38,38318,38658
"6610",2023-05-09,0,9,"kairos",FALSE,9,38327,38667
"6611",2023-05-10,2,17,"kairos",FALSE,15,38342,38684
"6612",2023-05-11,0,11,"kairos",FALSE,11,38353,38695
"6613",2023-05-12,0,14,"kairos",FALSE,14,38367,38709
"6614",2023-05-13,0,11,"kairos",FALSE,11,38378,38720
"6615",2023-05-14,0,4,"kairos",FALSE,4,38382,38724
"6616",2023-05-15,1,5,"kairos",FALSE,4,38386,38729
"6617",2023-05-16,0,13,"kairos",FALSE,13,38399,38742
"6618",2023-05-17,2,15,"kairos",FALSE,13,38412,38757
"6619",2023-05-18,0,11,"kairos",FALSE,11,38423,38768
"6620",2023-05-19,0,4,"kairos",FALSE,4,38427,38772
"6621",2023-05-20,0,1,"kairos",FALSE,1,38428,38773
"6622",2023-05-21,0,11,"kairos",FALSE,11,38439,38784
"6623",2023-05-22,0,7,"kairos",FALSE,7,38446,38791
"6624",2023-05-23,0,12,"kairos",FALSE,12,38458,38803
"6625",2023-05-24,2,20,"kairos",FALSE,18,38476,38823
"6626",2023-05-25,0,10,"kairos",FALSE,10,38486,38833
"6627",2023-05-26,0,8,"kairos",FALSE,8,38494,38841
"6628",2023-05-27,0,3,"kairos",FALSE,3,38497,38844
"6629",2023-05-28,0,2,"kairos",FALSE,2,38499,38846
"6630",2023-05-29,0,7,"kairos",FALSE,7,38506,38853
"6631",2023-05-30,0,7,"kairos",FALSE,7,38513,38860
"6632",2023-05-31,0,9,"kairos",FALSE,9,38522,38869
"6633",2023-06-01,0,13,"kairos",FALSE,13,38535,38882
"6634",2023-06-02,0,14,"kairos",FALSE,14,38549,38896
"6635",2023-06-03,0,2,"kairos",FALSE,2,38551,38898
"6636",2023-06-04,0,5,"kairos",FALSE,5,38556,38903
"6637",2023-06-05,0,3,"kairos",FALSE,3,38559,38906
"6638",2023-06-06,0,6,"kairos",FALSE,6,38565,38912
"6639",2023-06-07,0,1,"kairos",FALSE,1,38566,38913
"6640",2023-06-08,2,13,"kairos",FALSE,11,38577,38926
"6641",2023-06-09,0,5,"kairos",FALSE,5,38582,38931
"6642",2023-06-10,0,5,"kairos",FALSE,5,38587,38936
"6643",2023-06-11,0,5,"kairos",FALSE,5,38592,38941
"6644",2023-06-12,0,8,"kairos",FALSE,8,38600,38949
"6645",2023-06-13,0,6,"kairos",FALSE,6,38606,38955
"6646",2023-06-14,0,4,"kairos",FALSE,4,38610,38959
"6647",2023-06-15,2,9,"kairos",FALSE,7,38617,38968
"6648",2023-06-16,0,8,"kairos",FALSE,8,38625,38976
"6649",2023-06-17,0,9,"kairos",FALSE,9,38634,38985
"6650",2023-06-18,0,2,"kairos",FALSE,2,38636,38987
"6651",2023-06-19,0,4,"kairos",FALSE,4,38640,38991
"6652",2023-06-20,0,7,"kairos",FALSE,7,38647,38998
"6653",2023-06-21,1,14,"kairos",FALSE,13,38660,39012
"6654",2023-06-22,0,9,"kairos",FALSE,9,38669,39021
"6655",2023-06-23,0,6,"kairos",FALSE,6,38675,39027
"6656",2023-06-24,0,8,"kairos",FALSE,8,38683,39035
"6657",2023-06-25,0,5,"kairos",FALSE,5,38688,39040
"6658",2023-06-26,0,6,"kairos",FALSE,6,38694,39046
"6659",2023-06-27,0,9,"kairos",FALSE,9,38703,39055
"6660",2023-06-28,2,17,"kairos",FALSE,15,38718,39072
"6661",2023-06-29,0,8,"kairos",FALSE,8,38726,39080
"6662",2023-06-30,0,6,"kairos",FALSE,6,38732,39086
"6663",2023-07-01,0,4,"kairos",FALSE,4,38736,39090
"6664",2023-07-02,0,5,"kairos",FALSE,5,38741,39095
"6665",2023-07-03,0,10,"kairos",FALSE,10,38751,39105
"6666",2023-07-04,0,10,"kairos",FALSE,10,38761,39115
"6667",2023-07-05,1,17,"kairos",FALSE,16,38777,39132
"6668",2023-07-06,0,9,"kairos",FALSE,9,38786,39141
"6669",2023-07-07,0,10,"kairos",FALSE,10,38796,39151
"6670",2023-07-08,0,4,"kairos",FALSE,4,38800,39155
"6671",2023-07-09,0,1,"kairos",FALSE,1,38801,39156
"6672",2023-07-10,0,7,"kairos",FALSE,7,38808,39163
"6673",2023-07-11,0,3,"kairos",FALSE,3,38811,39166
"6674",2023-07-12,2,14,"kairos",FALSE,12,38823,39180
"6675",2023-07-13,0,4,"kairos",FALSE,4,38827,39184
"6676",2023-07-14,0,7,"kairos",FALSE,7,38834,39191
"6677",2023-07-15,0,5,"kairos",FALSE,5,38839,39196
"6678",2023-07-16,0,4,"kairos",FALSE,4,38843,39200
"6679",2023-07-17,0,4,"kairos",FALSE,4,38847,39204
"6680",2023-07-18,0,10,"kairos",FALSE,10,38857,39214
"6681",2023-07-19,2,11,"kairos",FALSE,9,38866,39225
"6682",2023-07-20,0,3,"kairos",FALSE,3,38869,39228
"6683",2023-07-21,0,5,"kairos",FALSE,5,38874,39233
"6684",2023-07-22,0,3,"kairos",FALSE,3,38877,39236
"6685",2023-07-23,0,2,"kairos",FALSE,2,38879,39238
"6686",2023-07-24,0,1,"kairos",FALSE,1,38880,39239
"6687",2023-07-25,0,10,"kairos",FALSE,10,38890,39249
"6688",2023-07-26,2,14,"kairos",FALSE,12,38902,39263
"6689",2023-07-27,0,6,"kairos",FALSE,6,38908,39269
"6690",2023-07-28,0,3,"kairos",FALSE,3,38911,39272
"6691",2023-07-29,0,1,"kairos",FALSE,1,38912,39273
"6692",2023-07-30,0,3,"kairos",FALSE,3,38915,39276
"6693",2023-07-31,0,1,"kairos",FALSE,1,38916,39277
"6694",2023-08-01,0,12,"kairos",FALSE,12,38928,39289
"6695",2023-08-02,0,10,"kairos",FALSE,10,38938,39299
"6696",2023-08-03,2,10,"kairos",FALSE,8,38946,39309
"6697",2023-08-04,0,7,"kairos",FALSE,7,38953,39316
"6698",2023-08-05,0,3,"kairos",FALSE,3,38956,39319
"6699",2023-08-06,0,2,"kairos",FALSE,2,38958,39321
"6700",2023-08-07,0,6,"kairos",FALSE,6,38964,39327
"6701",2023-08-08,0,9,"kairos",FALSE,9,38973,39336
"6702",2023-08-09,2,12,"kairos",FALSE,10,38983,39348
"6703",2023-08-10,0,7,"kairos",FALSE,7,38990,39355
"6704",2023-08-11,0,6,"kairos",FALSE,6,38996,39361
"6705",2023-08-12,0,1,"kairos",FALSE,1,38997,39362
"6706",2023-08-13,0,1,"kairos",FALSE,1,38998,39363
"6707",2023-08-14,0,5,"kairos",FALSE,5,39003,39368
"6708",2023-08-15,0,6,"kairos",FALSE,6,39009,39374
"6709",2023-08-16,1,10,"kairos",FALSE,9,39018,39384
"6710",2023-08-17,0,8,"kairos",FALSE,8,39026,39392
"6711",2023-08-18,0,5,"kairos",FALSE,5,39031,39397
"6712",2023-08-19,0,8,"kairos",FALSE,8,39039,39405
"6713",2023-08-20,0,2,"kairos",FALSE,2,39041,39407
"6714",2023-08-21,0,1,"kairos",FALSE,1,39042,39408
"6715",2023-08-22,0,3,"kairos",FALSE,3,39045,39411
"6716",2023-08-23,2,10,"kairos",FALSE,8,39053,39421
"6717",2023-08-24,0,8,"kairos",FALSE,8,39061,39429
"6718",2023-08-25,0,8,"kairos",FALSE,8,39069,39437
"6719",2023-08-26,0,7,"kairos",FALSE,7,39076,39444
"6720",2023-08-27,0,8,"kairos",FALSE,8,39084,39452
"6721",2023-08-28,0,3,"kairos",FALSE,3,39087,39455
"6722",2023-08-29,0,5,"kairos",FALSE,5,39092,39460
"6723",2023-08-30,2,29,"kairos",TRUE,2,39094,39489
"6724",2023-08-31,0,30,"kairos",FALSE,2,39096,39519
"6725",2023-09-01,0,15,"kairos",FALSE,15,39111,39534
"6726",2023-09-02,0,6,"kairos",FALSE,6,39117,39540
"6727",2023-09-03,0,26,"kairos",FALSE,26,39143,39566
"6728",2023-09-04,0,11,"kairos",FALSE,11,39154,39577
"6729",2023-09-05,0,19,"kairos",TRUE,2,39156,39596
"6730",2023-09-06,1,39,"kairos",FALSE,2,39158,39635
"6731",2023-09-07,0,13,"kairos",FALSE,13,39171,39648
"6732",2023-09-08,0,10,"kairos",FALSE,10,39181,39658
"6733",2023-09-09,0,23,"kairos",FALSE,23,39204,39681
"6734",2023-09-10,0,7,"kairos",FALSE,7,39211,39688
"6735",2023-09-11,0,11,"kairos",FALSE,11,39222,39699
"6736",2023-09-12,0,17,"kairos",FALSE,17,39239,39716
"6737",2023-09-13,0,14,"kairos",FALSE,14,39253,39730
"6738",2023-09-14,0,4,"kairos",FALSE,4,39257,39734
"6739",2023-09-15,0,17,"kairos",FALSE,17,39274,39751
"6740",2023-09-16,0,26,"kairos",FALSE,26,39300,39777
"6741",2023-09-17,0,3,"kairos",FALSE,3,39303,39780
"6742",2023-09-18,0,6,"kairos",FALSE,6,39309,39786
"6743",2023-09-19,0,13,"kairos",FALSE,13,39322,39799
"6744",2023-09-20,0,8,"kairos",FALSE,8,39330,39807
"6745",2023-09-21,0,3,"kairos",FALSE,3,39333,39810
"6746",2023-09-22,0,16,"kairos",FALSE,16,39349,39826
"6747",2023-09-23,0,17,"kairos",FALSE,17,39366,39843
"6748",2023-09-24,0,3,"kairos",FALSE,3,39369,39846
"6749",2023-09-25,0,6,"kairos",FALSE,6,39375,39852
"6750",2023-09-26,0,3,"kairos",FALSE,3,39378,39855
"6751",2023-09-27,2,21,"kairos",FALSE,19,39397,39876
"6752",2023-09-28,0,13,"kairos",FALSE,13,39410,39889
"6753",2023-09-29,0,4,"kairos",FALSE,4,39414,39893
"6754",2023-09-30,0,5,"kairos",FALSE,5,39419,39898
"6755",2023-10-01,0,5,"kairos",FALSE,5,39424,39903
"6756",2023-10-02,0,6,"kairos",FALSE,6,39430,39909
"6757",2023-10-03,0,3,"kairos",FALSE,3,39433,39912
"6758",2023-10-04,1,10,"kairos",FALSE,9,39442,39922
"6759",2023-10-05,0,15,"kairos",FALSE,15,39457,39937
"6760",2023-10-06,0,12,"kairos",FALSE,12,39469,39949
"6761",2023-10-07,0,10,"kairos",FALSE,10,39479,39959
"6762",2023-10-08,0,3,"kairos",FALSE,3,39482,39962
"6763",2023-10-09,0,4,"kairos",FALSE,4,39486,39966
"6764",2023-10-10,0,5,"kairos",FALSE,5,39491,39971
"6765",2023-10-11,0,5,"kairos",FALSE,5,39496,39976
"6766",2023-10-12,0,15,"kairos",FALSE,15,39511,39991
"6767",2023-10-13,0,4,"kairos",FALSE,4,39515,39995
"6768",2023-10-14,0,9,"kairos",FALSE,9,39524,40004
"6769",2023-10-15,0,7,"kairos",FALSE,7,39531,40011
"6770",2023-10-16,0,8,"kairos",FALSE,8,39539,40019
"6771",2023-10-17,0,5,"kairos",FALSE,5,39544,40024
"6772",2023-10-18,1,15,"kairos",FALSE,14,39558,40039
"6773",2023-10-19,0,10,"kairos",FALSE,10,39568,40049
"6774",2023-10-20,0,6,"kairos",FALSE,6,39574,40055
"6775",2023-10-21,0,5,"kairos",FALSE,5,39579,40060
"6776",2023-10-22,0,6,"kairos",FALSE,6,39585,40066
"6777",2023-10-23,0,7,"kairos",FALSE,7,39592,40073
"6778",2023-10-24,0,4,"kairos",FALSE,4,39596,40077
"6779",2023-10-25,1,10,"kairos",FALSE,9,39605,40087
"6780",2023-10-26,0,14,"kairos",FALSE,14,39619,40101
"6781",2023-10-27,0,8,"kairos",FALSE,8,39627,40109
"6782",2023-10-28,0,7,"kairos",FALSE,7,39634,40116
"6783",2023-10-29,0,2,"kairos",FALSE,2,39636,40118
"6784",2023-10-30,0,8,"kairos",FALSE,8,39644,40126
"6785",2023-10-31,0,10,"kairos",FALSE,10,39654,40136
"6786",2023-11-01,1,15,"kairos",FALSE,14,39668,40151
"6787",2023-11-02,0,9,"kairos",FALSE,9,39677,40160
"6788",2023-11-03,0,5,"kairos",FALSE,5,39682,40165
"6789",2023-11-04,0,1,"kairos",FALSE,1,39683,40166
"6790",2023-11-05,0,2,"kairos",FALSE,2,39685,40168
"6791",2023-11-06,0,10,"kairos",FALSE,10,39695,40178
"6792",2023-11-07,0,8,"kairos",FALSE,8,39703,40186
"6793",2023-11-08,2,18,"kairos",FALSE,16,39719,40204
"6794",2023-11-09,0,9,"kairos",FALSE,9,39728,40213
"6795",2023-11-10,0,2,"kairos",FALSE,2,39730,40215
"6796",2023-11-11,0,3,"kairos",FALSE,3,39733,40218
"6797",2023-11-12,0,3,"kairos",FALSE,3,39736,40221
"6798",2023-11-13,0,10,"kairos",FALSE,10,39746,40231
"6799",2023-11-14,0,5,"kairos",FALSE,5,39751,40236
"6800",2023-11-15,2,22,"kairos",FALSE,20,39771,40258
"6801",2023-11-16,0,8,"kairos",FALSE,8,39779,40266
"6802",2023-11-17,0,14,"kairos",FALSE,14,39793,40280
"6803",2023-11-18,0,11,"kairos",FALSE,11,39804,40291
"6804",2023-11-19,0,9,"kairos",FALSE,9,39813,40300
"6805",2023-11-20,0,13,"kairos",FALSE,13,39826,40313
"6806",2023-11-21,0,6,"kairos",FALSE,6,39832,40319
"6807",2023-11-22,1,13,"kairos",FALSE,12,39844,40332
"6808",2023-11-23,0,3,"kairos",FALSE,3,39847,40335
"6809",2023-11-24,0,5,"kairos",FALSE,5,39852,40340
"6810",2023-11-25,0,7,"kairos",FALSE,7,39859,40347
"6811",2023-11-26,0,5,"kairos",FALSE,5,39864,40352
"6812",2023-11-27,0,21,"kairos",TRUE,2,39866,40373
"6813",2023-11-28,0,23,"kairos",FALSE,2,39868,40396
"6814",2023-11-29,3,24,"kairos",FALSE,21,39889,40420
"6815",2023-11-30,0,17,"kairos",FALSE,17,39906,40437
"6816",2023-12-01,0,12,"kairos",FALSE,12,39918,40449
"6817",2023-12-02,0,21,"kairos",FALSE,21,39939,40470
"6818",2023-12-03,0,19,"kairos",FALSE,19,39958,40489
"6819",2023-12-04,0,9,"kairos",FALSE,9,39967,40498
"6820",2023-12-05,0,15,"kairos",FALSE,15,39982,40513
"6821",2023-12-06,2,39,"kairos",FALSE,37,40019,40552
"6822",2023-12-07,0,11,"kairos",FALSE,11,40030,40563
"6823",2023-12-08,0,11,"kairos",FALSE,11,40041,40574
"6824",2023-12-09,0,7,"kairos",FALSE,7,40048,40581
"6825",2023-12-10,0,9,"kairos",FALSE,9,40057,40590
"6826",2023-12-11,0,8,"kairos",FALSE,8,40065,40598
"6827",2023-12-12,0,8,"kairos",FALSE,8,40073,40606
"6828",2023-12-13,0,9,"kairos",FALSE,9,40082,40615
"6829",2023-12-14,0,7,"kairos",FALSE,7,40089,40622
"6830",2023-12-15,2,22,"kairos",FALSE,20,40109,40644
"6831",2023-12-16,0,5,"kairos",FALSE,5,40114,40649
"6832",2023-12-17,0,7,"kairos",FALSE,7,40121,40656
"6833",2023-12-18,0,2,"kairos",FALSE,2,40123,40658
"6834",2023-12-19,0,14,"kairos",FALSE,14,40137,40672
"6835",2023-12-20,0,16,"kairos",FALSE,16,40153,40688
"6836",2023-12-21,0,9,"kairos",FALSE,9,40162,40697
"6837",2023-12-22,0,7,"kairos",FALSE,7,40169,40704
"6838",2023-12-23,0,5,"kairos",FALSE,5,40174,40709
"6839",2023-12-24,0,10,"kairos",FALSE,10,40184,40719
"6840",2023-12-25,0,8,"kairos",FALSE,8,40192,40727
"6841",2023-12-26,0,4,"kairos",FALSE,4,40196,40731
"6842",2023-12-27,2,15,"kairos",FALSE,13,40209,40746
"6843",2023-12-28,0,4,"kairos",FALSE,4,40213,40750
"6844",2023-12-29,0,5,"kairos",FALSE,5,40218,40755
"6845",2023-12-30,0,4,"kairos",FALSE,4,40222,40759
"6846",2023-12-31,0,2,"kairos",FALSE,2,40224,40761
"6847",2024-01-01,0,4,"kairos",FALSE,4,40228,40765
"6848",2024-01-02,0,1,"kairos",FALSE,1,40229,40766
"6849",2024-01-03,1,12,"kairos",FALSE,11,40240,40778
"6850",2024-01-04,0,3,"kairos",FALSE,3,40243,40781
"6851",2024-01-05,0,2,"kairos",FALSE,2,40245,40783
"6852",2024-01-06,0,2,"kairos",FALSE,2,40247,40785
"6853",2024-01-07,0,5,"kairos",FALSE,5,40252,40790
"6854",2024-01-08,0,9,"kairos",FALSE,9,40261,40799
"6855",2024-01-09,0,8,"kairos",FALSE,8,40269,40807
"6856",2024-01-10,2,21,"kairos",FALSE,19,40288,40828
"6857",2024-01-11,0,5,"kairos",FALSE,5,40293,40833
"6858",2024-01-12,0,36,"kairos",FALSE,36,40329,40869
"6859",2024-01-13,0,9,"kairos",FALSE,9,40338,40878
"6860",2024-01-14,0,3,"kairos",FALSE,3,40341,40881
"6861",2024-01-15,0,5,"kairos",FALSE,5,40346,40886
"6862",2024-01-16,0,11,"kairos",FALSE,11,40357,40897
"6863",2024-01-17,2,20,"kairos",FALSE,18,40375,40917
"6864",2024-01-18,0,15,"kairos",FALSE,15,40390,40932
"6865",2024-01-19,0,6,"kairos",FALSE,6,40396,40938
"6866",2024-01-20,0,6,"kairos",FALSE,6,40402,40944
"6867",2024-01-21,0,3,"kairos",FALSE,3,40405,40947
"6868",2024-01-22,0,9,"kairos",FALSE,9,40414,40956
"6869",2024-01-23,0,16,"kairos",FALSE,16,40430,40972
"6870",2024-01-24,6,128,"kairos",FALSE,122,40552,41100
"6871",2024-01-25,1,109,"kairos",FALSE,108,40660,41209
"6872",2024-01-26,0,5,"kairos",FALSE,5,40665,41214
"6873",2024-01-27,0,2,"kairos",FALSE,2,40667,41216
"6874",2024-01-28,0,3,"kairos",FALSE,3,40670,41219
"6875",2024-01-29,0,20,"kairos",FALSE,20,40690,41239
"6876",2024-01-30,0,22,"kairos",FALSE,22,40712,41261
"6877",2024-01-31,2,19,"kairos",FALSE,17,40729,41280
"6878",2024-02-01,0,3,"kairos",FALSE,3,40732,41283
"6879",2024-02-02,0,6,"kairos",FALSE,6,40738,41289
"6880",2024-02-03,0,16,"kairos",FALSE,16,40754,41305
"6881",2024-02-04,0,2,"kairos",FALSE,2,40756,41307
"6882",2024-02-05,0,4,"kairos",FALSE,4,40760,41311
"6883",2024-02-06,0,4,"kairos",FALSE,4,40764,41315
"6884",2024-02-07,2,16,"kairos",FALSE,14,40778,41331
"6885",2024-02-08,0,7,"kairos",FALSE,7,40785,41338
"6886",2024-02-09,0,4,"kairos",FALSE,4,40789,41342
"6887",2024-02-10,0,2,"kairos",FALSE,2,40791,41344
"6888",2024-02-11,0,1,"kairos",FALSE,1,40792,41345
"6889",2024-02-12,0,4,"kairos",FALSE,4,40796,41349
"6890",2024-02-13,0,8,"kairos",FALSE,8,40804,41357
"6891",2024-02-14,2,15,"kairos",FALSE,13,40817,41372
"6892",2024-02-15,0,4,"kairos",FALSE,4,40821,41376
"6893",2024-02-16,0,6,"kairos",FALSE,6,40827,41382
"6894",2024-02-17,0,5,"kairos",FALSE,5,40832,41387
"6895",2024-02-18,0,3,"kairos",FALSE,3,40835,41390
"6896",2024-02-19,0,6,"kairos",FALSE,6,40841,41396
"6897",2024-02-20,0,5,"kairos",FALSE,5,40846,41401
"6898",2024-02-21,2,18,"kairos",FALSE,16,40862,41419
"6899",2024-02-22,0,8,"kairos",FALSE,8,40870,41427
"6900",2024-02-23,0,12,"kairos",FALSE,12,40882,41439
"6901",2024-02-24,1,4,"kairos",FALSE,3,40885,41443
"6902",2024-02-25,0,8,"kairos",FALSE,8,40893,41451
"6903",2024-02-26,0,8,"kairos",TRUE,2,40895,41459
"6904",2024-02-27,0,43,"kairos",FALSE,2,40897,41502
"6905",2024-02-28,2,33,"kairos",FALSE,31,40928,41535
"6906",2024-02-29,0,9,"kairos",FALSE,9,40937,41544
"6907",2024-03-01,0,32,"kairos",FALSE,32,40969,41576
"6908",2024-03-02,0,5,"kairos",FALSE,5,40974,41581
"6909",2024-03-03,0,12,"kairos",FALSE,12,40986,41593
"6910",2024-03-04,0,16,"kairos",FALSE,16,41002,41609
"6911",2024-03-05,0,15,"kairos",FALSE,15,41017,41624
"6912",2024-03-06,2,20,"kairos",FALSE,18,41035,41644
"6913",2024-03-07,0,16,"kairos",FALSE,16,41051,41660
"6914",2024-03-08,0,14,"kairos",FALSE,14,41065,41674
"6915",2024-03-09,0,8,"kairos",FALSE,8,41073,41682
"6916",2024-03-10,0,7,"kairos",FALSE,7,41080,41689
"6917",2024-03-11,0,3,"kairos",FALSE,3,41083,41692
"6918",2024-03-12,0,9,"kairos",FALSE,9,41092,41701
"6919",2024-03-13,2,23,"kairos",FALSE,21,41113,41724
"6920",2024-03-14,0,10,"kairos",FALSE,10,41123,41734
"6921",2024-03-15,0,9,"kairos",FALSE,9,41132,41743
"6922",2024-03-16,0,9,"kairos",FALSE,9,41141,41752
"6923",2024-03-17,0,4,"kairos",FALSE,4,41145,41756
"6924",2024-03-18,0,7,"kairos",FALSE,7,41152,41763
"6925",2024-03-19,0,6,"kairos",FALSE,6,41158,41769
"6926",2024-03-20,0,11,"kairos",FALSE,11,41169,41780
"6927",2024-03-21,2,23,"kairos",FALSE,21,41190,41803
"6928",2024-03-22,0,9,"kairos",FALSE,9,41199,41812
"6929",2024-03-23,0,7,"kairos",FALSE,7,41206,41819
"6930",2024-03-24,0,9,"kairos",FALSE,9,41215,41828
"6931",2024-03-25,0,6,"kairos",FALSE,6,41221,41834
"6932",2024-03-26,0,14,"kairos",FALSE,14,41235,41848
"6933",2024-03-27,2,24,"kairos",FALSE,22,41257,41872
"6934",2024-03-28,0,15,"kairos",FALSE,15,41272,41887
"6935",2024-03-29,0,8,"kairos",FALSE,8,41280,41895
"6936",2024-03-30,0,7,"kairos",FALSE,7,41287,41902
"6937",2024-03-31,0,5,"kairos",FALSE,5,41292,41907
"6938",2024-04-01,0,5,"kairos",FALSE,5,41297,41912
"6939",2024-04-02,0,3,"kairos",FALSE,3,41300,41915
"6940",2024-04-03,2,22,"kairos",FALSE,20,41320,41937
"6941",2024-04-04,0,14,"kairos",FALSE,14,41334,41951
"6942",2024-04-05,0,6,"kairos",FALSE,6,41340,41957
"6943",2024-04-06,0,1,"kairos",FALSE,1,41341,41958
"6944",2024-04-07,0,10,"kairos",FALSE,10,41351,41968
"6945",2024-04-08,0,2,"kairos",FALSE,2,41353,41970
"6946",2024-04-09,0,12,"kairos",FALSE,12,41365,41982
"6947",2024-04-10,2,23,"kairos",FALSE,21,41386,42005
"6948",2024-04-11,0,2,"kairos",FALSE,2,41388,42007
"6949",2024-04-12,0,8,"kairos",FALSE,8,41396,42015
"6950",2024-04-13,0,2,"kairos",FALSE,2,41398,42017
"6951",2024-04-14,0,3,"kairos",FALSE,3,41401,42020
"6952",2024-04-15,0,3,"kairos",FALSE,3,41404,42023
"6953",2024-04-16,0,5,"kairos",FALSE,5,41409,42028
"6954",2024-04-17,2,25,"kairos",FALSE,23,41432,42053
"6955",2024-04-18,0,9,"kairos",FALSE,9,41441,42062
"6956",2024-04-19,0,2,"kairos",FALSE,2,41443,42064
"6957",2024-04-20,0,2,"kairos",FALSE,2,41445,42066
"6958",2024-04-21,0,6,"kairos",FALSE,6,41451,42072
"6959",2024-04-22,0,12,"kairos",FALSE,12,41463,42084
"6960",2024-04-23,0,8,"kairos",FALSE,8,41471,42092
"6961",2024-04-24,0,10,"kairos",FALSE,10,41481,42102
"6962",2024-04-25,0,19,"kairos",FALSE,19,41500,42121
"6963",2024-04-26,0,9,"kairos",FALSE,9,41509,42130
"6964",2024-04-27,0,4,"kairos",FALSE,4,41513,42134
"6965",2024-04-28,0,10,"kairos",FALSE,10,41523,42144
"6966",2024-04-29,0,9,"kairos",FALSE,9,41532,42153
"6967",2024-04-30,0,8,"kairos",FALSE,8,41540,42161
"6968",2024-05-01,2,21,"kairos",FALSE,19,41559,42182
"6969",2024-05-02,0,8,"kairos",FALSE,8,41567,42190
"6970",2024-05-03,0,4,"kairos",FALSE,4,41571,42194
"6971",2024-05-04,0,4,"kairos",FALSE,4,41575,42198
"6972",2024-05-05,0,5,"kairos",FALSE,5,41580,42203
"6973",2024-05-06,0,10,"kairos",FALSE,10,41590,42213
"6974",2024-05-07,0,6,"kairos",FALSE,6,41596,42219
"6975",2024-05-08,2,25,"kairos",FALSE,23,41619,42244
"6976",2024-05-09,0,6,"kairos",FALSE,6,41625,42250
"6977",2024-05-10,0,9,"kairos",FALSE,9,41634,42259
"6978",2024-05-11,0,4,"kairos",FALSE,4,41638,42263
"6979",2024-05-12,0,6,"kairos",FALSE,6,41644,42269
"6980",2024-05-13,0,6,"kairos",FALSE,6,41650,42275
"6981",2024-05-14,0,8,"kairos",FALSE,8,41658,42283
"6982",2024-05-15,2,20,"kairos",FALSE,18,41676,42303
"6983",2024-05-16,0,5,"kairos",FALSE,5,41681,42308
"6984",2024-05-17,0,8,"kairos",FALSE,8,41689,42316
"6985",2024-05-18,0,4,"kairos",FALSE,4,41693,42320
"6986",2024-05-19,0,2,"kairos",FALSE,2,41695,42322
"6987",2024-05-20,0,3,"kairos",FALSE,3,41698,42325
"6988",2024-05-21,0,5,"kairos",FALSE,5,41703,42330
"6989",2024-05-22,2,33,"kairos",FALSE,31,41734,42363
"6990",2024-05-23,0,3,"kairos",FALSE,3,41737,42366
"6991",2024-05-24,0,7,"kairos",FALSE,7,41744,42373
"6992",2024-05-25,0,1,"kairos",FALSE,1,41745,42374
"6993",2024-05-26,0,8,"kairos",FALSE,8,41753,42382
"6994",2024-05-27,0,8,"kairos",FALSE,8,41761,42390
"6995",2024-05-28,0,4,"kairos",FALSE,4,41765,42394
"6996",2024-05-29,2,23,"kairos",FALSE,21,41786,42417
"6997",2024-05-30,0,16,"kairos",FALSE,16,41802,42433
"6998",2024-05-31,0,12,"kairos",FALSE,12,41814,42445
"6999",2024-06-01,0,4,"kairos",FALSE,4,41818,42449
"7000",2024-06-02,0,7,"kairos",FALSE,7,41825,42456
"7001",2024-06-03,0,4,"kairos",FALSE,4,41829,42460
"7002",2024-06-04,0,17,"kairos",FALSE,17,41846,42477
"7003",2024-06-05,2,31,"kairos",FALSE,29,41875,42508
"7004",2024-06-06,0,4,"kairos",FALSE,4,41879,42512
"7005",2024-06-07,0,3,"kairos",FALSE,3,41882,42515
"7006",2024-06-08,0,9,"kairos",FALSE,9,41891,42524
"7007",2024-06-09,0,4,"kairos",FALSE,4,41895,42528
"7008",2024-06-10,0,2,"kairos",FALSE,2,41897,42530
"7009",2024-06-11,0,11,"kairos",FALSE,11,41908,42541
"7010",2024-06-12,2,19,"kairos",FALSE,17,41925,42560
"7011",2024-06-13,0,5,"kairos",FALSE,5,41930,42565
"7012",2024-06-14,0,3,"kairos",FALSE,3,41933,42568
"7013",2024-06-15,0,2,"kairos",FALSE,2,41935,42570
"7014",2024-06-16,0,7,"kairos",FALSE,7,41942,42577
"7015",2024-06-17,0,8,"kairos",FALSE,8,41950,42585
"7016",2024-06-18,0,5,"kairos",FALSE,5,41955,42590
"7017",2024-06-19,2,20,"kairos",FALSE,18,41973,42610
"7018",2024-06-20,0,4,"kairos",FALSE,4,41977,42614
"7019",2024-06-21,0,8,"kairos",FALSE,8,41985,42622
"7020",2024-06-22,0,13,"kairos",FALSE,13,41998,42635
"7021",2024-06-23,0,10,"kairos",FALSE,10,42008,42645
"7022",2024-06-24,0,8,"kairos",FALSE,8,42016,42653
"7023",2024-06-25,0,6,"kairos",FALSE,6,42022,42659
"7024",2024-06-26,0,15,"kairos",FALSE,15,42037,42674
"7025",2024-06-27,0,15,"kairos",FALSE,15,42052,42689
"7026",2024-06-28,0,3,"kairos",FALSE,3,42055,42692
"7027",2024-06-29,0,3,"kairos",FALSE,3,42058,42695
"7028",2024-06-30,0,2,"kairos",FALSE,2,42060,42697
"7029",2024-07-01,0,12,"kairos",FALSE,12,42072,42709
"7030",2024-07-02,0,9,"kairos",FALSE,9,42081,42718
"7031",2024-07-03,2,20,"kairos",FALSE,18,42099,42738
"7032",2024-07-04,0,11,"kairos",FALSE,11,42110,42749
"7033",2024-07-05,0,6,"kairos",FALSE,6,42116,42755
"7034",2024-07-06,0,4,"kairos",FALSE,4,42120,42759
"7035",2024-07-07,0,3,"kairos",FALSE,3,42123,42762
"7036",2024-07-08,0,6,"kairos",FALSE,6,42129,42768
"7037",2024-07-09,0,6,"kairos",FALSE,6,42135,42774
"7038",2024-07-10,0,13,"kairos",FALSE,13,42148,42787
"7039",2024-07-11,0,17,"kairos",FALSE,17,42165,42804
"7040",2024-07-12,0,14,"kairos",FALSE,14,42179,42818
"7041",2024-07-13,0,2,"kairos",FALSE,2,42181,42820
"7042",2024-07-14,0,6,"kairos",FALSE,6,42187,42826
"7043",2024-07-15,0,5,"kairos",FALSE,5,42192,42831
"7044",2024-07-16,0,8,"kairos",FALSE,8,42200,42839
"7045",2024-07-17,2,31,"kairos",FALSE,29,42229,42870
"7046",2024-07-18,0,10,"kairos",FALSE,10,42239,42880
"7047",2024-07-19,0,3,"kairos",FALSE,3,42242,42883
"7048",2024-07-20,0,7,"kairos",FALSE,7,42249,42890
"7049",2024-07-21,0,1,"kairos",FALSE,1,42250,42891
"7050",2024-07-22,0,8,"kairos",FALSE,8,42258,42899
"7051",2024-07-23,0,29,"kairos",FALSE,29,42287,42928
"7052",2024-07-24,2,35,"kairos",FALSE,33,42320,42963
"7053",2024-07-25,0,14,"kairos",FALSE,14,42334,42977
"7054",2024-07-26,0,10,"kairos",TRUE,2,42336,42987
"7055",2024-07-27,0,11,"kairos",FALSE,2,42338,42998
"7056",2024-07-28,0,15,"kairos",FALSE,15,42353,43013
"7057",2024-07-29,0,43,"kairos",FALSE,43,42396,43056
"7058",2024-07-30,0,26,"kairos",FALSE,26,42422,43082
"7059",2024-07-31,0,14,"kairos",FALSE,14,42436,43096
"7060",2024-08-01,0,36,"kairos",FALSE,36,42472,43132
"7061",2024-08-02,0,5,"kairos",FALSE,5,42477,43137
"7062",2024-08-03,0,2,"kairos",FALSE,2,42479,43139
"7063",2024-08-04,0,13,"kairos",FALSE,13,42492,43152
"7064",2024-08-05,0,9,"kairos",FALSE,9,42501,43161
"7065",2024-08-06,0,10,"kairos",FALSE,10,42511,43171
"7066",2024-08-07,0,16,"kairos",FALSE,16,42527,43187
"7067",2024-08-08,2,19,"kairos",FALSE,17,42544,43206
"7068",2024-08-09,0,4,"kairos",FALSE,4,42548,43210
"7069",2024-08-10,0,2,"kairos",FALSE,2,42550,43212
"7070",2024-08-11,0,3,"kairos",FALSE,3,42553,43215
"7071",2024-08-12,0,6,"kairos",FALSE,6,42559,43221
"7072",2024-08-13,0,7,"kairos",FALSE,7,42566,43228
"7073",2024-08-14,0,9,"kairos",FALSE,9,42575,43237
"7074",2024-08-15,2,30,"kairos",FALSE,28,42603,43267
"7075",2024-08-16,0,11,"kairos",FALSE,11,42614,43278
"7076",2024-08-17,0,4,"kairos",FALSE,4,42618,43282
"7077",2024-08-18,0,2,"kairos",FALSE,2,42620,43284
"7078",2024-08-19,0,7,"kairos",FALSE,7,42627,43291
"7079",2024-08-20,0,10,"kairos",FALSE,10,42637,43301
"7080",2024-08-21,0,14,"kairos",FALSE,14,42651,43315
"7081",2024-08-22,0,37,"kairos",FALSE,37,42688,43352
"7082",2024-08-23,0,10,"kairos",FALSE,10,42698,43362
"7083",2024-08-24,0,11,"kairos",FALSE,11,42709,43373
"7084",2024-08-25,0,6,"kairos",FALSE,6,42715,43379
"7085",2024-08-26,0,11,"kairos",FALSE,11,42726,43390
"7086",2024-08-27,0,9,"kairos",FALSE,9,42735,43399
"7087",2024-08-28,2,24,"kairos",FALSE,22,42757,43423
"7088",2024-08-29,0,11,"kairos",FALSE,11,42768,43434
"7089",2024-08-30,0,6,"kairos",FALSE,6,42774,43440
"7090",2024-08-31,0,12,"kairos",FALSE,12,42786,43452
"7091",2024-09-01,0,3,"kairos",FALSE,3,42789,43455
"7092",2024-09-02,0,4,"kairos",FALSE,4,42793,43459
"7093",2024-09-03,0,8,"kairos",FALSE,8,42801,43467
"7094",2024-09-04,2,25,"kairos",FALSE,23,42824,43492
"7095",2024-09-05,0,8,"kairos",FALSE,8,42832,43500
"7096",2024-09-06,0,18,"kairos",FALSE,18,42850,43518
"7097",2024-09-07,0,2,"kairos",FALSE,2,42852,43520
"7098",2024-09-08,0,13,"kairos",FALSE,13,42865,43533
"7099",2024-09-09,0,9,"kairos",FALSE,9,42874,43542
"7100",2024-09-10,0,9,"kairos",FALSE,9,42883,43551
"7101",2024-09-11,3,44,"kairos",FALSE,41,42924,43595
"7102",2024-09-12,0,6,"kairos",FALSE,6,42930,43601
"7103",2024-09-13,0,3,"kairos",FALSE,3,42933,43604
"7104",2024-09-14,0,8,"kairos",FALSE,8,42941,43612
"7105",2024-09-15,0,3,"kairos",FALSE,3,42944,43615
"7106",2024-09-16,0,6,"kairos",FALSE,6,42950,43621
"7107",2024-09-17,0,2,"kairos",FALSE,2,42952,43623
"7108",2024-09-18,2,19,"kairos",FALSE,17,42969,43642
"7109",2024-09-19,0,7,"kairos",FALSE,7,42976,43649
"7110",2024-09-20,0,3,"kairos",FALSE,3,42979,43652
"7111",2024-09-21,0,10,"kairos",FALSE,10,42989,43662
"7112",2024-09-22,0,1,"kairos",FALSE,1,42990,43663
"7113",2024-09-23,0,7,"kairos",FALSE,7,42997,43670
"7114",2024-09-24,0,7,"kairos",FALSE,7,43004,43677
"7115",2024-09-25,0,10,"kairos",FALSE,10,43014,43687
"7116",2024-09-26,1,23,"kairos",FALSE,22,43036,43710
"7117",2024-09-27,0,16,"kairos",FALSE,16,43052,43726
"7118",2024-09-28,0,0,"kairos",FALSE,0,43052,43726
"7119",2024-09-29,0,0,"kairos",FALSE,0,43052,43726
"7120",2018-10-18,0,0,"khroma",FALSE,0,0,0
"7121",2018-10-19,1,119,"khroma",TRUE,2,2,119
"7122",2018-10-20,0,6,"khroma",FALSE,2,4,125
"7123",2018-10-21,0,3,"khroma",FALSE,3,7,128
"7124",2018-10-22,0,10,"khroma",FALSE,10,17,138
"7125",2018-10-23,2,8,"khroma",FALSE,6,23,146
"7126",2018-10-24,5,12,"khroma",FALSE,7,30,158
"7127",2018-10-25,1,4,"khroma",FALSE,3,33,162
"7128",2018-10-26,0,6,"khroma",FALSE,6,39,168
"7129",2018-10-27,1,2,"khroma",FALSE,1,40,170
"7130",2018-10-28,1,8,"khroma",FALSE,7,47,178
"7131",2018-10-29,6,10,"khroma",FALSE,4,51,188
"7132",2018-10-30,1,5,"khroma",FALSE,4,55,193
"7133",2018-10-31,5,6,"khroma",FALSE,1,56,199
"7134",2018-11-01,0,8,"khroma",FALSE,8,64,207
"7135",2018-11-02,0,3,"khroma",FALSE,3,67,210
"7136",2018-11-03,1,3,"khroma",FALSE,2,69,213
"7137",2018-11-04,1,3,"khroma",FALSE,2,71,216
"7138",2018-11-05,1,4,"khroma",FALSE,3,74,220
"7139",2018-11-06,1,5,"khroma",FALSE,4,78,225
"7140",2018-11-07,1,7,"khroma",FALSE,6,84,232
"7141",2018-11-08,0,8,"khroma",FALSE,8,92,240
"7142",2018-11-09,9,19,"khroma",FALSE,10,102,259
"7143",2018-11-10,1,7,"khroma",FALSE,6,108,266
"7144",2018-11-11,1,4,"khroma",FALSE,3,111,270
"7145",2018-11-12,0,9,"khroma",FALSE,9,120,279
"7146",2018-11-13,2,16,"khroma",FALSE,14,134,295
"7147",2018-11-14,5,14,"khroma",FALSE,9,143,309
"7148",2018-11-15,1,8,"khroma",FALSE,7,150,317
"7149",2018-11-16,0,6,"khroma",FALSE,6,156,323
"7150",2018-11-17,0,6,"khroma",FALSE,6,162,329
"7151",2018-11-18,1,8,"khroma",FALSE,7,169,337
"7152",2018-11-19,2,7,"khroma",FALSE,5,174,344
"7153",2018-11-20,3,7,"khroma",FALSE,4,178,351
"7154",2018-11-21,6,9,"khroma",FALSE,3,181,360
"7155",2018-11-22,2,8,"khroma",FALSE,6,187,368
"7156",2018-11-23,1,7,"khroma",FALSE,6,193,375
"7157",2018-11-24,0,6,"khroma",FALSE,6,199,381
"7158",2018-11-25,1,6,"khroma",FALSE,5,204,387
"7159",2018-11-26,1,12,"khroma",FALSE,11,215,399
"7160",2018-11-27,0,13,"khroma",FALSE,13,228,412
"7161",2018-11-28,5,5,"khroma",FALSE,0,228,417
"7162",2018-11-29,1,6,"khroma",FALSE,5,233,423
"7163",2018-11-30,0,4,"khroma",FALSE,4,237,427
"7164",2018-12-01,1,5,"khroma",FALSE,4,241,432
"7165",2018-12-02,1,3,"khroma",FALSE,2,243,435
"7166",2018-12-03,0,10,"khroma",FALSE,10,253,445
"7167",2018-12-04,1,3,"khroma",FALSE,2,255,448
"7168",2018-12-05,6,5,"khroma",FALSE,0,255,453
"7169",2018-12-06,1,3,"khroma",FALSE,2,257,456
"7170",2018-12-07,0,15,"khroma",FALSE,15,272,471
"7171",2018-12-08,0,3,"khroma",FALSE,3,275,474
"7172",2018-12-09,2,5,"khroma",FALSE,3,278,479
"7173",2018-12-10,1,4,"khroma",FALSE,3,281,483
"7174",2018-12-11,0,1,"khroma",FALSE,1,282,484
"7175",2018-12-12,6,9,"khroma",FALSE,3,285,493
"7176",2018-12-13,1,10,"khroma",FALSE,9,294,503
"7177",2018-12-14,0,5,"khroma",FALSE,5,299,508
"7178",2018-12-15,0,8,"khroma",FALSE,8,307,516
"7179",2018-12-16,1,5,"khroma",FALSE,4,311,521
"7180",2018-12-17,1,1,"khroma",FALSE,0,311,522
"7181",2018-12-18,1,12,"khroma",FALSE,11,322,534
"7182",2018-12-19,5,9,"khroma",FALSE,4,326,543
"7183",2018-12-20,0,6,"khroma",FALSE,6,332,549
"7184",2018-12-21,0,9,"khroma",FALSE,9,341,558
"7185",2018-12-22,0,2,"khroma",FALSE,2,343,560
"7186",2018-12-23,1,6,"khroma",FALSE,5,348,566
"7187",2018-12-24,1,2,"khroma",FALSE,1,349,568
"7188",2018-12-25,1,7,"khroma",FALSE,6,355,575
"7189",2018-12-26,1,6,"khroma",FALSE,5,360,581
"7190",2018-12-27,1,7,"khroma",FALSE,6,366,588
"7191",2018-12-28,2,7,"khroma",FALSE,5,371,595
"7192",2018-12-29,1,4,"khroma",FALSE,3,374,599
"7193",2018-12-30,2,2,"khroma",FALSE,0,374,601
"7194",2018-12-31,5,5,"khroma",FALSE,0,374,606
"7195",2019-01-01,1,1,"khroma",FALSE,0,374,607
"7196",2019-01-02,6,10,"khroma",FALSE,4,378,617
"7197",2019-01-03,0,5,"khroma",FALSE,5,383,622
"7198",2019-01-04,0,4,"khroma",FALSE,4,387,626
"7199",2019-01-05,0,2,"khroma",FALSE,2,389,628
"7200",2019-01-06,0,5,"khroma",FALSE,5,394,633
"7201",2019-01-07,1,12,"khroma",FALSE,11,405,645
"7202",2019-01-08,1,20,"khroma",FALSE,19,424,665
"7203",2019-01-09,5,8,"khroma",FALSE,3,427,673
"7204",2019-01-10,1,9,"khroma",FALSE,8,435,682
"7205",2019-01-11,1,8,"khroma",FALSE,7,442,690
"7206",2019-01-12,3,3,"khroma",FALSE,0,442,693
"7207",2019-01-13,1,3,"khroma",FALSE,2,444,696
"7208",2019-01-14,1,10,"khroma",FALSE,9,453,706
"7209",2019-01-15,0,11,"khroma",FALSE,11,464,717
"7210",2019-01-16,5,9,"khroma",FALSE,4,468,726
"7211",2019-01-17,1,7,"khroma",FALSE,6,474,733
"7212",2019-01-18,2,11,"khroma",FALSE,9,483,744
"7213",2019-01-19,1,9,"khroma",FALSE,8,491,753
"7214",2019-01-20,2,7,"khroma",FALSE,5,496,760
"7215",2019-01-21,2,8,"khroma",FALSE,6,502,768
"7216",2019-01-22,2,6,"khroma",FALSE,4,506,774
"7217",2019-01-23,11,15,"khroma",FALSE,4,510,789
"7218",2019-01-24,1,10,"khroma",FALSE,9,519,799
"7219",2019-01-25,1,6,"khroma",FALSE,5,524,805
"7220",2019-01-26,1,2,"khroma",FALSE,1,525,807
"7221",2019-01-27,1,2,"khroma",FALSE,1,526,809
"7222",2019-01-28,1,6,"khroma",FALSE,5,531,815
"7223",2019-01-29,5,9,"khroma",FALSE,4,535,824
"7224",2019-01-30,7,9,"khroma",FALSE,2,537,833
"7225",2019-01-31,1,7,"khroma",FALSE,6,543,840
"7226",2019-02-01,1,4,"khroma",FALSE,3,546,844
"7227",2019-02-02,1,4,"khroma",FALSE,3,549,848
"7228",2019-02-03,0,3,"khroma",FALSE,3,552,851
"7229",2019-02-04,1,11,"khroma",FALSE,10,562,862
"7230",2019-02-05,1,9,"khroma",FALSE,8,570,871
"7231",2019-02-06,5,15,"khroma",FALSE,10,580,886
"7232",2019-02-07,0,4,"khroma",FALSE,4,584,890
"7233",2019-02-08,0,5,"khroma",FALSE,5,589,895
"7234",2019-02-09,0,7,"khroma",FALSE,7,596,902
"7235",2019-02-10,0,4,"khroma",FALSE,4,600,906
"7236",2019-02-11,0,9,"khroma",FALSE,9,609,915
"7237",2019-02-12,1,12,"khroma",FALSE,11,620,927
"7238",2019-02-13,6,9,"khroma",FALSE,3,623,936
"7239",2019-02-14,1,3,"khroma",FALSE,2,625,939
"7240",2019-02-15,1,5,"khroma",FALSE,4,629,944
"7241",2019-02-16,2,3,"khroma",FALSE,1,630,947
"7242",2019-02-17,0,8,"khroma",FALSE,8,638,955
"7243",2019-02-18,1,11,"khroma",FALSE,10,648,966
"7244",2019-02-19,1,7,"khroma",FALSE,6,654,973
"7245",2019-02-20,10,17,"khroma",FALSE,7,661,990
"7246",2019-02-21,1,9,"khroma",FALSE,8,669,999
"7247",2019-02-22,1,10,"khroma",FALSE,9,678,1009
"7248",2019-02-23,0,1,"khroma",FALSE,1,679,1010
"7249",2019-02-24,0,179,"khroma",TRUE,2,681,1189
"7250",2019-02-25,0,146,"khroma",FALSE,2,683,1335
"7251",2019-02-26,1,11,"khroma",FALSE,10,693,1346
"7252",2019-02-27,3,13,"khroma",FALSE,10,703,1359
"7253",2019-02-28,1,8,"khroma",FALSE,7,710,1367
"7254",2019-03-01,1,10,"khroma",FALSE,9,719,1377
"7255",2019-03-02,1,3,"khroma",FALSE,2,721,1380
"7256",2019-03-03,2,7,"khroma",FALSE,5,726,1387
"7257",2019-03-04,1,13,"khroma",FALSE,12,738,1400
"7258",2019-03-05,0,11,"khroma",FALSE,11,749,1411
"7259",2019-03-06,5,11,"khroma",FALSE,6,755,1422
"7260",2019-03-07,3,12,"khroma",FALSE,9,764,1434
"7261",2019-03-08,2,16,"khroma",FALSE,14,778,1450
"7262",2019-03-09,4,13,"khroma",FALSE,9,787,1463
"7263",2019-03-10,4,8,"khroma",FALSE,4,791,1471
"7264",2019-03-11,4,11,"khroma",FALSE,7,798,1482
"7265",2019-03-12,4,17,"khroma",FALSE,13,811,1499
"7266",2019-03-13,8,23,"khroma",FALSE,15,826,1522
"7267",2019-03-14,1,14,"khroma",FALSE,13,839,1536
"7268",2019-03-15,2,16,"khroma",FALSE,14,853,1552
"7269",2019-03-16,3,9,"khroma",FALSE,6,859,1561
"7270",2019-03-17,2,8,"khroma",FALSE,6,865,1569
"7271",2019-03-18,6,19,"khroma",FALSE,13,878,1588
"7272",2019-03-19,6,13,"khroma",FALSE,7,885,1601
"7273",2019-03-20,7,17,"khroma",FALSE,10,895,1618
"7274",2019-03-21,3,5,"khroma",FALSE,2,897,1623
"7275",2019-03-22,1,10,"khroma",FALSE,9,906,1633
"7276",2019-03-23,0,3,"khroma",FALSE,3,909,1636
"7277",2019-03-24,0,7,"khroma",FALSE,7,916,1643
"7278",2019-03-25,2,8,"khroma",FALSE,6,922,1651
"7279",2019-03-26,1,10,"khroma",FALSE,9,931,1661
"7280",2019-03-27,6,20,"khroma",FALSE,14,945,1681
"7281",2019-03-28,0,15,"khroma",FALSE,15,960,1696
"7282",2019-03-29,1,11,"khroma",FALSE,10,970,1707
"7283",2019-03-30,2,3,"khroma",FALSE,1,971,1710
"7284",2019-03-31,1,7,"khroma",FALSE,6,977,1717
"7285",2019-04-01,0,11,"khroma",FALSE,11,988,1728
"7286",2019-04-02,1,26,"khroma",FALSE,25,1013,1754
"7287",2019-04-03,5,17,"khroma",FALSE,12,1025,1771
"7288",2019-04-04,1,18,"khroma",FALSE,17,1042,1789
"7289",2019-04-05,1,8,"khroma",FALSE,7,1049,1797
"7290",2019-04-06,0,12,"khroma",FALSE,12,1061,1809
"7291",2019-04-07,0,6,"khroma",FALSE,6,1067,1815
"7292",2019-04-08,0,13,"khroma",FALSE,13,1080,1828
"7293",2019-04-09,0,11,"khroma",FALSE,11,1091,1839
"7294",2019-04-10,5,228,"khroma",TRUE,2,1093,2067
"7295",2019-04-11,0,21,"khroma",FALSE,2,1095,2088
"7296",2019-04-12,0,22,"khroma",FALSE,22,1117,2110
"7297",2019-04-13,1,10,"khroma",FALSE,9,1126,2120
"7298",2019-04-14,1,6,"khroma",FALSE,5,1131,2126
"7299",2019-04-15,1,14,"khroma",FALSE,13,1144,2140
"7300",2019-04-16,1,10,"khroma",FALSE,9,1153,2150
"7301",2019-04-17,10,24,"khroma",FALSE,14,1167,2174
"7302",2019-04-18,1,13,"khroma",FALSE,12,1179,2187
"7303",2019-04-19,1,11,"khroma",FALSE,10,1189,2198
"7304",2019-04-20,1,13,"khroma",FALSE,12,1201,2211
"7305",2019-04-21,1,10,"khroma",FALSE,9,1210,2221
"7306",2019-04-22,0,10,"khroma",FALSE,10,1220,2231
"7307",2019-04-23,0,6,"khroma",FALSE,6,1226,2237
"7308",2019-04-24,4,16,"khroma",FALSE,12,1238,2253
"7309",2019-04-25,2,18,"khroma",FALSE,16,1254,2271
"7310",2019-04-26,1,4,"khroma",FALSE,3,1257,2275
"7311",2019-04-27,2,3,"khroma",FALSE,1,1258,2278
"7312",2019-04-28,2,11,"khroma",FALSE,9,1267,2289
"7313",2019-04-29,5,22,"khroma",FALSE,17,1284,2311
"7314",2019-04-30,1,10,"khroma",FALSE,9,1293,2321
"7315",2019-05-01,4,12,"khroma",FALSE,8,1301,2333
"7316",2019-05-02,3,17,"khroma",FALSE,14,1315,2350
"7317",2019-05-03,1,7,"khroma",FALSE,6,1321,2357
"7318",2019-05-04,1,4,"khroma",FALSE,3,1324,2361
"7319",2019-05-05,0,13,"khroma",FALSE,13,1337,2374
"7320",2019-05-06,18,24,"khroma",FALSE,6,1343,2398
"7321",2019-05-07,13,17,"khroma",FALSE,4,1347,2415
"7322",2019-05-08,9,24,"khroma",FALSE,15,1362,2439
"7323",2019-05-09,0,7,"khroma",FALSE,7,1369,2446
"7324",2019-05-10,0,4,"khroma",FALSE,4,1373,2450
"7325",2019-05-11,0,5,"khroma",FALSE,5,1378,2455
"7326",2019-05-12,9,18,"khroma",FALSE,9,1387,2473
"7327",2019-05-13,12,17,"khroma",FALSE,5,1392,2490
"7328",2019-05-14,6,17,"khroma",FALSE,11,1403,2507
"7329",2019-05-15,49,52,"khroma",FALSE,3,1406,2559
"7330",2019-05-16,18,24,"khroma",FALSE,6,1412,2583
"7331",2019-05-17,7,16,"khroma",FALSE,9,1421,2599
"7332",2019-05-18,17,22,"khroma",FALSE,5,1426,2621
"7333",2019-05-19,17,17,"khroma",FALSE,0,1426,2638
"7334",2019-05-20,2,8,"khroma",FALSE,6,1432,2646
"7335",2019-05-21,2,10,"khroma",FALSE,8,1440,2656
"7336",2019-05-22,4,8,"khroma",FALSE,4,1444,2664
"7337",2019-05-23,1,11,"khroma",FALSE,10,1454,2675
"7338",2019-05-24,1,12,"khroma",FALSE,11,1465,2687
"7339",2019-05-25,1,4,"khroma",FALSE,3,1468,2691
"7340",2019-05-26,1,7,"khroma",FALSE,6,1474,2698
"7341",2019-05-27,0,8,"khroma",FALSE,8,1482,2706
"7342",2019-05-28,0,10,"khroma",FALSE,10,1492,2716
"7343",2019-05-29,3,12,"khroma",FALSE,9,1501,2728
"7344",2019-05-30,1,4,"khroma",FALSE,3,1504,2732
"7345",2019-05-31,0,6,"khroma",FALSE,6,1510,2738
"7346",2019-06-01,1,4,"khroma",FALSE,3,1513,2742
"7347",2019-06-02,1,500,"khroma",TRUE,2,1515,3242
"7348",2019-06-03,1,12,"khroma",FALSE,2,1517,3254
"7349",2019-06-04,1,25,"khroma",FALSE,24,1541,3279
"7350",2019-06-05,3,44,"khroma",TRUE,2,1543,3323
"7351",2019-06-06,0,22,"khroma",FALSE,2,1545,3345
"7352",2019-06-07,0,11,"khroma",FALSE,11,1556,3356
"7353",2019-06-08,1,8,"khroma",FALSE,7,1563,3364
"7354",2019-06-09,0,2,"khroma",FALSE,2,1565,3366
"7355",2019-06-10,1,6,"khroma",FALSE,5,1570,3372
"7356",2019-06-11,0,26,"khroma",FALSE,26,1596,3398
"7357",2019-06-12,2,13,"khroma",FALSE,11,1607,3411
"7358",2019-06-13,0,11,"khroma",FALSE,11,1618,3422
"7359",2019-06-14,0,11,"khroma",FALSE,11,1629,3433
"7360",2019-06-15,1,4,"khroma",FALSE,3,1632,3437
"7361",2019-06-16,1,3,"khroma",FALSE,2,1634,3440
"7362",2019-06-17,0,8,"khroma",FALSE,8,1642,3448
"7363",2019-06-18,1,29,"khroma",FALSE,28,1670,3477
"7364",2019-06-19,2,30,"khroma",FALSE,28,1698,3507
"7365",2019-06-20,0,9,"khroma",FALSE,9,1707,3516
"7366",2019-06-21,0,5,"khroma",FALSE,5,1712,3521
"7367",2019-06-22,0,4,"khroma",FALSE,4,1716,3525
"7368",2019-06-23,1,3,"khroma",FALSE,2,1718,3528
"7369",2019-06-24,2,8,"khroma",FALSE,6,1724,3536
"7370",2019-06-25,9,13,"khroma",FALSE,4,1728,3549
"7371",2019-06-26,5,6,"khroma",FALSE,1,1729,3555
"7372",2019-06-27,4,8,"khroma",FALSE,4,1733,3563
"7373",2019-06-28,4,15,"khroma",FALSE,11,1744,3578
"7374",2019-06-29,7,8,"khroma",FALSE,1,1745,3586
"7375",2019-06-30,3,6,"khroma",FALSE,3,1748,3592
"7376",2019-07-01,4,13,"khroma",FALSE,9,1757,3605
"7377",2019-07-02,3,9,"khroma",FALSE,6,1763,3614
"7378",2019-07-03,7,18,"khroma",FALSE,11,1774,3632
"7379",2019-07-04,3,7,"khroma",FALSE,4,1778,3639
"7380",2019-07-05,0,10,"khroma",FALSE,10,1788,3649
"7381",2019-07-06,1,7,"khroma",FALSE,6,1794,3656
"7382",2019-07-07,1,6,"khroma",FALSE,5,1799,3662
"7383",2019-07-08,1,11,"khroma",FALSE,10,1809,3673
"7384",2019-07-09,1,45,"khroma",FALSE,44,1853,3718
"7385",2019-07-10,3,15,"khroma",FALSE,12,1865,3733
"7386",2019-07-11,1,15,"khroma",FALSE,14,1879,3748
"7387",2019-07-12,0,14,"khroma",FALSE,14,1893,3762
"7388",2019-07-13,1,12,"khroma",FALSE,11,1904,3774
"7389",2019-07-14,2,5,"khroma",FALSE,3,1907,3779
"7390",2019-07-15,4,6,"khroma",FALSE,2,1909,3785
"7391",2019-07-16,3,12,"khroma",FALSE,9,1918,3797
"7392",2019-07-17,6,19,"khroma",FALSE,13,1931,3816
"7393",2019-07-18,11,26,"khroma",FALSE,15,1946,3842
"7394",2019-07-19,0,13,"khroma",FALSE,13,1959,3855
"7395",2019-07-20,0,10,"khroma",FALSE,10,1969,3865
"7396",2019-07-21,5,15,"khroma",FALSE,10,1979,3880
"7397",2019-07-22,21,31,"khroma",FALSE,10,1989,3911
"7398",2019-07-23,13,17,"khroma",FALSE,4,1993,3928
"7399",2019-07-24,5,13,"khroma",FALSE,8,2001,3941
"7400",2019-07-25,1,12,"khroma",FALSE,11,2012,3953
"7401",2019-07-26,7,8,"khroma",FALSE,1,2013,3961
"7402",2019-07-27,2,12,"khroma",FALSE,10,2023,3973
"7403",2019-07-28,0,5,"khroma",FALSE,5,2028,3978
"7404",2019-07-29,2,7,"khroma",FALSE,5,2033,3985
"7405",2019-07-30,5,14,"khroma",FALSE,9,2042,3999
"7406",2019-07-31,4,20,"khroma",FALSE,16,2058,4019
"7407",2019-08-01,1,4,"khroma",FALSE,3,2061,4023
"7408",2019-08-02,0,13,"khroma",FALSE,13,2074,4036
"7409",2019-08-03,0,2,"khroma",FALSE,2,2076,4038
"7410",2019-08-04,1,2,"khroma",FALSE,1,2077,4040
"7411",2019-08-05,1,10,"khroma",FALSE,9,2086,4050
"7412",2019-08-06,1,9,"khroma",FALSE,8,2094,4059
"7413",2019-08-07,16,27,"khroma",FALSE,11,2105,4086
"7414",2019-08-08,1,4,"khroma",FALSE,3,2108,4090
"7415",2019-08-09,1,8,"khroma",FALSE,7,2115,4098
"7416",2019-08-10,2,5,"khroma",FALSE,3,2118,4103
"7417",2019-08-11,8,11,"khroma",FALSE,3,2121,4114
"7418",2019-08-12,3,7,"khroma",FALSE,4,2125,4121
"7419",2019-08-13,0,3,"khroma",FALSE,3,2128,4124
"7420",2019-08-14,3,13,"khroma",FALSE,10,2138,4137
"7421",2019-08-15,1,3,"khroma",FALSE,2,2140,4140
"7422",2019-08-16,1,9,"khroma",FALSE,8,2148,4149
"7423",2019-08-17,1,5,"khroma",FALSE,4,2152,4154
"7424",2019-08-18,3,7,"khroma",FALSE,4,2156,4161
"7425",2019-08-19,2,7,"khroma",TRUE,2,2158,4168
"7426",2019-08-20,2,14,"khroma",FALSE,2,2160,4182
"7427",2019-08-21,3,26,"khroma",FALSE,23,2183,4208
"7428",2019-08-22,0,16,"khroma",FALSE,16,2199,4224
"7429",2019-08-23,2,9,"khroma",FALSE,7,2206,4233
"7430",2019-08-24,0,3,"khroma",FALSE,3,2209,4236
"7431",2019-08-25,1,3,"khroma",FALSE,2,2211,4239
"7432",2019-08-26,1,6,"khroma",FALSE,5,2216,4245
"7433",2019-08-27,1,9,"khroma",FALSE,8,2224,4254
"7434",2019-08-28,6,22,"khroma",FALSE,16,2240,4276
"7435",2019-08-29,3,32,"khroma",FALSE,29,2269,4308
"7436",2019-08-30,1,12,"khroma",FALSE,11,2280,4320
"7437",2019-08-31,1,6,"khroma",FALSE,5,2285,4326
"7438",2019-09-01,1,4,"khroma",FALSE,3,2288,4330
"7439",2019-09-02,2,7,"khroma",FALSE,5,2293,4337
"7440",2019-09-03,5,21,"khroma",FALSE,16,2309,4358
"7441",2019-09-04,6,27,"khroma",FALSE,21,2330,4385
"7442",2019-09-05,1,14,"khroma",FALSE,13,2343,4399
"7443",2019-09-06,0,18,"khroma",FALSE,18,2361,4417
"7444",2019-09-07,1,8,"khroma",FALSE,7,2368,4425
"7445",2019-09-08,0,12,"khroma",FALSE,12,2380,4437
"7446",2019-09-09,1,12,"khroma",FALSE,11,2391,4449
"7447",2019-09-10,7,14,"khroma",FALSE,7,2398,4463
"7448",2019-09-11,4,13,"khroma",FALSE,9,2407,4476
"7449",2019-09-12,1,10,"khroma",FALSE,9,2416,4486
"7450",2019-09-13,0,13,"khroma",FALSE,13,2429,4499
"7451",2019-09-14,2,7,"khroma",FALSE,5,2434,4506
"7452",2019-09-15,6,9,"khroma",FALSE,3,2437,4515
"7453",2019-09-16,7,18,"khroma",FALSE,11,2448,4533
"7454",2019-09-17,3,35,"khroma",FALSE,32,2480,4568
"7455",2019-09-18,5,24,"khroma",FALSE,19,2499,4592
"7456",2019-09-19,4,11,"khroma",FALSE,7,2506,4603
"7457",2019-09-20,2,14,"khroma",FALSE,12,2518,4617
"7458",2019-09-21,1,12,"khroma",FALSE,11,2529,4629
"7459",2019-09-22,0,6,"khroma",FALSE,6,2535,4635
"7460",2019-09-23,0,13,"khroma",FALSE,13,2548,4648
"7461",2019-09-24,0,5,"khroma",FALSE,5,2553,4653
"7462",2019-09-25,6,25,"khroma",FALSE,19,2572,4678
"7463",2019-09-26,5,5,"khroma",FALSE,0,2572,4683
"7464",2019-09-27,3,3,"khroma",FALSE,0,2572,4686
"7465",2019-09-28,3,3,"khroma",FALSE,0,2572,4689
"7466",2019-09-29,0,2,"khroma",FALSE,2,2574,4691
"7467",2019-09-30,2,9,"khroma",FALSE,7,2581,4700
"7468",2019-10-01,1,13,"khroma",FALSE,12,2593,4713
"7469",2019-10-02,4,13,"khroma",FALSE,9,2602,4726
"7470",2019-10-03,5,3,"khroma",FALSE,0,2602,4729
"7471",2019-10-04,1,11,"khroma",FALSE,10,2612,4740
"7472",2019-10-05,3,7,"khroma",FALSE,4,2616,4747
"7473",2019-10-06,0,8,"khroma",FALSE,8,2624,4755
"7474",2019-10-07,0,5,"khroma",FALSE,5,2629,4760
"7475",2019-10-08,1,9,"khroma",FALSE,8,2637,4769
"7476",2019-10-09,7,13,"khroma",FALSE,6,2643,4782
"7477",2019-10-10,4,19,"khroma",FALSE,15,2658,4801
"7478",2019-10-11,4,18,"khroma",FALSE,14,2672,4819
"7479",2019-10-12,5,11,"khroma",FALSE,6,2678,4830
"7480",2019-10-13,2,6,"khroma",FALSE,4,2682,4836
"7481",2019-10-14,3,10,"khroma",FALSE,7,2689,4846
"7482",2019-10-15,1,8,"khroma",FALSE,7,2696,4854
"7483",2019-10-16,4,10,"khroma",FALSE,6,2702,4864
"7484",2019-10-17,0,12,"khroma",FALSE,12,2714,4876
"7485",2019-10-18,5,10,"khroma",FALSE,5,2719,4886
"7486",2019-10-19,2,5,"khroma",FALSE,3,2722,4891
"7487",2019-10-20,1,3,"khroma",FALSE,2,2724,4894
"7488",2019-10-21,6,17,"khroma",FALSE,11,2735,4911
"7489",2019-10-22,7,29,"khroma",FALSE,22,2757,4940
"7490",2019-10-23,13,21,"khroma",FALSE,8,2765,4961
"7491",2019-10-24,3,10,"khroma",FALSE,7,2772,4971
"7492",2019-10-25,2,5,"khroma",FALSE,3,2775,4976
"7493",2019-10-26,1,12,"khroma",TRUE,2,2777,4988
"7494",2019-10-27,0,13,"khroma",FALSE,2,2779,5001
"7495",2019-10-28,0,14,"khroma",FALSE,14,2793,5015
"7496",2019-10-29,0,13,"khroma",FALSE,13,2806,5028
"7497",2019-10-30,3,15,"khroma",FALSE,12,2818,5043
"7498",2019-10-31,0,12,"khroma",FALSE,12,2830,5055
"7499",2019-11-01,0,12,"khroma",FALSE,12,2842,5067
"7500",2019-11-02,1,8,"khroma",FALSE,7,2849,5075
"7501",2019-11-03,1,4,"khroma",FALSE,3,2852,5079
"7502",2019-11-04,1,9,"khroma",FALSE,8,2860,5088
"7503",2019-11-05,1,15,"khroma",FALSE,14,2874,5103
"7504",2019-11-06,3,20,"khroma",FALSE,17,2891,5123
"7505",2019-11-07,1,25,"khroma",FALSE,24,2915,5148
"7506",2019-11-08,0,14,"khroma",FALSE,14,2929,5162
"7507",2019-11-09,0,5,"khroma",FALSE,5,2934,5167
"7508",2019-11-10,1,1,"khroma",FALSE,0,2934,5168
"7509",2019-11-11,1,11,"khroma",FALSE,10,2944,5179
"7510",2019-11-12,0,8,"khroma",FALSE,8,2952,5187
"7511",2019-11-13,6,26,"khroma",FALSE,20,2972,5213
"7512",2019-11-14,3,13,"khroma",FALSE,10,2982,5226
"7513",2019-11-15,2,11,"khroma",FALSE,9,2991,5237
"7514",2019-11-16,2,5,"khroma",FALSE,3,2994,5242
"7515",2019-11-17,0,3,"khroma",FALSE,3,2997,5245
"7516",2019-11-18,5,7,"khroma",FALSE,2,2999,5252
"7517",2019-11-19,5,18,"khroma",FALSE,13,3012,5270
"7518",2019-11-20,7,27,"khroma",FALSE,20,3032,5297
"7519",2019-11-21,1,14,"khroma",FALSE,13,3045,5311
"7520",2019-11-22,1,25,"khroma",FALSE,24,3069,5336
"7521",2019-11-23,1,10,"khroma",FALSE,9,3078,5346
"7522",2019-11-24,1,12,"khroma",FALSE,11,3089,5358
"7523",2019-11-25,1,9,"khroma",FALSE,8,3097,5367
"7524",2019-11-26,2,10,"khroma",FALSE,8,3105,5377
"7525",2019-11-27,6,22,"khroma",FALSE,16,3121,5399
"7526",2019-11-28,1,13,"khroma",FALSE,12,3133,5412
"7527",2019-11-29,1,9,"khroma",FALSE,8,3141,5421
"7528",2019-11-30,0,6,"khroma",FALSE,6,3147,5427
"7529",2019-12-01,2,7,"khroma",FALSE,5,3152,5434
"7530",2019-12-02,1,10,"khroma",FALSE,9,3161,5444
"7531",2019-12-03,3,5,"khroma",FALSE,2,3163,5449
"7532",2019-12-04,15,27,"khroma",FALSE,12,3175,5476
"7533",2019-12-05,2,4,"khroma",FALSE,2,3177,5480
"7534",2019-12-06,2,15,"khroma",FALSE,13,3190,5495
"7535",2019-12-07,0,6,"khroma",FALSE,6,3196,5501
"7536",2019-12-08,6,8,"khroma",FALSE,2,3198,5509
"7537",2019-12-09,0,6,"khroma",FALSE,6,3204,5515
"7538",2019-12-10,1,6,"khroma",FALSE,5,3209,5521
"7539",2019-12-11,8,29,"khroma",FALSE,21,3230,5550
"7540",2019-12-12,7,17,"khroma",FALSE,10,3240,5567
"7541",2019-12-13,0,14,"khroma",FALSE,14,3254,5581
"7542",2019-12-14,0,9,"khroma",FALSE,9,3263,5590
"7543",2019-12-15,0,9,"khroma",FALSE,9,3272,5599
"7544",2019-12-16,0,13,"khroma",FALSE,13,3285,5612
"7545",2019-12-17,0,8,"khroma",FALSE,8,3293,5620
"7546",2019-12-18,3,13,"khroma",FALSE,10,3303,5633
"7547",2019-12-19,0,11,"khroma",FALSE,11,3314,5644
"7548",2019-12-20,3,10,"khroma",FALSE,7,3321,5654
"7549",2019-12-21,5,11,"khroma",FALSE,6,3327,5665
"7550",2019-12-22,4,13,"khroma",FALSE,9,3336,5678
"7551",2019-12-23,4,11,"khroma",FALSE,7,3343,5689
"7552",2019-12-24,4,7,"khroma",FALSE,3,3346,5696
"7553",2019-12-25,7,15,"khroma",FALSE,8,3354,5711
"7554",2019-12-26,4,10,"khroma",FALSE,6,3360,5721
"7555",2019-12-27,4,7,"khroma",FALSE,3,3363,5728
"7556",2019-12-28,5,9,"khroma",FALSE,4,3367,5737
"7557",2019-12-29,6,8,"khroma",FALSE,2,3369,5745
"7558",2019-12-30,4,20,"khroma",FALSE,16,3385,5765
"7559",2019-12-31,3,11,"khroma",FALSE,8,3393,5776
"7560",2020-01-01,8,17,"khroma",FALSE,9,3402,5793
"7561",2020-01-02,3,11,"khroma",FALSE,8,3410,5804
"7562",2020-01-03,8,9,"khroma",FALSE,1,3411,5813
"7563",2020-01-04,9,14,"khroma",FALSE,5,3416,5827
"7564",2020-01-05,6,9,"khroma",FALSE,3,3419,5836
"7565",2020-01-06,5,16,"khroma",FALSE,11,3430,5852
"7566",2020-01-07,4,17,"khroma",FALSE,13,3443,5869
"7567",2020-01-08,14,38,"khroma",FALSE,24,3467,5907
"7568",2020-01-09,10,23,"khroma",FALSE,13,3480,5930
"7569",2020-01-10,10,18,"khroma",FALSE,8,3488,5948
"7570",2020-01-11,12,15,"khroma",FALSE,3,3491,5963
"7571",2020-01-12,9,14,"khroma",FALSE,5,3496,5977
"7572",2020-01-13,8,12,"khroma",FALSE,4,3500,5989
"7573",2020-01-14,8,15,"khroma",FALSE,7,3507,6004
"7574",2020-01-15,11,22,"khroma",FALSE,11,3518,6026
"7575",2020-01-16,4,16,"khroma",FALSE,12,3530,6042
"7576",2020-01-17,5,26,"khroma",FALSE,21,3551,6068
"7577",2020-01-18,4,8,"khroma",FALSE,4,3555,6076
"7578",2020-01-19,4,11,"khroma",FALSE,7,3562,6087
"7579",2020-01-20,4,10,"khroma",FALSE,6,3568,6097
"7580",2020-01-21,4,13,"khroma",FALSE,9,3577,6110
"7581",2020-01-22,13,21,"khroma",FALSE,8,3585,6131
"7582",2020-01-23,3,14,"khroma",FALSE,11,3596,6145
"7583",2020-01-24,3,8,"khroma",FALSE,5,3601,6153
"7584",2020-01-25,3,12,"khroma",FALSE,9,3610,6165
"7585",2020-01-26,3,12,"khroma",FALSE,9,3619,6177
"7586",2020-01-27,5,13,"khroma",FALSE,8,3627,6190
"7587",2020-01-28,3,20,"khroma",FALSE,17,3644,6210
"7588",2020-01-29,13,38,"khroma",FALSE,25,3669,6248
"7589",2020-01-30,3,13,"khroma",FALSE,10,3679,6261
"7590",2020-01-31,3,18,"khroma",FALSE,15,3694,6279
"7591",2020-02-01,5,15,"khroma",FALSE,10,3704,6294
"7592",2020-02-02,4,10,"khroma",FALSE,6,3710,6304
"7593",2020-02-03,3,6,"khroma",FALSE,3,3713,6310
"7594",2020-02-04,3,16,"khroma",FALSE,13,3726,6326
"7595",2020-02-05,4,22,"khroma",FALSE,18,3744,6348
"7596",2020-02-06,3,25,"khroma",FALSE,22,3766,6373
"7597",2020-02-07,1,12,"khroma",FALSE,11,3777,6385
"7598",2020-02-08,0,21,"khroma",FALSE,21,3798,6406
"7599",2020-02-09,0,9,"khroma",FALSE,9,3807,6415
"7600",2020-02-10,0,10,"khroma",FALSE,10,3817,6425
"7601",2020-02-11,0,12,"khroma",FALSE,12,3829,6437
"7602",2020-02-12,6,22,"khroma",FALSE,16,3845,6459
"7603",2020-02-13,0,15,"khroma",FALSE,15,3860,6474
"7604",2020-02-14,0,15,"khroma",FALSE,15,3875,6489
"7605",2020-02-15,4,17,"khroma",FALSE,13,3888,6506
"7606",2020-02-16,1,10,"khroma",FALSE,9,3897,6516
"7607",2020-02-17,0,12,"khroma",FALSE,12,3909,6528
"7608",2020-02-18,0,12,"khroma",FALSE,12,3921,6540
"7609",2020-02-19,7,28,"khroma",FALSE,21,3942,6568
"7610",2020-02-20,0,13,"khroma",FALSE,13,3955,6581
"7611",2020-02-21,0,14,"khroma",FALSE,14,3969,6595
"7612",2020-02-22,0,10,"khroma",FALSE,10,3979,6605
"7613",2020-02-23,0,13,"khroma",FALSE,13,3992,6618
"7614",2020-02-24,0,14,"khroma",FALSE,14,4006,6632
"7615",2020-02-25,0,20,"khroma",FALSE,20,4026,6652
"7616",2020-02-26,5,25,"khroma",FALSE,20,4046,6677
"7617",2020-02-27,0,18,"khroma",FALSE,18,4064,6695
"7618",2020-02-28,0,10,"khroma",FALSE,10,4074,6705
"7619",2020-02-29,0,3,"khroma",FALSE,3,4077,6708
"7620",2020-03-01,0,17,"khroma",FALSE,17,4094,6725
"7621",2020-03-02,0,7,"khroma",FALSE,7,4101,6732
"7622",2020-03-03,0,15,"khroma",FALSE,15,4116,6747
"7623",2020-03-04,6,31,"khroma",FALSE,25,4141,6778
"7624",2020-03-05,0,11,"khroma",FALSE,11,4152,6789
"7625",2020-03-06,0,20,"khroma",FALSE,20,4172,6809
"7626",2020-03-07,0,13,"khroma",FALSE,13,4185,6822
"7627",2020-03-08,0,18,"khroma",FALSE,18,4203,6840
"7628",2020-03-09,0,15,"khroma",FALSE,15,4218,6855
"7629",2020-03-10,0,18,"khroma",FALSE,18,4236,6873
"7630",2020-03-11,4,21,"khroma",FALSE,17,4253,6894
"7631",2020-03-12,1,20,"khroma",FALSE,19,4272,6914
"7632",2020-03-13,1,12,"khroma",FALSE,11,4283,6926
"7633",2020-03-14,0,9,"khroma",FALSE,9,4292,6935
"7634",2020-03-15,0,24,"khroma",FALSE,24,4316,6959
"7635",2020-03-16,0,25,"khroma",FALSE,25,4341,6984
"7636",2020-03-17,0,15,"khroma",FALSE,15,4356,6999
"7637",2020-03-18,2,13,"khroma",FALSE,11,4367,7012
"7638",2020-03-19,0,14,"khroma",FALSE,14,4381,7026
"7639",2020-03-20,0,15,"khroma",FALSE,15,4396,7041
"7640",2020-03-21,0,17,"khroma",FALSE,17,4413,7058
"7641",2020-03-22,0,8,"khroma",FALSE,8,4421,7066
"7642",2020-03-23,0,35,"khroma",FALSE,35,4456,7101
"7643",2020-03-24,1,12,"khroma",FALSE,11,4467,7113
"7644",2020-03-25,4,26,"khroma",FALSE,22,4489,7139
"7645",2020-03-26,0,15,"khroma",FALSE,15,4504,7154
"7646",2020-03-27,0,7,"khroma",FALSE,7,4511,7161
"7647",2020-03-28,0,14,"khroma",FALSE,14,4525,7175
"7648",2020-03-29,0,23,"khroma",FALSE,23,4548,7198
"7649",2020-03-30,0,18,"khroma",FALSE,18,4566,7216
"7650",2020-03-31,0,17,"khroma",FALSE,17,4583,7233
"7651",2020-04-01,6,25,"khroma",FALSE,19,4602,7258
"7652",2020-04-02,0,14,"khroma",FALSE,14,4616,7272
"7653",2020-04-03,0,17,"khroma",FALSE,17,4633,7289
"7654",2020-04-04,0,9,"khroma",FALSE,9,4642,7298
"7655",2020-04-05,0,16,"khroma",FALSE,16,4658,7314
"7656",2020-04-06,0,25,"khroma",FALSE,25,4683,7339
"7657",2020-04-07,0,25,"khroma",FALSE,25,4708,7364
"7658",2020-04-08,6,31,"khroma",FALSE,25,4733,7395
"7659",2020-04-09,0,23,"khroma",FALSE,23,4756,7418
"7660",2020-04-10,0,10,"khroma",FALSE,10,4766,7428
"7661",2020-04-11,0,7,"khroma",FALSE,7,4773,7435
"7662",2020-04-12,0,13,"khroma",FALSE,13,4786,7448
"7663",2020-04-13,0,18,"khroma",FALSE,18,4804,7466
"7664",2020-04-14,1,13,"khroma",FALSE,12,4816,7479
"7665",2020-04-15,5,38,"khroma",FALSE,33,4849,7517
"7666",2020-04-16,0,11,"khroma",FALSE,11,4860,7528
"7667",2020-04-17,0,28,"khroma",FALSE,28,4888,7556
"7668",2020-04-18,0,7,"khroma",FALSE,7,4895,7563
"7669",2020-04-19,0,6,"khroma",FALSE,6,4901,7569
"7670",2020-04-20,0,8,"khroma",FALSE,8,4909,7577
"7671",2020-04-21,0,13,"khroma",FALSE,13,4922,7590
"7672",2020-04-22,6,40,"khroma",FALSE,34,4956,7630
"7673",2020-04-23,1,9,"khroma",FALSE,8,4964,7639
"7674",2020-04-24,0,20,"khroma",FALSE,20,4984,7659
"7675",2020-04-25,0,30,"khroma",FALSE,30,5014,7689
"7676",2020-04-26,0,13,"khroma",FALSE,13,5027,7702
"7677",2020-04-27,0,26,"khroma",FALSE,26,5053,7728
"7678",2020-04-28,0,38,"khroma",FALSE,38,5091,7766
"7679",2020-04-29,5,50,"khroma",FALSE,45,5136,7816
"7680",2020-04-30,0,32,"khroma",FALSE,32,5168,7848
"7681",2020-05-01,0,28,"khroma",FALSE,28,5196,7876
"7682",2020-05-02,0,25,"khroma",FALSE,25,5221,7901
"7683",2020-05-03,0,21,"khroma",FALSE,21,5242,7922
"7684",2020-05-04,0,29,"khroma",FALSE,29,5271,7951
"7685",2020-05-05,0,25,"khroma",FALSE,25,5296,7976
"7686",2020-05-06,5,47,"khroma",FALSE,42,5338,8023
"7687",2020-05-07,0,25,"khroma",FALSE,25,5363,8048
"7688",2020-05-08,0,50,"khroma",FALSE,50,5413,8098
"7689",2020-05-09,0,30,"khroma",FALSE,30,5443,8128
"7690",2020-05-10,0,53,"khroma",FALSE,53,5496,8181
"7691",2020-05-11,0,41,"khroma",FALSE,41,5537,8222
"7692",2020-05-12,0,24,"khroma",FALSE,24,5561,8246
"7693",2020-05-13,5,29,"khroma",FALSE,24,5585,8275
"7694",2020-05-14,0,17,"khroma",FALSE,17,5602,8292
"7695",2020-05-15,0,20,"khroma",FALSE,20,5622,8312
"7696",2020-05-16,0,26,"khroma",FALSE,26,5648,8338
"7697",2020-05-17,0,15,"khroma",FALSE,15,5663,8353
"7698",2020-05-18,0,26,"khroma",FALSE,26,5689,8379
"7699",2020-05-19,0,28,"khroma",FALSE,28,5717,8407
"7700",2020-05-20,5,41,"khroma",FALSE,36,5753,8448
"7701",2020-05-21,0,16,"khroma",FALSE,16,5769,8464
"7702",2020-05-22,0,19,"khroma",FALSE,19,5788,8483
"7703",2020-05-23,0,17,"khroma",FALSE,17,5805,8500
"7704",2020-05-24,0,16,"khroma",FALSE,16,5821,8516
"7705",2020-05-25,0,22,"khroma",FALSE,22,5843,8538
"7706",2020-05-26,0,23,"khroma",FALSE,23,5866,8561
"7707",2020-05-27,5,55,"khroma",FALSE,50,5916,8616
"7708",2020-05-28,0,28,"khroma",FALSE,28,5944,8644
"7709",2020-05-29,0,22,"khroma",FALSE,22,5966,8666
"7710",2020-05-30,0,15,"khroma",FALSE,15,5981,8681
"7711",2020-05-31,0,17,"khroma",FALSE,17,5998,8698
"7712",2020-06-01,0,14,"khroma",FALSE,14,6012,8712
"7713",2020-06-02,0,18,"khroma",FALSE,18,6030,8730
"7714",2020-06-03,5,39,"khroma",FALSE,34,6064,8769
"7715",2020-06-04,0,13,"khroma",FALSE,13,6077,8782
"7716",2020-06-05,0,59,"khroma",FALSE,59,6136,8841
"7717",2020-06-06,0,39,"khroma",FALSE,39,6175,8880
"7718",2020-06-07,0,25,"khroma",FALSE,25,6200,8905
"7719",2020-06-08,0,21,"khroma",FALSE,21,6221,8926
"7720",2020-06-09,0,17,"khroma",FALSE,17,6238,8943
"7721",2020-06-10,6,41,"khroma",FALSE,35,6273,8984
"7722",2020-06-11,2,31,"khroma",FALSE,29,6302,9015
"7723",2020-06-12,0,58,"khroma",FALSE,58,6360,9073
"7724",2020-06-13,0,20,"khroma",FALSE,20,6380,9093
"7725",2020-06-14,0,15,"khroma",FALSE,15,6395,9108
"7726",2020-06-15,0,23,"khroma",FALSE,23,6418,9131
"7727",2020-06-16,0,18,"khroma",FALSE,18,6436,9149
"7728",2020-06-17,4,21,"khroma",FALSE,17,6453,9170
"7729",2020-06-18,2,40,"khroma",FALSE,38,6491,9210
"7730",2020-06-19,0,21,"khroma",FALSE,21,6512,9231
"7731",2020-06-20,0,16,"khroma",FALSE,16,6528,9247
"7732",2020-06-21,0,17,"khroma",FALSE,17,6545,9264
"7733",2020-06-22,0,19,"khroma",FALSE,19,6564,9283
"7734",2020-06-23,0,23,"khroma",FALSE,23,6587,9306
"7735",2020-06-24,7,47,"khroma",FALSE,40,6627,9353
"7736",2020-06-25,0,23,"khroma",FALSE,23,6650,9376
"7737",2020-06-26,0,22,"khroma",FALSE,22,6672,9398
"7738",2020-06-27,0,14,"khroma",FALSE,14,6686,9412
"7739",2020-06-28,0,16,"khroma",FALSE,16,6702,9428
"7740",2020-06-29,0,20,"khroma",FALSE,20,6722,9448
"7741",2020-06-30,0,16,"khroma",FALSE,16,6738,9464
"7742",2020-07-01,4,23,"khroma",FALSE,19,6757,9487
"7743",2020-07-02,0,16,"khroma",FALSE,16,6773,9503
"7744",2020-07-03,0,20,"khroma",FALSE,20,6793,9523
"7745",2020-07-04,0,12,"khroma",FALSE,12,6805,9535
"7746",2020-07-05,0,60,"khroma",FALSE,60,6865,9595
"7747",2020-07-06,0,20,"khroma",FALSE,20,6885,9615
"7748",2020-07-07,0,31,"khroma",FALSE,31,6916,9646
"7749",2020-07-08,5,38,"khroma",FALSE,33,6949,9684
"7750",2020-07-09,0,22,"khroma",FALSE,22,6971,9706
"7751",2020-07-10,0,14,"khroma",FALSE,14,6985,9720
"7752",2020-07-11,0,11,"khroma",FALSE,11,6996,9731
"7753",2020-07-12,0,18,"khroma",FALSE,18,7014,9749
"7754",2020-07-13,0,17,"khroma",FALSE,17,7031,9766
"7755",2020-07-14,0,17,"khroma",FALSE,17,7048,9783
"7756",2020-07-15,6,30,"khroma",FALSE,24,7072,9813
"7757",2020-07-16,0,17,"khroma",FALSE,17,7089,9830
"7758",2020-07-17,0,15,"khroma",FALSE,15,7104,9845
"7759",2020-07-18,0,20,"khroma",FALSE,20,7124,9865
"7760",2020-07-19,0,15,"khroma",FALSE,15,7139,9880
"7761",2020-07-20,0,14,"khroma",FALSE,14,7153,9894
"7762",2020-07-21,0,22,"khroma",FALSE,22,7175,9916
"7763",2020-07-22,6,39,"khroma",FALSE,33,7208,9955
"7764",2020-07-23,0,14,"khroma",FALSE,14,7222,9969
"7765",2020-07-24,0,14,"khroma",FALSE,14,7236,9983
"7766",2020-07-25,0,11,"khroma",FALSE,11,7247,9994
"7767",2020-07-26,0,23,"khroma",FALSE,23,7270,10017
"7768",2020-07-27,0,17,"khroma",FALSE,17,7287,10034
"7769",2020-07-28,2,21,"khroma",FALSE,19,7306,10055
"7770",2020-07-29,6,25,"khroma",FALSE,19,7325,10080
"7771",2020-07-30,3,26,"khroma",FALSE,23,7348,10106
"7772",2020-07-31,0,5,"khroma",FALSE,5,7353,10111
"7773",2020-08-01,0,3,"khroma",FALSE,3,7356,10114
"7774",2020-08-02,0,14,"khroma",FALSE,14,7370,10128
"7775",2020-08-03,1,16,"khroma",FALSE,15,7385,10144
"7776",2020-08-04,0,29,"khroma",FALSE,29,7414,10173
"7777",2020-08-05,6,32,"khroma",FALSE,26,7440,10205
"7778",2020-08-06,0,22,"khroma",FALSE,22,7462,10227
"7779",2020-08-07,0,27,"khroma",FALSE,27,7489,10254
"7780",2020-08-08,0,16,"khroma",FALSE,16,7505,10270
"7781",2020-08-09,0,21,"khroma",FALSE,21,7526,10291
"7782",2020-08-10,0,32,"khroma",FALSE,32,7558,10323
"7783",2020-08-11,0,15,"khroma",FALSE,15,7573,10338
"7784",2020-08-12,6,31,"khroma",FALSE,25,7598,10369
"7785",2020-08-13,0,30,"khroma",FALSE,30,7628,10399
"7786",2020-08-14,0,21,"khroma",FALSE,21,7649,10420
"7787",2020-08-15,0,20,"khroma",FALSE,20,7669,10440
"7788",2020-08-16,0,12,"khroma",FALSE,12,7681,10452
"7789",2020-08-17,0,26,"khroma",FALSE,26,7707,10478
"7790",2020-08-18,0,21,"khroma",FALSE,21,7728,10499
"7791",2020-08-19,6,28,"khroma",FALSE,22,7750,10527
"7792",2020-08-20,0,18,"khroma",FALSE,18,7768,10545
"7793",2020-08-21,0,21,"khroma",FALSE,21,7789,10566
"7794",2020-08-22,0,14,"khroma",FALSE,14,7803,10580
"7795",2020-08-23,0,10,"khroma",FALSE,10,7813,10590
"7796",2020-08-24,0,17,"khroma",FALSE,17,7830,10607
"7797",2020-08-25,0,15,"khroma",FALSE,15,7845,10622
"7798",2020-08-26,6,27,"khroma",FALSE,21,7866,10649
"7799",2020-08-27,0,18,"khroma",FALSE,18,7884,10667
"7800",2020-08-28,0,13,"khroma",FALSE,13,7897,10680
"7801",2020-08-29,0,15,"khroma",FALSE,15,7912,10695
"7802",2020-08-30,0,15,"khroma",FALSE,15,7927,10710
"7803",2020-08-31,0,18,"khroma",FALSE,18,7945,10728
"7804",2020-09-01,0,25,"khroma",FALSE,25,7970,10753
"7805",2020-09-02,6,36,"khroma",FALSE,30,8000,10789
"7806",2020-09-03,0,20,"khroma",FALSE,20,8020,10809
"7807",2020-09-04,0,17,"khroma",FALSE,17,8037,10826
"7808",2020-09-05,0,25,"khroma",FALSE,25,8062,10851
"7809",2020-09-06,0,20,"khroma",FALSE,20,8082,10871
"7810",2020-09-07,0,27,"khroma",FALSE,27,8109,10898
"7811",2020-09-08,0,24,"khroma",FALSE,24,8133,10922
"7812",2020-09-09,5,37,"khroma",FALSE,32,8165,10959
"7813",2020-09-10,0,16,"khroma",FALSE,16,8181,10975
"7814",2020-09-11,0,28,"khroma",FALSE,28,8209,11003
"7815",2020-09-12,0,24,"khroma",FALSE,24,8233,11027
"7816",2020-09-13,0,19,"khroma",FALSE,19,8252,11046
"7817",2020-09-14,0,49,"khroma",FALSE,49,8301,11095
"7818",2020-09-15,0,22,"khroma",FALSE,22,8323,11117
"7819",2020-09-16,4,26,"khroma",FALSE,22,8345,11143
"7820",2020-09-17,0,33,"khroma",FALSE,33,8378,11176
"7821",2020-09-18,0,27,"khroma",FALSE,27,8405,11203
"7822",2020-09-19,0,16,"khroma",FALSE,16,8421,11219
"7823",2020-09-20,0,22,"khroma",FALSE,22,8443,11241
"7824",2020-09-21,0,22,"khroma",FALSE,22,8465,11263
"7825",2020-09-22,0,31,"khroma",FALSE,31,8496,11294
"7826",2020-09-23,6,40,"khroma",FALSE,34,8530,11334
"7827",2020-09-24,0,10,"khroma",FALSE,10,8540,11344
"7828",2020-09-25,0,22,"khroma",FALSE,22,8562,11366
"7829",2020-09-26,0,13,"khroma",FALSE,13,8575,11379
"7830",2020-09-27,0,17,"khroma",FALSE,17,8592,11396
"7831",2020-09-28,0,28,"khroma",FALSE,28,8620,11424
"7832",2020-09-29,0,23,"khroma",FALSE,23,8643,11447
"7833",2020-09-30,4,24,"khroma",FALSE,20,8663,11471
"7834",2020-10-01,1,28,"khroma",FALSE,27,8690,11499
"7835",2020-10-02,0,22,"khroma",FALSE,22,8712,11521
"7836",2020-10-03,0,16,"khroma",FALSE,16,8728,11537
"7837",2020-10-04,0,19,"khroma",FALSE,19,8747,11556
"7838",2020-10-05,0,32,"khroma",TRUE,2,8749,11588
"7839",2020-10-06,0,33,"khroma",FALSE,2,8751,11621
"7840",2020-10-07,4,61,"khroma",FALSE,57,8808,11682
"7841",2020-10-08,0,43,"khroma",FALSE,43,8851,11725
"7842",2020-10-09,0,39,"khroma",FALSE,39,8890,11764
"7843",2020-10-10,0,32,"khroma",FALSE,32,8922,11796
"7844",2020-10-11,0,35,"khroma",FALSE,35,8957,11831
"7845",2020-10-12,0,33,"khroma",FALSE,33,8990,11864
"7846",2020-10-13,0,32,"khroma",FALSE,32,9022,11896
"7847",2020-10-14,6,49,"khroma",FALSE,43,9065,11945
"7848",2020-10-15,0,36,"khroma",FALSE,36,9101,11981
"7849",2020-10-16,0,31,"khroma",FALSE,31,9132,12012
"7850",2020-10-17,0,3,"khroma",FALSE,3,9135,12015
"7851",2020-10-18,0,21,"khroma",FALSE,21,9156,12036
"7852",2020-10-19,0,31,"khroma",FALSE,31,9187,12067
"7853",2020-10-20,0,29,"khroma",FALSE,29,9216,12096
"7854",2020-10-21,6,36,"khroma",FALSE,30,9246,12132
"7855",2020-10-22,0,35,"khroma",FALSE,35,9281,12167
"7856",2020-10-23,0,22,"khroma",FALSE,22,9303,12189
"7857",2020-10-24,0,29,"khroma",FALSE,29,9332,12218
"7858",2020-10-25,0,16,"khroma",FALSE,16,9348,12234
"7859",2020-10-26,0,28,"khroma",FALSE,28,9376,12262
"7860",2020-10-27,0,31,"khroma",FALSE,31,9407,12293
"7861",2020-10-28,4,30,"khroma",FALSE,26,9433,12323
"7862",2020-10-29,0,34,"khroma",FALSE,34,9467,12357
"7863",2020-10-30,0,14,"khroma",FALSE,14,9481,12371
"7864",2020-10-31,0,20,"khroma",FALSE,20,9501,12391
"7865",2020-11-01,0,15,"khroma",FALSE,15,9516,12406
"7866",2020-11-02,0,9,"khroma",FALSE,9,9525,12415
"7867",2020-11-03,0,39,"khroma",FALSE,39,9564,12454
"7868",2020-11-04,2,21,"khroma",FALSE,19,9583,12475
"7869",2020-11-05,0,28,"khroma",FALSE,28,9611,12503
"7870",2020-11-06,0,26,"khroma",FALSE,26,9637,12529
"7871",2020-11-07,0,30,"khroma",FALSE,30,9667,12559
"7872",2020-11-08,0,16,"khroma",FALSE,16,9683,12575
"7873",2020-11-09,0,27,"khroma",FALSE,27,9710,12602
"7874",2020-11-10,0,45,"khroma",FALSE,45,9755,12647
"7875",2020-11-11,5,41,"khroma",FALSE,36,9791,12688
"7876",2020-11-12,0,56,"khroma",FALSE,56,9847,12744
"7877",2020-11-13,0,35,"khroma",FALSE,35,9882,12779
"7878",2020-11-14,0,22,"khroma",FALSE,22,9904,12801
"7879",2020-11-15,0,41,"khroma",FALSE,41,9945,12842
"7880",2020-11-16,0,22,"khroma",FALSE,22,9967,12864
"7881",2020-11-17,1,29,"khroma",FALSE,28,9995,12893
"7882",2020-11-18,6,39,"khroma",FALSE,33,10028,12932
"7883",2020-11-19,0,25,"khroma",FALSE,25,10053,12957
"7884",2020-11-20,0,18,"khroma",FALSE,18,10071,12975
"7885",2020-11-21,0,23,"khroma",FALSE,23,10094,12998
"7886",2020-11-22,0,19,"khroma",FALSE,19,10113,13017
"7887",2020-11-23,0,19,"khroma",FALSE,19,10132,13036
"7888",2020-11-24,0,21,"khroma",FALSE,21,10153,13057
"7889",2020-11-25,3,26,"khroma",FALSE,23,10176,13083
"7890",2020-11-26,0,16,"khroma",FALSE,16,10192,13099
"7891",2020-11-27,0,26,"khroma",FALSE,26,10218,13125
"7892",2020-11-28,0,21,"khroma",FALSE,21,10239,13146
"7893",2020-11-29,0,16,"khroma",FALSE,16,10255,13162
"7894",2020-11-30,0,17,"khroma",FALSE,17,10272,13179
"7895",2020-12-01,0,23,"khroma",FALSE,23,10295,13202
"7896",2020-12-02,6,41,"khroma",FALSE,35,10330,13243
"7897",2020-12-03,0,32,"khroma",FALSE,32,10362,13275
"7898",2020-12-04,0,37,"khroma",FALSE,37,10399,13312
"7899",2020-12-05,0,20,"khroma",FALSE,20,10419,13332
"7900",2020-12-06,0,17,"khroma",FALSE,17,10436,13349
"7901",2020-12-07,0,24,"khroma",FALSE,24,10460,13373
"7902",2020-12-08,0,28,"khroma",FALSE,28,10488,13401
"7903",2020-12-09,5,55,"khroma",FALSE,50,10538,13456
"7904",2020-12-10,1,33,"khroma",FALSE,32,10570,13489
"7905",2020-12-11,1,47,"khroma",FALSE,46,10616,13536
"7906",2020-12-12,0,29,"khroma",FALSE,29,10645,13565
"7907",2020-12-13,0,18,"khroma",FALSE,18,10663,13583
"7908",2020-12-14,0,23,"khroma",FALSE,23,10686,13606
"7909",2020-12-15,6,22,"khroma",FALSE,16,10702,13628
"7910",2020-12-16,8,28,"khroma",FALSE,20,10722,13656
"7911",2020-12-17,0,23,"khroma",FALSE,23,10745,13679
"7912",2020-12-18,0,20,"khroma",FALSE,20,10765,13699
"7913",2020-12-19,0,19,"khroma",FALSE,19,10784,13718
"7914",2020-12-20,0,15,"khroma",FALSE,15,10799,13733
"7915",2020-12-21,0,20,"khroma",FALSE,20,10819,13753
"7916",2020-12-22,0,36,"khroma",FALSE,36,10855,13789
"7917",2020-12-23,6,33,"khroma",FALSE,27,10882,13822
"7918",2020-12-24,1,18,"khroma",FALSE,17,10899,13840
"7919",2020-12-25,0,19,"khroma",FALSE,19,10918,13859
"7920",2020-12-26,0,13,"khroma",FALSE,13,10931,13872
"7921",2020-12-27,0,17,"khroma",FALSE,17,10948,13889
"7922",2020-12-28,0,23,"khroma",FALSE,23,10971,13912
"7923",2020-12-29,1,24,"khroma",FALSE,23,10994,13936
"7924",2020-12-30,5,32,"khroma",FALSE,27,11021,13968
"7925",2020-12-31,0,18,"khroma",FALSE,18,11039,13986
"7926",2021-01-01,0,21,"khroma",FALSE,21,11060,14007
"7927",2021-01-02,0,16,"khroma",FALSE,16,11076,14023
"7928",2021-01-03,0,30,"khroma",FALSE,30,11106,14053
"7929",2021-01-04,0,66,"khroma",FALSE,66,11172,14119
"7930",2021-01-05,0,17,"khroma",FALSE,17,11189,14136
"7931",2021-01-06,5,33,"khroma",FALSE,28,11217,14169
"7932",2021-01-07,0,23,"khroma",FALSE,23,11240,14192
"7933",2021-01-08,0,18,"khroma",FALSE,18,11258,14210
"7934",2021-01-09,0,18,"khroma",FALSE,18,11276,14228
"7935",2021-01-10,0,15,"khroma",FALSE,15,11291,14243
"7936",2021-01-11,0,23,"khroma",FALSE,23,11314,14266
"7937",2021-01-12,0,31,"khroma",FALSE,31,11345,14297
"7938",2021-01-13,5,31,"khroma",FALSE,26,11371,14328
"7939",2021-01-14,0,26,"khroma",FALSE,26,11397,14354
"7940",2021-01-15,0,22,"khroma",FALSE,22,11419,14376
"7941",2021-01-16,0,11,"khroma",FALSE,11,11430,14387
"7942",2021-01-17,0,13,"khroma",FALSE,13,11443,14400
"7943",2021-01-18,0,16,"khroma",FALSE,16,11459,14416
"7944",2021-01-19,0,23,"khroma",FALSE,23,11482,14439
"7945",2021-01-20,4,26,"khroma",FALSE,22,11504,14465
"7946",2021-01-21,0,20,"khroma",FALSE,20,11524,14485
"7947",2021-01-22,0,6,"khroma",FALSE,6,11530,14491
"7948",2021-01-23,0,19,"khroma",FALSE,19,11549,14510
"7949",2021-01-24,0,8,"khroma",FALSE,8,11557,14518
"7950",2021-01-25,0,21,"khroma",FALSE,21,11578,14539
"7951",2021-01-26,0,17,"khroma",FALSE,17,11595,14556
"7952",2021-01-27,4,34,"khroma",FALSE,30,11625,14590
"7953",2021-01-28,0,14,"khroma",FALSE,14,11639,14604
"7954",2021-01-29,0,25,"khroma",FALSE,25,11664,14629
"7955",2021-01-30,0,16,"khroma",FALSE,16,11680,14645
"7956",2021-01-31,0,19,"khroma",FALSE,19,11699,14664
"7957",2021-02-01,0,18,"khroma",FALSE,18,11717,14682
"7958",2021-02-02,0,22,"khroma",FALSE,22,11739,14704
"7959",2021-02-03,4,31,"khroma",FALSE,27,11766,14735
"7960",2021-02-04,0,21,"khroma",FALSE,21,11787,14756
"7961",2021-02-05,0,10,"khroma",FALSE,10,11797,14766
"7962",2021-02-06,0,22,"khroma",FALSE,22,11819,14788
"7963",2021-02-07,0,23,"khroma",FALSE,23,11842,14811
"7964",2021-02-08,0,16,"khroma",FALSE,16,11858,14827
"7965",2021-02-09,0,20,"khroma",FALSE,20,11878,14847
"7966",2021-02-10,6,35,"khroma",FALSE,29,11907,14882
"7967",2021-02-11,0,35,"khroma",FALSE,35,11942,14917
"7968",2021-02-12,0,24,"khroma",FALSE,24,11966,14941
"7969",2021-02-13,0,25,"khroma",FALSE,25,11991,14966
"7970",2021-02-14,0,12,"khroma",FALSE,12,12003,14978
"7971",2021-02-15,0,22,"khroma",FALSE,22,12025,15000
"7972",2021-02-16,0,17,"khroma",FALSE,17,12042,15017
"7973",2021-02-17,7,39,"khroma",FALSE,32,12074,15056
"7974",2021-02-18,0,40,"khroma",FALSE,40,12114,15096
"7975",2021-02-19,0,27,"khroma",FALSE,27,12141,15123
"7976",2021-02-20,0,27,"khroma",FALSE,27,12168,15150
"7977",2021-02-21,0,21,"khroma",FALSE,21,12189,15171
"7978",2021-02-22,0,41,"khroma",FALSE,41,12230,15212
"7979",2021-02-23,0,13,"khroma",FALSE,13,12243,15225
"7980",2021-02-24,7,52,"khroma",FALSE,45,12288,15277
"7981",2021-02-25,0,31,"khroma",FALSE,31,12319,15308
"7982",2021-02-26,2,37,"khroma",FALSE,35,12354,15345
"7983",2021-02-27,0,25,"khroma",FALSE,25,12379,15370
"7984",2021-02-28,0,14,"khroma",FALSE,14,12393,15384
"7985",2021-03-01,0,23,"khroma",FALSE,23,12416,15407
"7986",2021-03-02,0,27,"khroma",FALSE,27,12443,15434
"7987",2021-03-03,6,43,"khroma",FALSE,37,12480,15477
"7988",2021-03-04,0,29,"khroma",FALSE,29,12509,15506
"7989",2021-03-05,1,46,"khroma",FALSE,45,12554,15552
"7990",2021-03-06,0,23,"khroma",FALSE,23,12577,15575
"7991",2021-03-07,0,14,"khroma",FALSE,14,12591,15589
"7992",2021-03-08,0,28,"khroma",FALSE,28,12619,15617
"7993",2021-03-09,0,23,"khroma",FALSE,23,12642,15640
"7994",2021-03-10,6,49,"khroma",FALSE,43,12685,15689
"7995",2021-03-11,0,24,"khroma",FALSE,24,12709,15713
"7996",2021-03-12,0,21,"khroma",FALSE,21,12730,15734
"7997",2021-03-13,0,21,"khroma",FALSE,21,12751,15755
"7998",2021-03-14,0,18,"khroma",FALSE,18,12769,15773
"7999",2021-03-15,0,19,"khroma",FALSE,19,12788,15792
"8000",2021-03-16,0,18,"khroma",FALSE,18,12806,15810
"8001",2021-03-17,4,60,"khroma",TRUE,2,12808,15870
"8002",2021-03-18,0,47,"khroma",FALSE,2,12810,15917
"8003",2021-03-19,0,17,"khroma",FALSE,17,12827,15934
"8004",2021-03-20,0,34,"khroma",FALSE,34,12861,15968
"8005",2021-03-21,0,17,"khroma",FALSE,17,12878,15985
"8006",2021-03-22,0,46,"khroma",FALSE,46,12924,16031
"8007",2021-03-23,0,17,"khroma",FALSE,17,12941,16048
"8008",2021-03-24,5,61,"khroma",FALSE,56,12997,16109
"8009",2021-03-25,0,18,"khroma",FALSE,18,13015,16127
"8010",2021-03-26,0,39,"khroma",FALSE,39,13054,16166
"8011",2021-03-27,0,9,"khroma",FALSE,9,13063,16175
"8012",2021-03-28,0,23,"khroma",FALSE,23,13086,16198
"8013",2021-03-29,0,21,"khroma",FALSE,21,13107,16219
"8014",2021-03-30,0,23,"khroma",FALSE,23,13130,16242
"8015",2021-03-31,4,30,"khroma",FALSE,26,13156,16272
"8016",2021-04-01,0,21,"khroma",FALSE,21,13177,16293
"8017",2021-04-02,0,9,"khroma",FALSE,9,13186,16302
"8018",2021-04-03,0,19,"khroma",FALSE,19,13205,16321
"8019",2021-04-04,0,18,"khroma",FALSE,18,13223,16339
"8020",2021-04-05,0,20,"khroma",FALSE,20,13243,16359
"8021",2021-04-06,0,11,"khroma",FALSE,11,13254,16370
"8022",2021-04-07,5,40,"khroma",FALSE,35,13289,16410
"8023",2021-04-08,0,34,"khroma",FALSE,34,13323,16444
"8024",2021-04-09,0,17,"khroma",FALSE,17,13340,16461
"8025",2021-04-10,2,19,"khroma",FALSE,17,13357,16480
"8026",2021-04-11,0,18,"khroma",FALSE,18,13375,16498
"8027",2021-04-12,1,35,"khroma",FALSE,34,13409,16533
"8028",2021-04-13,0,12,"khroma",FALSE,12,13421,16545
"8029",2021-04-14,4,39,"khroma",FALSE,35,13456,16584
"8030",2021-04-15,0,17,"khroma",FALSE,17,13473,16601
"8031",2021-04-16,0,22,"khroma",FALSE,22,13495,16623
"8032",2021-04-17,1,15,"khroma",FALSE,14,13509,16638
"8033",2021-04-18,0,24,"khroma",FALSE,24,13533,16662
"8034",2021-04-19,0,18,"khroma",FALSE,18,13551,16680
"8035",2021-04-20,0,32,"khroma",FALSE,32,13583,16712
"8036",2021-04-21,2,30,"khroma",FALSE,28,13611,16742
"8037",2021-04-22,0,38,"khroma",FALSE,38,13649,16780
"8038",2021-04-23,0,45,"khroma",TRUE,2,13651,16825
"8039",2021-04-24,0,23,"khroma",FALSE,2,13653,16848
"8040",2021-04-25,0,14,"khroma",FALSE,14,13667,16862
"8041",2021-04-26,0,58,"khroma",FALSE,58,13725,16920
"8042",2021-04-27,0,40,"khroma",FALSE,40,13765,16960
"8043",2021-04-28,4,68,"khroma",FALSE,64,13829,17028
"8044",2021-04-29,0,20,"khroma",FALSE,20,13849,17048
"8045",2021-04-30,0,16,"khroma",FALSE,16,13865,17064
"8046",2021-05-01,0,34,"khroma",FALSE,34,13899,17098
"8047",2021-05-02,0,12,"khroma",FALSE,12,13911,17110
"8048",2021-05-03,0,31,"khroma",FALSE,31,13942,17141
"8049",2021-05-04,0,36,"khroma",FALSE,36,13978,17177
"8050",2021-05-05,2,24,"khroma",FALSE,22,14000,17201
"8051",2021-05-06,1,31,"khroma",FALSE,30,14030,17232
"8052",2021-05-07,0,14,"khroma",FALSE,14,14044,17246
"8053",2021-05-08,1,17,"khroma",FALSE,16,14060,17263
"8054",2021-05-09,0,13,"khroma",FALSE,13,14073,17276
"8055",2021-05-10,1,25,"khroma",FALSE,24,14097,17301
"8056",2021-05-11,0,31,"khroma",FALSE,31,14128,17332
"8057",2021-05-12,5,53,"khroma",FALSE,48,14176,17385
"8058",2021-05-13,0,17,"khroma",FALSE,17,14193,17402
"8059",2021-05-14,0,27,"khroma",FALSE,27,14220,17429
"8060",2021-05-15,0,19,"khroma",FALSE,19,14239,17448
"8061",2021-05-16,0,24,"khroma",FALSE,24,14263,17472
"8062",2021-05-17,0,33,"khroma",FALSE,33,14296,17505
"8063",2021-05-18,4,51,"khroma",FALSE,47,14343,17556
"8064",2021-05-19,3,28,"khroma",FALSE,25,14368,17584
"8065",2021-05-20,1,34,"khroma",FALSE,33,14401,17618
"8066",2021-05-21,0,28,"khroma",FALSE,28,14429,17646
"8067",2021-05-22,0,22,"khroma",FALSE,22,14451,17668
"8068",2021-05-23,0,17,"khroma",FALSE,17,14468,17685
"8069",2021-05-24,0,30,"khroma",FALSE,30,14498,17715
"8070",2021-05-25,0,36,"khroma",FALSE,36,14534,17751
"8071",2021-05-26,4,32,"khroma",FALSE,28,14562,17783
"8072",2021-05-27,0,15,"khroma",FALSE,15,14577,17798
"8073",2021-05-28,0,24,"khroma",FALSE,24,14601,17822
"8074",2021-05-29,0,11,"khroma",FALSE,11,14612,17833
"8075",2021-05-30,0,16,"khroma",FALSE,16,14628,17849
"8076",2021-05-31,0,12,"khroma",FALSE,12,14640,17861
"8077",2021-06-01,0,24,"khroma",FALSE,24,14664,17885
"8078",2021-06-02,2,31,"khroma",FALSE,29,14693,17916
"8079",2021-06-03,0,18,"khroma",FALSE,18,14711,17934
"8080",2021-06-04,0,8,"khroma",FALSE,8,14719,17942
"8081",2021-06-05,0,12,"khroma",FALSE,12,14731,17954
"8082",2021-06-06,0,15,"khroma",FALSE,15,14746,17969
"8083",2021-06-07,0,11,"khroma",FALSE,11,14757,17980
"8084",2021-06-08,0,23,"khroma",FALSE,23,14780,18003
"8085",2021-06-09,4,46,"khroma",FALSE,42,14822,18049
"8086",2021-06-10,0,14,"khroma",FALSE,14,14836,18063
"8087",2021-06-11,0,19,"khroma",FALSE,19,14855,18082
"8088",2021-06-12,0,13,"khroma",FALSE,13,14868,18095
"8089",2021-06-13,0,14,"khroma",FALSE,14,14882,18109
"8090",2021-06-14,0,24,"khroma",TRUE,2,14884,18133
"8091",2021-06-15,0,29,"khroma",FALSE,2,14886,18162
"8092",2021-06-16,4,58,"khroma",FALSE,54,14940,18220
"8093",2021-06-17,0,26,"khroma",FALSE,26,14966,18246
"8094",2021-06-18,0,46,"khroma",FALSE,46,15012,18292
"8095",2021-06-19,0,9,"khroma",FALSE,9,15021,18301
"8096",2021-06-20,0,50,"khroma",FALSE,50,15071,18351
"8097",2021-06-21,0,23,"khroma",FALSE,23,15094,18374
"8098",2021-06-22,4,62,"khroma",FALSE,58,15152,18436
"8099",2021-06-23,4,39,"khroma",FALSE,35,15187,18475
"8100",2021-06-24,0,73,"khroma",FALSE,73,15260,18548
"8101",2021-06-25,0,13,"khroma",FALSE,13,15273,18561
"8102",2021-06-26,0,25,"khroma",FALSE,25,15298,18586
"8103",2021-06-27,0,12,"khroma",FALSE,12,15310,18598
"8104",2021-06-28,0,59,"khroma",FALSE,59,15369,18657
"8105",2021-06-29,0,23,"khroma",FALSE,23,15392,18680
"8106",2021-06-30,4,52,"khroma",FALSE,48,15440,18732
"8107",2021-07-01,0,23,"khroma",FALSE,23,15463,18755
"8108",2021-07-02,0,27,"khroma",FALSE,27,15490,18782
"8109",2021-07-03,0,21,"khroma",FALSE,21,15511,18803
"8110",2021-07-04,0,16,"khroma",FALSE,16,15527,18819
"8111",2021-07-05,0,29,"khroma",FALSE,29,15556,18848
"8112",2021-07-06,1,26,"khroma",FALSE,25,15581,18874
"8113",2021-07-07,4,39,"khroma",FALSE,35,15616,18913
"8114",2021-07-08,0,27,"khroma",FALSE,27,15643,18940
"8115",2021-07-09,0,15,"khroma",FALSE,15,15658,18955
"8116",2021-07-10,0,20,"khroma",FALSE,20,15678,18975
"8117",2021-07-11,0,12,"khroma",FALSE,12,15690,18987
"8118",2021-07-12,0,31,"khroma",FALSE,31,15721,19018
"8119",2021-07-13,0,17,"khroma",FALSE,17,15738,19035
"8120",2021-07-14,8,42,"khroma",FALSE,34,15772,19077
"8121",2021-07-15,1,8,"khroma",FALSE,7,15779,19085
"8122",2021-07-16,0,17,"khroma",FALSE,17,15796,19102
"8123",2021-07-17,0,11,"khroma",FALSE,11,15807,19113
"8124",2021-07-18,0,20,"khroma",FALSE,20,15827,19133
"8125",2021-07-19,0,11,"khroma",FALSE,11,15838,19144
"8126",2021-07-20,0,25,"khroma",FALSE,25,15863,19169
"8127",2021-07-21,4,38,"khroma",FALSE,34,15897,19207
"8128",2021-07-22,0,23,"khroma",FALSE,23,15920,19230
"8129",2021-07-23,0,8,"khroma",FALSE,8,15928,19238
"8130",2021-07-24,0,22,"khroma",FALSE,22,15950,19260
"8131",2021-07-25,0,17,"khroma",FALSE,17,15967,19277
"8132",2021-07-26,0,29,"khroma",FALSE,29,15996,19306
"8133",2021-07-27,0,14,"khroma",FALSE,14,16010,19320
"8134",2021-07-28,5,53,"khroma",FALSE,48,16058,19373
"8135",2021-07-29,0,10,"khroma",FALSE,10,16068,19383
"8136",2021-07-30,0,19,"khroma",FALSE,19,16087,19402
"8137",2021-07-31,0,11,"khroma",FALSE,11,16098,19413
"8138",2021-08-01,0,19,"khroma",FALSE,19,16117,19432
"8139",2021-08-02,0,18,"khroma",FALSE,18,16135,19450
"8140",2021-08-03,0,45,"khroma",FALSE,45,16180,19495
"8141",2021-08-04,2,134,"khroma",FALSE,132,16312,19629
"8142",2021-08-05,0,22,"khroma",FALSE,22,16334,19651
"8143",2021-08-06,0,8,"khroma",FALSE,8,16342,19659
"8144",2021-08-07,0,18,"khroma",FALSE,18,16360,19677
"8145",2021-08-08,0,8,"khroma",FALSE,8,16368,19685
"8146",2021-08-09,4,40,"khroma",FALSE,36,16404,19725
"8147",2021-08-10,0,13,"khroma",FALSE,13,16417,19738
"8148",2021-08-11,6,45,"khroma",FALSE,39,16456,19783
"8149",2021-08-12,0,9,"khroma",FALSE,9,16465,19792
"8150",2021-08-13,0,27,"khroma",FALSE,27,16492,19819
"8151",2021-08-14,0,6,"khroma",FALSE,6,16498,19825
"8152",2021-08-15,0,21,"khroma",FALSE,21,16519,19846
"8153",2021-08-16,0,15,"khroma",FALSE,15,16534,19861
"8154",2021-08-17,0,9,"khroma",FALSE,9,16543,19870
"8155",2021-08-18,3,42,"khroma",FALSE,39,16582,19912
"8156",2021-08-19,0,32,"khroma",FALSE,32,16614,19944
"8157",2021-08-20,0,22,"khroma",FALSE,22,16636,19966
"8158",2021-08-21,0,7,"khroma",FALSE,7,16643,19973
"8159",2021-08-22,0,8,"khroma",FALSE,8,16651,19981
"8160",2021-08-23,0,62,"khroma",FALSE,62,16713,20043
"8161",2021-08-24,0,18,"khroma",FALSE,18,16731,20061
"8162",2021-08-25,4,50,"khroma",FALSE,46,16777,20111
"8163",2021-08-26,0,22,"khroma",FALSE,22,16799,20133
"8164",2021-08-27,0,21,"khroma",FALSE,21,16820,20154
"8165",2021-08-28,0,21,"khroma",FALSE,21,16841,20175
"8166",2021-08-29,0,4,"khroma",FALSE,4,16845,20179
"8167",2021-08-30,1,15,"khroma",FALSE,14,16859,20194
"8168",2021-08-31,1,32,"khroma",FALSE,31,16890,20226
"8169",2021-09-01,4,29,"khroma",FALSE,25,16915,20255
"8170",2021-09-02,0,25,"khroma",TRUE,2,16917,20280
"8171",2021-09-03,0,43,"khroma",FALSE,2,16919,20323
"8172",2021-09-04,0,10,"khroma",FALSE,10,16929,20333
"8173",2021-09-05,0,15,"khroma",FALSE,15,16944,20348
"8174",2021-09-06,0,70,"khroma",FALSE,70,17014,20418
"8175",2021-09-07,0,36,"khroma",FALSE,36,17050,20454
"8176",2021-09-08,2,37,"khroma",FALSE,35,17085,20491
"8177",2021-09-09,0,17,"khroma",FALSE,17,17102,20508
"8178",2021-09-10,0,54,"khroma",FALSE,54,17156,20562
"8179",2021-09-11,0,7,"khroma",FALSE,7,17163,20569
"8180",2021-09-12,0,31,"khroma",FALSE,31,17194,20600
"8181",2021-09-13,0,16,"khroma",FALSE,16,17210,20616
"8182",2021-09-14,0,34,"khroma",FALSE,34,17244,20650
"8183",2021-09-15,2,34,"khroma",FALSE,32,17276,20684
"8184",2021-09-16,1,38,"khroma",FALSE,37,17313,20722
"8185",2021-09-17,0,15,"khroma",FALSE,15,17328,20737
"8186",2021-09-18,0,25,"khroma",FALSE,25,17353,20762
"8187",2021-09-19,0,9,"khroma",FALSE,9,17362,20771
"8188",2021-09-20,0,32,"khroma",FALSE,32,17394,20803
"8189",2021-09-21,0,22,"khroma",FALSE,22,17416,20825
"8190",2021-09-22,4,43,"khroma",FALSE,39,17455,20868
"8191",2021-09-23,0,16,"khroma",FALSE,16,17471,20884
"8192",2021-09-24,0,38,"khroma",FALSE,38,17509,20922
"8193",2021-09-25,0,10,"khroma",FALSE,10,17519,20932
"8194",2021-09-26,0,21,"khroma",FALSE,21,17540,20953
"8195",2021-09-27,0,31,"khroma",FALSE,31,17571,20984
"8196",2021-09-28,0,34,"khroma",FALSE,34,17605,21018
"8197",2021-09-29,2,39,"khroma",FALSE,37,17642,21057
"8198",2021-09-30,0,34,"khroma",FALSE,34,17676,21091
"8199",2021-10-01,0,33,"khroma",FALSE,33,17709,21124
"8200",2021-10-02,0,25,"khroma",FALSE,25,17734,21149
"8201",2021-10-03,0,11,"khroma",FALSE,11,17745,21160
"8202",2021-10-04,0,37,"khroma",FALSE,37,17782,21197
"8203",2021-10-05,0,38,"khroma",FALSE,38,17820,21235
"8204",2021-10-06,2,41,"khroma",FALSE,39,17859,21276
"8205",2021-10-07,0,20,"khroma",FALSE,20,17879,21296
"8206",2021-10-08,0,22,"khroma",FALSE,22,17901,21318
"8207",2021-10-09,0,25,"khroma",FALSE,25,17926,21343
"8208",2021-10-10,0,6,"khroma",FALSE,6,17932,21349
"8209",2021-10-11,0,31,"khroma",FALSE,31,17963,21380
"8210",2021-10-12,0,23,"khroma",FALSE,23,17986,21403
"8211",2021-10-13,4,45,"khroma",FALSE,41,18027,21448
"8212",2021-10-14,0,18,"khroma",FALSE,18,18045,21466
"8213",2021-10-15,0,23,"khroma",FALSE,23,18068,21489
"8214",2021-10-16,0,9,"khroma",FALSE,9,18077,21498
"8215",2021-10-17,0,20,"khroma",FALSE,20,18097,21518
"8216",2021-10-18,0,20,"khroma",FALSE,20,18117,21538
"8217",2021-10-19,1,25,"khroma",FALSE,24,18141,21563
"8218",2021-10-20,4,38,"khroma",FALSE,34,18175,21601
"8219",2021-10-21,0,22,"khroma",FALSE,22,18197,21623
"8220",2021-10-22,0,19,"khroma",FALSE,19,18216,21642
"8221",2021-10-23,0,28,"khroma",FALSE,28,18244,21670
"8222",2021-10-24,0,14,"khroma",FALSE,14,18258,21684
"8223",2021-10-25,1,30,"khroma",FALSE,29,18287,21714
"8224",2021-10-26,0,56,"khroma",FALSE,56,18343,21770
"8225",2021-10-27,4,103,"khroma",FALSE,99,18442,21873
"8226",2021-10-28,0,27,"khroma",FALSE,27,18469,21900
"8227",2021-10-29,0,31,"khroma",FALSE,31,18500,21931
"8228",2021-10-30,0,7,"khroma",FALSE,7,18507,21938
"8229",2021-10-31,0,25,"khroma",FALSE,25,18532,21963
"8230",2021-11-01,0,33,"khroma",FALSE,33,18565,21996
"8231",2021-11-02,0,40,"khroma",FALSE,40,18605,22036
"8232",2021-11-03,2,42,"khroma",FALSE,40,18645,22078
"8233",2021-11-04,0,45,"khroma",FALSE,45,18690,22123
"8234",2021-11-05,0,37,"khroma",FALSE,37,18727,22160
"8235",2021-11-06,0,28,"khroma",FALSE,28,18755,22188
"8236",2021-11-07,0,37,"khroma",FALSE,37,18792,22225
"8237",2021-11-08,0,83,"khroma",FALSE,83,18875,22308
"8238",2021-11-09,0,76,"khroma",FALSE,76,18951,22384
"8239",2021-11-10,0,113,"khroma",FALSE,113,19064,22497
"8240",2021-11-11,0,60,"khroma",FALSE,60,19124,22557
"8241",2021-11-12,0,28,"khroma",FALSE,28,19152,22585
"8242",2021-11-13,0,31,"khroma",FALSE,31,19183,22616
"8243",2021-11-14,0,13,"khroma",FALSE,13,19196,22629
"8244",2021-11-15,0,30,"khroma",FALSE,30,19226,22659
"8245",2021-11-16,0,26,"khroma",FALSE,26,19252,22685
"8246",2021-11-17,0,40,"khroma",FALSE,40,19292,22725
"8247",2021-11-18,0,29,"khroma",FALSE,29,19321,22754
"8248",2021-11-19,0,28,"khroma",FALSE,28,19349,22782
"8249",2021-11-20,0,8,"khroma",FALSE,8,19357,22790
"8250",2021-11-21,8,69,"khroma",FALSE,61,19418,22859
"8251",2021-11-22,0,32,"khroma",FALSE,32,19450,22891
"8252",2021-11-23,0,37,"khroma",FALSE,37,19487,22928
"8253",2021-11-24,2,31,"khroma",FALSE,29,19516,22959
"8254",2021-11-25,0,40,"khroma",FALSE,40,19556,22999
"8255",2021-11-26,0,26,"khroma",FALSE,26,19582,23025
"8256",2021-11-27,0,15,"khroma",FALSE,15,19597,23040
"8257",2021-11-28,0,10,"khroma",FALSE,10,19607,23050
"8258",2021-11-29,0,33,"khroma",FALSE,33,19640,23083
"8259",2021-11-30,0,49,"khroma",FALSE,49,19689,23132
"8260",2021-12-01,4,48,"khroma",FALSE,44,19733,23180
"8261",2021-12-02,0,27,"khroma",FALSE,27,19760,23207
"8262",2021-12-03,0,33,"khroma",FALSE,33,19793,23240
"8263",2021-12-04,0,14,"khroma",FALSE,14,19807,23254
"8264",2021-12-05,0,6,"khroma",FALSE,6,19813,23260
"8265",2021-12-06,0,24,"khroma",FALSE,24,19837,23284
"8266",2021-12-07,0,27,"khroma",FALSE,27,19864,23311
"8267",2021-12-08,4,50,"khroma",FALSE,46,19910,23361
"8268",2021-12-09,0,56,"khroma",FALSE,56,19966,23417
"8269",2021-12-10,0,33,"khroma",FALSE,33,19999,23450
"8270",2021-12-11,0,27,"khroma",FALSE,27,20026,23477
"8271",2021-12-12,0,12,"khroma",FALSE,12,20038,23489
"8272",2021-12-13,1,37,"khroma",FALSE,36,20074,23526
"8273",2021-12-14,1,30,"khroma",FALSE,29,20103,23556
"8274",2021-12-15,4,53,"khroma",FALSE,49,20152,23609
"8275",2021-12-16,0,20,"khroma",FALSE,20,20172,23629
"8276",2021-12-17,0,45,"khroma",FALSE,45,20217,23674
"8277",2021-12-18,0,8,"khroma",FALSE,8,20225,23682
"8278",2021-12-19,0,17,"khroma",FALSE,17,20242,23699
"8279",2021-12-20,0,21,"khroma",FALSE,21,20263,23720
"8280",2021-12-21,0,34,"khroma",FALSE,34,20297,23754
"8281",2021-12-22,5,46,"khroma",FALSE,41,20338,23800
"8282",2021-12-23,0,16,"khroma",FALSE,16,20354,23816
"8283",2021-12-24,0,15,"khroma",FALSE,15,20369,23831
"8284",2021-12-25,0,4,"khroma",FALSE,4,20373,23835
"8285",2021-12-26,0,18,"khroma",FALSE,18,20391,23853
"8286",2021-12-27,0,6,"khroma",FALSE,6,20397,23859
"8287",2021-12-28,0,22,"khroma",FALSE,22,20419,23881
"8288",2021-12-29,4,36,"khroma",FALSE,32,20451,23917
"8289",2021-12-30,0,31,"khroma",FALSE,31,20482,23948
"8290",2021-12-31,0,11,"khroma",FALSE,11,20493,23959
"8291",2022-01-01,0,2,"khroma",FALSE,2,20495,23961
"8292",2022-01-02,0,8,"khroma",FALSE,8,20503,23969
"8293",2022-01-03,0,12,"khroma",FALSE,12,20515,23981
"8294",2022-01-04,0,17,"khroma",FALSE,17,20532,23998
"8295",2022-01-05,3,44,"khroma",FALSE,41,20573,24042
"8296",2022-01-06,0,14,"khroma",FALSE,14,20587,24056
"8297",2022-01-07,0,20,"khroma",FALSE,20,20607,24076
"8298",2022-01-08,0,3,"khroma",FALSE,3,20610,24079
"8299",2022-01-09,0,15,"khroma",FALSE,15,20625,24094
"8300",2022-01-10,0,16,"khroma",FALSE,16,20641,24110
"8301",2022-01-11,1,45,"khroma",FALSE,44,20685,24155
"8302",2022-01-12,2,145,"khroma",FALSE,143,20828,24300
"8303",2022-01-13,0,46,"khroma",FALSE,46,20874,24346
"8304",2022-01-14,0,39,"khroma",FALSE,39,20913,24385
"8305",2022-01-15,0,19,"khroma",FALSE,19,20932,24404
"8306",2022-01-16,0,11,"khroma",FALSE,11,20943,24415
"8307",2022-01-17,0,21,"khroma",FALSE,21,20964,24436
"8308",2022-01-18,0,26,"khroma",FALSE,26,20990,24462
"8309",2022-01-19,0,39,"khroma",FALSE,39,21029,24501
"8310",2022-01-20,0,50,"khroma",TRUE,2,21031,24551
"8311",2022-01-21,1,78,"khroma",FALSE,2,21033,24629
"8312",2022-01-22,0,53,"khroma",FALSE,53,21086,24682
"8313",2022-01-23,0,19,"khroma",FALSE,19,21105,24701
"8314",2022-01-24,0,84,"khroma",FALSE,84,21189,24785
"8315",2022-01-25,0,65,"khroma",FALSE,65,21254,24850
"8316",2022-01-26,0,63,"khroma",FALSE,63,21317,24913
"8317",2022-01-27,0,44,"khroma",FALSE,44,21361,24957
"8318",2022-01-28,0,28,"khroma",FALSE,28,21389,24985
"8319",2022-01-29,0,10,"khroma",FALSE,10,21399,24995
"8320",2022-01-30,0,30,"khroma",FALSE,30,21429,25025
"8321",2022-01-31,0,27,"khroma",FALSE,27,21456,25052
"8322",2022-02-01,0,51,"khroma",FALSE,51,21507,25103
"8323",2022-02-02,0,38,"khroma",FALSE,38,21545,25141
"8324",2022-02-03,0,17,"khroma",FALSE,17,21562,25158
"8325",2022-02-04,0,20,"khroma",FALSE,20,21582,25178
"8326",2022-02-05,0,9,"khroma",FALSE,9,21591,25187
"8327",2022-02-06,0,22,"khroma",FALSE,22,21613,25209
"8328",2022-02-07,0,23,"khroma",FALSE,23,21636,25232
"8329",2022-02-08,7,81,"khroma",FALSE,74,21710,25313
"8330",2022-02-09,4,56,"khroma",FALSE,52,21762,25369
"8331",2022-02-10,0,45,"khroma",FALSE,45,21807,25414
"8332",2022-02-11,0,14,"khroma",FALSE,14,21821,25428
"8333",2022-02-12,0,22,"khroma",FALSE,22,21843,25450
"8334",2022-02-13,0,2,"khroma",FALSE,2,21845,25452
"8335",2022-02-14,0,36,"khroma",FALSE,36,21881,25488
"8336",2022-02-15,0,18,"khroma",FALSE,18,21899,25506
"8337",2022-02-16,5,51,"khroma",FALSE,46,21945,25557
"8338",2022-02-17,0,24,"khroma",FALSE,24,21969,25581
"8339",2022-02-18,0,28,"khroma",FALSE,28,21997,25609
"8340",2022-02-19,0,11,"khroma",FALSE,11,22008,25620
"8341",2022-02-20,0,41,"khroma",FALSE,41,22049,25661
"8342",2022-02-21,0,69,"khroma",FALSE,69,22118,25730
"8343",2022-02-22,0,22,"khroma",FALSE,22,22140,25752
"8344",2022-02-23,6,59,"khroma",FALSE,53,22193,25811
"8345",2022-02-24,0,20,"khroma",FALSE,20,22213,25831
"8346",2022-02-25,0,37,"khroma",FALSE,37,22250,25868
"8347",2022-02-26,0,6,"khroma",FALSE,6,22256,25874
"8348",2022-02-27,0,18,"khroma",FALSE,18,22274,25892
"8349",2022-02-28,0,22,"khroma",FALSE,22,22296,25914
"8350",2022-03-01,0,37,"khroma",FALSE,37,22333,25951
"8351",2022-03-02,3,37,"khroma",FALSE,34,22367,25988
"8352",2022-03-03,0,36,"khroma",FALSE,36,22403,26024
"8353",2022-03-04,0,26,"khroma",FALSE,26,22429,26050
"8354",2022-03-05,0,20,"khroma",FALSE,20,22449,26070
"8355",2022-03-06,0,12,"khroma",FALSE,12,22461,26082
"8356",2022-03-07,0,46,"khroma",FALSE,46,22507,26128
"8357",2022-03-08,0,30,"khroma",FALSE,30,22537,26158
"8358",2022-03-09,6,58,"khroma",FALSE,52,22589,26216
"8359",2022-03-10,0,22,"khroma",FALSE,22,22611,26238
"8360",2022-03-11,0,39,"khroma",FALSE,39,22650,26277
"8361",2022-03-12,0,14,"khroma",FALSE,14,22664,26291
"8362",2022-03-13,0,20,"khroma",FALSE,20,22684,26311
"8363",2022-03-14,0,22,"khroma",FALSE,22,22706,26333
"8364",2022-03-15,0,33,"khroma",FALSE,33,22739,26366
"8365",2022-03-16,4,61,"khroma",FALSE,57,22796,26427
"8366",2022-03-17,0,44,"khroma",FALSE,44,22840,26471
"8367",2022-03-18,0,25,"khroma",FALSE,25,22865,26496
"8368",2022-03-19,0,19,"khroma",FALSE,19,22884,26515
"8369",2022-03-20,0,7,"khroma",FALSE,7,22891,26522
"8370",2022-03-21,0,30,"khroma",FALSE,30,22921,26552
"8371",2022-03-22,0,20,"khroma",FALSE,20,22941,26572
"8372",2022-03-23,6,61,"khroma",FALSE,55,22996,26633
"8373",2022-03-24,0,22,"khroma",FALSE,22,23018,26655
"8374",2022-03-25,0,22,"khroma",FALSE,22,23040,26677
"8375",2022-03-26,0,13,"khroma",FALSE,13,23053,26690
"8376",2022-03-27,0,15,"khroma",FALSE,15,23068,26705
"8377",2022-03-28,0,26,"khroma",FALSE,26,23094,26731
"8378",2022-03-29,0,30,"khroma",FALSE,30,23124,26761
"8379",2022-03-30,4,40,"khroma",FALSE,36,23160,26801
"8380",2022-03-31,0,29,"khroma",FALSE,29,23189,26830
"8381",2022-04-01,0,14,"khroma",FALSE,14,23203,26844
"8382",2022-04-02,0,20,"khroma",FALSE,20,23223,26864
"8383",2022-04-03,0,10,"khroma",FALSE,10,23233,26874
"8384",2022-04-04,0,29,"khroma",FALSE,29,23262,26903
"8385",2022-04-05,0,19,"khroma",FALSE,19,23281,26922
"8386",2022-04-06,6,79,"khroma",FALSE,73,23354,27001
"8387",2022-04-07,0,30,"khroma",FALSE,30,23384,27031
"8388",2022-04-08,0,19,"khroma",FALSE,19,23403,27050
"8389",2022-04-09,0,4,"khroma",FALSE,4,23407,27054
"8390",2022-04-10,0,13,"khroma",FALSE,13,23420,27067
"8391",2022-04-11,4,31,"khroma",FALSE,27,23447,27098
"8392",2022-04-12,0,8,"khroma",FALSE,8,23455,27106
"8393",2022-04-13,4,42,"khroma",FALSE,38,23493,27148
"8394",2022-04-14,0,16,"khroma",FALSE,16,23509,27164
"8395",2022-04-15,0,12,"khroma",FALSE,12,23521,27176
"8396",2022-04-16,0,22,"khroma",FALSE,22,23543,27198
"8397",2022-04-17,0,4,"khroma",FALSE,4,23547,27202
"8398",2022-04-18,0,39,"khroma",FALSE,39,23586,27241
"8399",2022-04-19,0,16,"khroma",FALSE,16,23602,27257
"8400",2022-04-20,5,54,"khroma",FALSE,49,23651,27311
"8401",2022-04-21,0,23,"khroma",FALSE,23,23674,27334
"8402",2022-04-22,0,29,"khroma",FALSE,29,23703,27363
"8403",2022-04-23,0,12,"khroma",FALSE,12,23715,27375
"8404",2022-04-24,0,8,"khroma",FALSE,8,23723,27383
"8405",2022-04-25,0,29,"khroma",FALSE,29,23752,27412
"8406",2022-04-26,0,21,"khroma",FALSE,21,23773,27433
"8407",2022-04-27,5,60,"khroma",FALSE,55,23828,27493
"8408",2022-04-28,0,17,"khroma",FALSE,17,23845,27510
"8409",2022-04-29,0,29,"khroma",FALSE,29,23874,27539
"8410",2022-04-30,0,21,"khroma",FALSE,21,23895,27560
"8411",2022-05-01,0,8,"khroma",FALSE,8,23903,27568
"8412",2022-05-02,0,26,"khroma",FALSE,26,23929,27594
"8413",2022-05-03,0,26,"khroma",FALSE,26,23955,27620
"8414",2022-05-04,6,55,"khroma",FALSE,49,24004,27675
"8415",2022-05-05,0,18,"khroma",FALSE,18,24022,27693
"8416",2022-05-06,0,26,"khroma",FALSE,26,24048,27719
"8417",2022-05-07,0,14,"khroma",FALSE,14,24062,27733
"8418",2022-05-08,0,20,"khroma",FALSE,20,24082,27753
"8419",2022-05-09,0,33,"khroma",FALSE,33,24115,27786
"8420",2022-05-10,0,32,"khroma",FALSE,32,24147,27818
"8421",2022-05-11,2,37,"khroma",FALSE,35,24182,27855
"8422",2022-05-12,0,29,"khroma",FALSE,29,24211,27884
"8423",2022-05-13,0,13,"khroma",FALSE,13,24224,27897
"8424",2022-05-14,0,16,"khroma",FALSE,16,24240,27913
"8425",2022-05-15,0,5,"khroma",FALSE,5,24245,27918
"8426",2022-05-16,0,32,"khroma",FALSE,32,24277,27950
"8427",2022-05-17,0,32,"khroma",FALSE,32,24309,27982
"8428",2022-05-18,3,47,"khroma",FALSE,44,24353,28029
"8429",2022-05-19,0,27,"khroma",FALSE,27,24380,28056
"8430",2022-05-20,0,16,"khroma",FALSE,16,24396,28072
"8431",2022-05-21,0,1,"khroma",FALSE,1,24397,28073
"8432",2022-05-22,0,17,"khroma",FALSE,17,24414,28090
"8433",2022-05-23,0,14,"khroma",FALSE,14,24428,28104
"8434",2022-05-24,0,23,"khroma",FALSE,23,24451,28127
"8435",2022-05-25,6,52,"khroma",FALSE,46,24497,28179
"8436",2022-05-26,0,18,"khroma",FALSE,18,24515,28197
"8437",2022-05-27,0,27,"khroma",FALSE,27,24542,28224
"8438",2022-05-28,0,6,"khroma",FALSE,6,24548,28230
"8439",2022-05-29,0,16,"khroma",FALSE,16,24564,28246
"8440",2022-05-30,0,25,"khroma",FALSE,25,24589,28271
"8441",2022-05-31,0,37,"khroma",FALSE,37,24626,28308
"8442",2022-06-01,2,46,"khroma",FALSE,44,24670,28354
"8443",2022-06-02,0,18,"khroma",FALSE,18,24688,28372
"8444",2022-06-03,0,21,"khroma",FALSE,21,24709,28393
"8445",2022-06-04,0,16,"khroma",FALSE,16,24725,28409
"8446",2022-06-05,0,4,"khroma",FALSE,4,24729,28413
"8447",2022-06-06,0,25,"khroma",FALSE,25,24754,28438
"8448",2022-06-07,0,20,"khroma",FALSE,20,24774,28458
"8449",2022-06-08,5,53,"khroma",FALSE,48,24822,28511
"8450",2022-06-09,0,25,"khroma",FALSE,25,24847,28536
"8451",2022-06-10,0,16,"khroma",FALSE,16,24863,28552
"8452",2022-06-11,0,14,"khroma",FALSE,14,24877,28566
"8453",2022-06-12,0,5,"khroma",FALSE,5,24882,28571
"8454",2022-06-13,0,31,"khroma",FALSE,31,24913,28602
"8455",2022-06-14,4,51,"khroma",FALSE,47,24960,28653
"8456",2022-06-15,4,55,"khroma",FALSE,51,25011,28708
"8457",2022-06-16,0,24,"khroma",FALSE,24,25035,28732
"8458",2022-06-17,0,19,"khroma",FALSE,19,25054,28751
"8459",2022-06-18,0,24,"khroma",TRUE,2,25056,28775
"8460",2022-06-19,0,28,"khroma",FALSE,2,25058,28803
"8461",2022-06-20,0,45,"khroma",FALSE,45,25103,28848
"8462",2022-06-21,0,23,"khroma",FALSE,23,25126,28871
"8463",2022-06-22,1,40,"khroma",FALSE,39,25165,28911
"8464",2022-06-23,0,22,"khroma",FALSE,22,25187,28933
"8465",2022-06-24,0,73,"khroma",FALSE,73,25260,29006
"8466",2022-06-25,0,15,"khroma",FALSE,15,25275,29021
"8467",2022-06-26,0,13,"khroma",FALSE,13,25288,29034
"8468",2022-06-27,0,33,"khroma",FALSE,33,25321,29067
"8469",2022-06-28,0,40,"khroma",FALSE,40,25361,29107
"8470",2022-06-29,2,59,"khroma",FALSE,57,25418,29166
"8471",2022-06-30,0,42,"khroma",FALSE,42,25460,29208
"8472",2022-07-01,0,33,"khroma",FALSE,33,25493,29241
"8473",2022-07-02,0,7,"khroma",FALSE,7,25500,29248
"8474",2022-07-03,0,47,"khroma",FALSE,47,25547,29295
"8475",2022-07-04,0,23,"khroma",FALSE,23,25570,29318
"8476",2022-07-05,0,26,"khroma",FALSE,26,25596,29344
"8477",2022-07-06,6,63,"khroma",FALSE,57,25653,29407
"8478",2022-07-07,0,18,"khroma",FALSE,18,25671,29425
"8479",2022-07-08,0,20,"khroma",FALSE,20,25691,29445
"8480",2022-07-09,0,28,"khroma",FALSE,28,25719,29473
"8481",2022-07-10,0,8,"khroma",FALSE,8,25727,29481
"8482",2022-07-11,0,34,"khroma",FALSE,34,25761,29515
"8483",2022-07-12,0,24,"khroma",FALSE,24,25785,29539
"8484",2022-07-13,2,47,"khroma",FALSE,45,25830,29586
"8485",2022-07-14,0,23,"khroma",FALSE,23,25853,29609
"8486",2022-07-15,0,29,"khroma",FALSE,29,25882,29638
"8487",2022-07-16,0,18,"khroma",FALSE,18,25900,29656
"8488",2022-07-17,0,17,"khroma",FALSE,17,25917,29673
"8489",2022-07-18,0,33,"khroma",FALSE,33,25950,29706
"8490",2022-07-19,0,22,"khroma",FALSE,22,25972,29728
"8491",2022-07-20,2,43,"khroma",FALSE,41,26013,29771
"8492",2022-07-21,0,31,"khroma",FALSE,31,26044,29802
"8493",2022-07-22,0,21,"khroma",FALSE,21,26065,29823
"8494",2022-07-23,0,11,"khroma",FALSE,11,26076,29834
"8495",2022-07-24,0,21,"khroma",FALSE,21,26097,29855
"8496",2022-07-25,0,18,"khroma",FALSE,18,26115,29873
"8497",2022-07-26,0,16,"khroma",FALSE,16,26131,29889
"8498",2022-07-27,5,69,"khroma",FALSE,64,26195,29958
"8499",2022-07-28,0,20,"khroma",FALSE,20,26215,29978
"8500",2022-07-29,0,20,"khroma",FALSE,20,26235,29998
"8501",2022-07-30,0,25,"khroma",FALSE,25,26260,30023
"8502",2022-07-31,0,33,"khroma",FALSE,33,26293,30056
"8503",2022-08-01,0,7,"khroma",FALSE,7,26300,30063
"8504",2022-08-02,0,16,"khroma",FALSE,16,26316,30079
"8505",2022-08-03,5,50,"khroma",FALSE,45,26361,30129
"8506",2022-08-04,0,14,"khroma",FALSE,14,26375,30143
"8507",2022-08-05,0,19,"khroma",FALSE,19,26394,30162
"8508",2022-08-06,0,23,"khroma",FALSE,23,26417,30185
"8509",2022-08-07,0,8,"khroma",FALSE,8,26425,30193
"8510",2022-08-08,0,30,"khroma",FALSE,30,26455,30223
"8511",2022-08-09,0,31,"khroma",FALSE,31,26486,30254
"8512",2022-08-10,0,31,"khroma",FALSE,31,26517,30285
"8513",2022-08-11,1,26,"khroma",FALSE,25,26542,30311
"8514",2022-08-12,0,30,"khroma",FALSE,30,26572,30341
"8515",2022-08-13,0,11,"khroma",FALSE,11,26583,30352
"8516",2022-08-14,0,10,"khroma",FALSE,10,26593,30362
"8517",2022-08-15,0,26,"khroma",FALSE,26,26619,30388
"8518",2022-08-16,0,19,"khroma",FALSE,19,26638,30407
"8519",2022-08-17,4,43,"khroma",FALSE,39,26677,30450
"8520",2022-08-18,0,24,"khroma",FALSE,24,26701,30474
"8521",2022-08-19,0,13,"khroma",FALSE,13,26714,30487
"8522",2022-08-20,0,6,"khroma",FALSE,6,26720,30493
"8523",2022-08-21,0,17,"khroma",FALSE,17,26737,30510
"8524",2022-08-22,0,13,"khroma",FALSE,13,26750,30523
"8525",2022-08-23,0,29,"khroma",FALSE,29,26779,30552
"8526",2022-08-24,7,56,"khroma",FALSE,49,26828,30608
"8527",2022-08-25,0,18,"khroma",FALSE,18,26846,30626
"8528",2022-08-26,0,9,"khroma",FALSE,9,26855,30635
"8529",2022-08-27,0,18,"khroma",FALSE,18,26873,30653
"8530",2022-08-28,0,9,"khroma",FALSE,9,26882,30662
"8531",2022-08-29,0,17,"khroma",FALSE,17,26899,30679
"8532",2022-08-30,0,32,"khroma",FALSE,32,26931,30711
"8533",2022-08-31,2,44,"khroma",FALSE,42,26973,30755
"8534",2022-09-01,0,19,"khroma",FALSE,19,26992,30774
"8535",2022-09-02,0,31,"khroma",FALSE,31,27023,30805
"8536",2022-09-03,0,5,"khroma",FALSE,5,27028,30810
"8537",2022-09-04,0,1,"khroma",FALSE,1,27029,30811
"8538",2022-09-05,0,29,"khroma",FALSE,29,27058,30840
"8539",2022-09-06,0,20,"khroma",FALSE,20,27078,30860
"8540",2022-09-07,0,29,"khroma",FALSE,29,27107,30889
"8541",2022-09-08,4,63,"khroma",FALSE,59,27166,30952
"8542",2022-09-09,0,9,"khroma",FALSE,9,27175,30961
"8543",2022-09-10,0,11,"khroma",FALSE,11,27186,30972
"8544",2022-09-11,0,27,"khroma",FALSE,27,27213,30999
"8545",2022-09-12,0,22,"khroma",FALSE,22,27235,31021
"8546",2022-09-13,0,26,"khroma",FALSE,26,27261,31047
"8547",2022-09-14,5,63,"khroma",FALSE,58,27319,31110
"8548",2022-09-15,0,11,"khroma",FALSE,11,27330,31121
"8549",2022-09-16,0,27,"khroma",FALSE,27,27357,31148
"8550",2022-09-17,0,20,"khroma",FALSE,20,27377,31168
"8551",2022-09-18,0,8,"khroma",FALSE,8,27385,31176
"8552",2022-09-19,0,28,"khroma",FALSE,28,27413,31204
"8553",2022-09-20,0,33,"khroma",FALSE,33,27446,31237
"8554",2022-09-21,0,17,"khroma",FALSE,17,27463,31254
"8555",2022-09-22,0,27,"khroma",FALSE,27,27490,31281
"8556",2022-09-23,0,41,"khroma",FALSE,41,27531,31322
"8557",2022-09-24,0,7,"khroma",FALSE,7,27538,31329
"8558",2022-09-25,0,11,"khroma",FALSE,11,27549,31340
"8559",2022-09-26,0,29,"khroma",FALSE,29,27578,31369
"8560",2022-09-27,0,24,"khroma",FALSE,24,27602,31393
"8561",2022-09-28,0,19,"khroma",FALSE,19,27621,31412
"8562",2022-09-29,0,25,"khroma",FALSE,25,27646,31437
"8563",2022-09-30,0,26,"khroma",FALSE,26,27672,31463
"8564",2022-10-01,0,2,"khroma",FALSE,2,27674,31465
"8565",2022-10-02,0,17,"khroma",FALSE,17,27691,31482
"8566",2022-10-03,0,21,"khroma",FALSE,21,27712,31503
"8567",2022-10-04,0,23,"khroma",FALSE,23,27735,31526
"8568",2022-10-05,0,55,"khroma",FALSE,55,27790,31581
"8569",2022-10-06,0,17,"khroma",FALSE,17,27807,31598
"8570",2022-10-07,0,21,"khroma",FALSE,21,27828,31619
"8571",2022-10-08,0,19,"khroma",FALSE,19,27847,31638
"8572",2022-10-09,0,12,"khroma",FALSE,12,27859,31650
"8573",2022-10-10,0,23,"khroma",FALSE,23,27882,31673
"8574",2022-10-11,0,29,"khroma",FALSE,29,27911,31702
"8575",2022-10-12,0,61,"khroma",FALSE,61,27972,31763
"8576",2022-10-13,0,17,"khroma",FALSE,17,27989,31780
"8577",2022-10-14,0,21,"khroma",FALSE,21,28010,31801
"8578",2022-10-15,0,22,"khroma",FALSE,22,28032,31823
"8579",2022-10-16,0,9,"khroma",FALSE,9,28041,31832
"8580",2022-10-17,0,58,"khroma",FALSE,58,28099,31890
"8581",2022-10-18,0,40,"khroma",FALSE,40,28139,31930
"8582",2022-10-19,0,32,"khroma",FALSE,32,28171,31962
"8583",2022-10-20,0,36,"khroma",FALSE,36,28207,31998
"8584",2022-10-21,0,28,"khroma",FALSE,28,28235,32026
"8585",2022-10-22,0,17,"khroma",FALSE,17,28252,32043
"8586",2022-10-23,0,26,"khroma",FALSE,26,28278,32069
"8587",2022-10-24,0,38,"khroma",FALSE,38,28316,32107
"8588",2022-10-25,0,29,"khroma",FALSE,29,28345,32136
"8589",2022-10-26,0,41,"khroma",FALSE,41,28386,32177
"8590",2022-10-27,0,19,"khroma",FALSE,19,28405,32196
"8591",2022-10-28,0,36,"khroma",FALSE,36,28441,32232
"8592",2022-10-29,0,12,"khroma",FALSE,12,28453,32244
"8593",2022-10-30,0,21,"khroma",FALSE,21,28474,32265
"8594",2022-10-31,0,16,"khroma",FALSE,16,28490,32281
"8595",2022-11-01,0,33,"khroma",FALSE,33,28523,32314
"8596",2022-11-02,0,63,"khroma",FALSE,63,28586,32377
"8597",2022-11-03,0,47,"khroma",FALSE,47,28633,32424
"8598",2022-11-04,0,29,"khroma",FALSE,29,28662,32453
"8599",2022-11-05,0,21,"khroma",FALSE,21,28683,32474
"8600",2022-11-06,0,11,"khroma",FALSE,11,28694,32485
"8601",2022-11-07,0,48,"khroma",FALSE,48,28742,32533
"8602",2022-11-08,0,24,"khroma",FALSE,24,28766,32557
"8603",2022-11-09,0,37,"khroma",FALSE,37,28803,32594
"8604",2022-11-10,0,36,"khroma",FALSE,36,28839,32630
"8605",2022-11-11,0,15,"khroma",FALSE,15,28854,32645
"8606",2022-11-12,0,32,"khroma",FALSE,32,28886,32677
"8607",2022-11-13,0,8,"khroma",FALSE,8,28894,32685
"8608",2022-11-14,0,37,"khroma",FALSE,37,28931,32722
"8609",2022-11-15,0,16,"khroma",FALSE,16,28947,32738
"8610",2022-11-16,0,27,"khroma",FALSE,27,28974,32765
"8611",2022-11-17,0,36,"khroma",FALSE,36,29010,32801
"8612",2022-11-18,6,62,"khroma",FALSE,56,29066,32863
"8613",2022-11-19,0,10,"khroma",FALSE,10,29076,32873
"8614",2022-11-20,0,8,"khroma",FALSE,8,29084,32881
"8615",2022-11-21,0,19,"khroma",FALSE,19,29103,32900
"8616",2022-11-22,0,31,"khroma",FALSE,31,29134,32931
"8617",2022-11-23,0,21,"khroma",FALSE,21,29155,32952
"8618",2022-11-24,0,19,"khroma",FALSE,19,29174,32971
"8619",2022-11-25,0,22,"khroma",FALSE,22,29196,32993
"8620",2022-11-26,0,27,"khroma",FALSE,27,29223,33020
"8621",2022-11-27,0,23,"khroma",FALSE,23,29246,33043
"8622",2022-11-28,1,26,"khroma",FALSE,25,29271,33069
"8623",2022-11-29,0,26,"khroma",FALSE,26,29297,33095
"8624",2022-11-30,0,35,"khroma",FALSE,35,29332,33130
"8625",2022-12-01,0,16,"khroma",FALSE,16,29348,33146
"8626",2022-12-02,0,25,"khroma",FALSE,25,29373,33171
"8627",2022-12-03,0,5,"khroma",FALSE,5,29378,33176
"8628",2022-12-04,0,12,"khroma",FALSE,12,29390,33188
"8629",2022-12-05,0,17,"khroma",FALSE,17,29407,33205
"8630",2022-12-06,0,16,"khroma",FALSE,16,29423,33221
"8631",2022-12-07,0,21,"khroma",FALSE,21,29444,33242
"8632",2022-12-08,0,20,"khroma",FALSE,20,29464,33262
"8633",2022-12-09,0,14,"khroma",FALSE,14,29478,33276
"8634",2022-12-10,0,3,"khroma",FALSE,3,29481,33279
"8635",2022-12-11,0,7,"khroma",FALSE,7,29488,33286
"8636",2022-12-12,0,23,"khroma",FALSE,23,29511,33309
"8637",2022-12-13,0,28,"khroma",FALSE,28,29539,33337
"8638",2022-12-14,0,14,"khroma",FALSE,14,29553,33351
"8639",2022-12-15,0,19,"khroma",FALSE,19,29572,33370
"8640",2022-12-16,4,35,"khroma",FALSE,31,29603,33405
"8641",2022-12-17,0,5,"khroma",FALSE,5,29608,33410
"8642",2022-12-18,0,8,"khroma",FALSE,8,29616,33418
"8643",2022-12-19,0,13,"khroma",FALSE,13,29629,33431
"8644",2022-12-20,0,14,"khroma",FALSE,14,29643,33445
"8645",2022-12-21,0,32,"khroma",FALSE,32,29675,33477
"8646",2022-12-22,0,17,"khroma",FALSE,17,29692,33494
"8647",2022-12-23,0,23,"khroma",FALSE,23,29715,33517
"8648",2022-12-24,0,45,"khroma",FALSE,45,29760,33562
"8649",2022-12-25,0,7,"khroma",FALSE,7,29767,33569
"8650",2022-12-26,0,9,"khroma",FALSE,9,29776,33578
"8651",2022-12-27,0,9,"khroma",FALSE,9,29785,33587
"8652",2022-12-28,0,12,"khroma",FALSE,12,29797,33599
"8653",2022-12-29,0,7,"khroma",FALSE,7,29804,33606
"8654",2022-12-30,0,13,"khroma",FALSE,13,29817,33619
"8655",2022-12-31,0,1,"khroma",FALSE,1,29818,33620
"8656",2023-01-01,0,3,"khroma",FALSE,3,29821,33623
"8657",2023-01-02,0,20,"khroma",FALSE,20,29841,33643
"8658",2023-01-03,0,20,"khroma",FALSE,20,29861,33663
"8659",2023-01-04,0,10,"khroma",FALSE,10,29871,33673
"8660",2023-01-05,0,19,"khroma",FALSE,19,29890,33692
"8661",2023-01-06,0,15,"khroma",FALSE,15,29905,33707
"8662",2023-01-07,0,13,"khroma",FALSE,13,29918,33720
"8663",2023-01-08,0,14,"khroma",FALSE,14,29932,33734
"8664",2023-01-09,0,18,"khroma",FALSE,18,29950,33752
"8665",2023-01-10,0,13,"khroma",FALSE,13,29963,33765
"8666",2023-01-11,0,30,"khroma",FALSE,30,29993,33795
"8667",2023-01-12,0,14,"khroma",FALSE,14,30007,33809
"8668",2023-01-13,0,32,"khroma",FALSE,32,30039,33841
"8669",2023-01-14,0,6,"khroma",FALSE,6,30045,33847
"8670",2023-01-15,0,9,"khroma",FALSE,9,30054,33856
"8671",2023-01-16,0,7,"khroma",FALSE,7,30061,33863
"8672",2023-01-17,4,51,"khroma",FALSE,47,30108,33914
"8673",2023-01-18,2,53,"khroma",FALSE,51,30159,33967
"8674",2023-01-19,0,30,"khroma",FALSE,30,30189,33997
"8675",2023-01-20,0,15,"khroma",FALSE,15,30204,34012
"8676",2023-01-21,0,10,"khroma",FALSE,10,30214,34022
"8677",2023-01-22,0,11,"khroma",FALSE,11,30225,34033
"8678",2023-01-23,0,15,"khroma",FALSE,15,30240,34048
"8679",2023-01-24,0,28,"khroma",FALSE,28,30268,34076
"8680",2023-01-25,0,18,"khroma",FALSE,18,30286,34094
"8681",2023-01-26,0,54,"khroma",FALSE,54,30340,34148
"8682",2023-01-27,0,33,"khroma",FALSE,33,30373,34181
"8683",2023-01-28,0,4,"khroma",FALSE,4,30377,34185
"8684",2023-01-29,0,16,"khroma",FALSE,16,30393,34201
"8685",2023-01-30,0,23,"khroma",FALSE,23,30416,34224
"8686",2023-01-31,0,23,"khroma",FALSE,23,30439,34247
"8687",2023-02-01,0,55,"khroma",FALSE,55,30494,34302
"8688",2023-02-02,5,69,"khroma",FALSE,64,30558,34371
"8689",2023-02-03,0,31,"khroma",FALSE,31,30589,34402
"8690",2023-02-04,0,9,"khroma",FALSE,9,30598,34411
"8691",2023-02-05,0,4,"khroma",FALSE,4,30602,34415
"8692",2023-02-06,0,31,"khroma",FALSE,31,30633,34446
"8693",2023-02-07,0,30,"khroma",FALSE,30,30663,34476
"8694",2023-02-08,0,22,"khroma",FALSE,22,30685,34498
"8695",2023-02-09,0,40,"khroma",FALSE,40,30725,34538
"8696",2023-02-10,0,16,"khroma",FALSE,16,30741,34554
"8697",2023-02-11,0,8,"khroma",FALSE,8,30749,34562
"8698",2023-02-12,0,8,"khroma",FALSE,8,30757,34570
"8699",2023-02-13,0,14,"khroma",FALSE,14,30771,34584
"8700",2023-02-14,0,36,"khroma",FALSE,36,30807,34620
"8701",2023-02-15,0,30,"khroma",FALSE,30,30837,34650
"8702",2023-02-16,0,20,"khroma",FALSE,20,30857,34670
"8703",2023-02-17,0,30,"khroma",FALSE,30,30887,34700
"8704",2023-02-18,0,6,"khroma",FALSE,6,30893,34706
"8705",2023-02-19,2,20,"khroma",FALSE,18,30911,34726
"8706",2023-02-20,0,13,"khroma",FALSE,13,30924,34739
"8707",2023-02-21,0,16,"khroma",FALSE,16,30940,34755
"8708",2023-02-22,0,33,"khroma",FALSE,33,30973,34788
"8709",2023-02-23,1,26,"khroma",FALSE,25,30998,34814
"8710",2023-02-24,0,17,"khroma",FALSE,17,31015,34831
"8711",2023-02-25,0,2,"khroma",FALSE,2,31017,34833
"8712",2023-02-26,0,7,"khroma",FALSE,7,31024,34840
"8713",2023-02-27,0,26,"khroma",FALSE,26,31050,34866
"8714",2023-02-28,0,12,"khroma",FALSE,12,31062,34878
"8715",2023-03-01,0,33,"khroma",FALSE,33,31095,34911
"8716",2023-03-02,0,17,"khroma",FALSE,17,31112,34928
"8717",2023-03-03,0,31,"khroma",FALSE,31,31143,34959
"8718",2023-03-04,0,7,"khroma",FALSE,7,31150,34966
"8719",2023-03-05,0,13,"khroma",FALSE,13,31163,34979
"8720",2023-03-06,0,21,"khroma",FALSE,21,31184,35000
"8721",2023-03-07,0,16,"khroma",FALSE,16,31200,35016
"8722",2023-03-08,0,20,"khroma",FALSE,20,31220,35036
"8723",2023-03-09,3,88,"khroma",FALSE,85,31305,35124
"8724",2023-03-10,2,42,"khroma",FALSE,40,31345,35166
"8725",2023-03-11,0,6,"khroma",FALSE,6,31351,35172
"8726",2023-03-12,0,8,"khroma",FALSE,8,31359,35180
"8727",2023-03-13,0,19,"khroma",FALSE,19,31378,35199
"8728",2023-03-14,0,18,"khroma",FALSE,18,31396,35217
"8729",2023-03-15,5,43,"khroma",FALSE,38,31434,35260
"8730",2023-03-16,1,49,"khroma",FALSE,48,31482,35309
"8731",2023-03-17,0,13,"khroma",FALSE,13,31495,35322
"8732",2023-03-18,2,35,"khroma",FALSE,33,31528,35357
"8733",2023-03-19,0,13,"khroma",FALSE,13,31541,35370
"8734",2023-03-20,0,47,"khroma",FALSE,47,31588,35417
"8735",2023-03-21,0,30,"khroma",FALSE,30,31618,35447
"8736",2023-03-22,2,48,"khroma",FALSE,46,31664,35495
"8737",2023-03-23,0,16,"khroma",FALSE,16,31680,35511
"8738",2023-03-24,0,26,"khroma",FALSE,26,31706,35537
"8739",2023-03-25,0,14,"khroma",FALSE,14,31720,35551
"8740",2023-03-26,0,27,"khroma",FALSE,27,31747,35578
"8741",2023-03-27,0,33,"khroma",FALSE,33,31780,35611
"8742",2023-03-28,0,24,"khroma",FALSE,24,31804,35635
"8743",2023-03-29,2,42,"khroma",FALSE,40,31844,35677
"8744",2023-03-30,0,21,"khroma",FALSE,21,31865,35698
"8745",2023-03-31,0,18,"khroma",FALSE,18,31883,35716
"8746",2023-04-01,0,15,"khroma",FALSE,15,31898,35731
"8747",2023-04-02,0,7,"khroma",FALSE,7,31905,35738
"8748",2023-04-03,0,22,"khroma",FALSE,22,31927,35760
"8749",2023-04-04,0,28,"khroma",FALSE,28,31955,35788
"8750",2023-04-05,0,32,"khroma",FALSE,32,31987,35820
"8751",2023-04-06,0,32,"khroma",FALSE,32,32019,35852
"8752",2023-04-07,0,27,"khroma",FALSE,27,32046,35879
"8753",2023-04-08,0,14,"khroma",FALSE,14,32060,35893
"8754",2023-04-09,0,9,"khroma",FALSE,9,32069,35902
"8755",2023-04-10,0,14,"khroma",FALSE,14,32083,35916
"8756",2023-04-11,0,28,"khroma",FALSE,28,32111,35944
"8757",2023-04-12,2,50,"khroma",FALSE,48,32159,35994
"8758",2023-04-13,0,19,"khroma",FALSE,19,32178,36013
"8759",2023-04-14,0,26,"khroma",FALSE,26,32204,36039
"8760",2023-04-15,0,6,"khroma",FALSE,6,32210,36045
"8761",2023-04-16,0,11,"khroma",FALSE,11,32221,36056
"8762",2023-04-17,0,33,"khroma",TRUE,2,32223,36089
"8763",2023-04-18,0,66,"khroma",FALSE,2,32225,36155
"8764",2023-04-19,5,117,"khroma",FALSE,112,32337,36272
"8765",2023-04-20,0,48,"khroma",FALSE,48,32385,36320
"8766",2023-04-21,0,59,"khroma",FALSE,59,32444,36379
"8767",2023-04-22,0,26,"khroma",FALSE,26,32470,36405
"8768",2023-04-23,0,18,"khroma",FALSE,18,32488,36423
"8769",2023-04-24,0,37,"khroma",FALSE,37,32525,36460
"8770",2023-04-25,0,34,"khroma",FALSE,34,32559,36494
"8771",2023-04-26,2,80,"khroma",FALSE,78,32637,36574
"8772",2023-04-27,0,40,"khroma",FALSE,40,32677,36614
"8773",2023-04-28,0,34,"khroma",FALSE,34,32711,36648
"8774",2023-04-29,0,6,"khroma",FALSE,6,32717,36654
"8775",2023-04-30,0,9,"khroma",FALSE,9,32726,36663
"8776",2023-05-01,0,32,"khroma",FALSE,32,32758,36695
"8777",2023-05-02,0,32,"khroma",FALSE,32,32790,36727
"8778",2023-05-03,2,57,"khroma",FALSE,55,32845,36784
"8779",2023-05-04,0,26,"khroma",FALSE,26,32871,36810
"8780",2023-05-05,1,38,"khroma",FALSE,37,32908,36848
"8781",2023-05-06,0,26,"khroma",FALSE,26,32934,36874
"8782",2023-05-07,0,12,"khroma",FALSE,12,32946,36886
"8783",2023-05-08,0,62,"khroma",FALSE,62,33008,36948
"8784",2023-05-09,0,36,"khroma",FALSE,36,33044,36984
"8785",2023-05-10,2,57,"khroma",FALSE,55,33099,37041
"8786",2023-05-11,0,28,"khroma",FALSE,28,33127,37069
"8787",2023-05-12,0,40,"khroma",FALSE,40,33167,37109
"8788",2023-05-13,0,20,"khroma",FALSE,20,33187,37129
"8789",2023-05-14,0,9,"khroma",FALSE,9,33196,37138
"8790",2023-05-15,1,42,"khroma",FALSE,41,33237,37180
"8791",2023-05-16,0,42,"khroma",FALSE,42,33279,37222
"8792",2023-05-17,2,61,"khroma",FALSE,59,33338,37283
"8793",2023-05-18,0,27,"khroma",FALSE,27,33365,37310
"8794",2023-05-19,0,25,"khroma",FALSE,25,33390,37335
"8795",2023-05-20,0,8,"khroma",FALSE,8,33398,37343
"8796",2023-05-21,0,7,"khroma",FALSE,7,33405,37350
"8797",2023-05-22,0,22,"khroma",FALSE,22,33427,37372
"8798",2023-05-23,0,27,"khroma",FALSE,27,33454,37399
"8799",2023-05-24,2,80,"khroma",FALSE,78,33532,37479
"8800",2023-05-25,0,27,"khroma",FALSE,27,33559,37506
"8801",2023-05-26,0,22,"khroma",FALSE,22,33581,37528
"8802",2023-05-27,0,12,"khroma",FALSE,12,33593,37540
"8803",2023-05-28,0,12,"khroma",FALSE,12,33605,37552
"8804",2023-05-29,0,23,"khroma",FALSE,23,33628,37575
"8805",2023-05-30,0,23,"khroma",FALSE,23,33651,37598
"8806",2023-05-31,0,30,"khroma",FALSE,30,33681,37628
"8807",2023-06-01,0,41,"khroma",FALSE,41,33722,37669
"8808",2023-06-02,0,25,"khroma",FALSE,25,33747,37694
"8809",2023-06-03,0,16,"khroma",FALSE,16,33763,37710
"8810",2023-06-04,0,7,"khroma",FALSE,7,33770,37717
"8811",2023-06-05,0,20,"khroma",FALSE,20,33790,37737
"8812",2023-06-06,0,19,"khroma",FALSE,19,33809,37756
"8813",2023-06-07,0,13,"khroma",FALSE,13,33822,37769
"8814",2023-06-08,2,49,"khroma",FALSE,47,33869,37818
"8815",2023-06-09,0,21,"khroma",FALSE,21,33890,37839
"8816",2023-06-10,0,10,"khroma",FALSE,10,33900,37849
"8817",2023-06-11,0,11,"khroma",FALSE,11,33911,37860
"8818",2023-06-12,0,20,"khroma",FALSE,20,33931,37880
"8819",2023-06-13,0,30,"khroma",FALSE,30,33961,37910
"8820",2023-06-14,0,25,"khroma",FALSE,25,33986,37935
"8821",2023-06-15,2,54,"khroma",FALSE,52,34038,37989
"8822",2023-06-16,0,24,"khroma",FALSE,24,34062,38013
"8823",2023-06-17,0,6,"khroma",FALSE,6,34068,38019
"8824",2023-06-18,0,3,"khroma",FALSE,3,34071,38022
"8825",2023-06-19,0,17,"khroma",FALSE,17,34088,38039
"8826",2023-06-20,0,25,"khroma",FALSE,25,34113,38064
"8827",2023-06-21,1,36,"khroma",FALSE,35,34148,38100
"8828",2023-06-22,0,48,"khroma",FALSE,48,34196,38148
"8829",2023-06-23,0,30,"khroma",FALSE,30,34226,38178
"8830",2023-06-24,0,16,"khroma",FALSE,16,34242,38194
"8831",2023-06-25,0,17,"khroma",FALSE,17,34259,38211
"8832",2023-06-26,0,24,"khroma",FALSE,24,34283,38235
"8833",2023-06-27,0,31,"khroma",FALSE,31,34314,38266
"8834",2023-06-28,2,65,"khroma",FALSE,63,34377,38331
"8835",2023-06-29,0,23,"khroma",FALSE,23,34400,38354
"8836",2023-06-30,0,28,"khroma",FALSE,28,34428,38382
"8837",2023-07-01,0,12,"khroma",FALSE,12,34440,38394
"8838",2023-07-02,0,9,"khroma",FALSE,9,34449,38403
"8839",2023-07-03,0,22,"khroma",FALSE,22,34471,38425
"8840",2023-07-04,0,15,"khroma",FALSE,15,34486,38440
"8841",2023-07-05,1,45,"khroma",FALSE,44,34530,38485
"8842",2023-07-06,0,17,"khroma",FALSE,17,34547,38502
"8843",2023-07-07,0,21,"khroma",FALSE,21,34568,38523
"8844",2023-07-08,0,15,"khroma",FALSE,15,34583,38538
"8845",2023-07-09,0,16,"khroma",FALSE,16,34599,38554
"8846",2023-07-10,0,19,"khroma",FALSE,19,34618,38573
"8847",2023-07-11,0,22,"khroma",FALSE,22,34640,38595
"8848",2023-07-12,2,53,"khroma",FALSE,51,34691,38648
"8849",2023-07-13,0,14,"khroma",FALSE,14,34705,38662
"8850",2023-07-14,0,14,"khroma",FALSE,14,34719,38676
"8851",2023-07-15,0,3,"khroma",FALSE,3,34722,38679
"8852",2023-07-16,0,13,"khroma",FALSE,13,34735,38692
"8853",2023-07-17,0,19,"khroma",FALSE,19,34754,38711
"8854",2023-07-18,0,30,"khroma",FALSE,30,34784,38741
"8855",2023-07-19,2,51,"khroma",FALSE,49,34833,38792
"8856",2023-07-20,0,16,"khroma",FALSE,16,34849,38808
"8857",2023-07-21,0,25,"khroma",FALSE,25,34874,38833
"8858",2023-07-22,0,5,"khroma",FALSE,5,34879,38838
"8859",2023-07-23,0,11,"khroma",FALSE,11,34890,38849
"8860",2023-07-24,0,25,"khroma",FALSE,25,34915,38874
"8861",2023-07-25,0,27,"khroma",FALSE,27,34942,38901
"8862",2023-07-26,2,60,"khroma",FALSE,58,35000,38961
"8863",2023-07-27,0,20,"khroma",FALSE,20,35020,38981
"8864",2023-07-28,0,12,"khroma",FALSE,12,35032,38993
"8865",2023-07-29,0,6,"khroma",FALSE,6,35038,38999
"8866",2023-07-30,0,6,"khroma",FALSE,6,35044,39005
"8867",2023-07-31,0,14,"khroma",FALSE,14,35058,39019
"8868",2023-08-01,0,30,"khroma",FALSE,30,35088,39049
"8869",2023-08-02,0,25,"khroma",FALSE,25,35113,39074
"8870",2023-08-03,2,55,"khroma",FALSE,53,35166,39129
"8871",2023-08-04,0,43,"khroma",FALSE,43,35209,39172
"8872",2023-08-05,0,12,"khroma",FALSE,12,35221,39184
"8873",2023-08-06,0,19,"khroma",FALSE,19,35240,39203
"8874",2023-08-07,0,51,"khroma",FALSE,51,35291,39254
"8875",2023-08-08,0,93,"khroma",FALSE,93,35384,39347
"8876",2023-08-09,2,181,"khroma",FALSE,179,35563,39528
"8877",2023-08-10,0,113,"khroma",FALSE,113,35676,39641
"8878",2023-08-11,0,24,"khroma",FALSE,24,35700,39665
"8879",2023-08-12,0,9,"khroma",FALSE,9,35709,39674
"8880",2023-08-13,0,4,"khroma",FALSE,4,35713,39678
"8881",2023-08-14,0,11,"khroma",FALSE,11,35724,39689
"8882",2023-08-15,0,24,"khroma",FALSE,24,35748,39713
"8883",2023-08-16,1,35,"khroma",FALSE,34,35782,39748
"8884",2023-08-17,0,26,"khroma",FALSE,26,35808,39774
"8885",2023-08-18,0,22,"khroma",FALSE,22,35830,39796
"8886",2023-08-19,0,12,"khroma",FALSE,12,35842,39808
"8887",2023-08-20,0,11,"khroma",FALSE,11,35853,39819
"8888",2023-08-21,0,25,"khroma",TRUE,2,35855,39844
"8889",2023-08-22,0,65,"khroma",FALSE,2,35857,39909
"8890",2023-08-23,2,91,"khroma",FALSE,89,35946,40000
"8891",2023-08-24,0,73,"khroma",FALSE,73,36019,40073
"8892",2023-08-25,0,66,"khroma",FALSE,66,36085,40139
"8893",2023-08-26,0,16,"khroma",FALSE,16,36101,40155
"8894",2023-08-27,0,18,"khroma",FALSE,18,36119,40173
"8895",2023-08-28,0,55,"khroma",FALSE,55,36174,40228
"8896",2023-08-29,0,29,"khroma",FALSE,29,36203,40257
"8897",2023-08-30,2,59,"khroma",FALSE,57,36260,40316
"8898",2023-08-31,0,27,"khroma",FALSE,27,36287,40343
"8899",2023-09-01,0,24,"khroma",FALSE,24,36311,40367
"8900",2023-09-02,0,23,"khroma",FALSE,23,36334,40390
"8901",2023-09-03,0,16,"khroma",FALSE,16,36350,40406
"8902",2023-09-04,0,36,"khroma",FALSE,36,36386,40442
"8903",2023-09-05,0,26,"khroma",FALSE,26,36412,40468
"8904",2023-09-06,1,33,"khroma",FALSE,32,36444,40501
"8905",2023-09-07,0,19,"khroma",FALSE,19,36463,40520
"8906",2023-09-08,0,26,"khroma",FALSE,26,36489,40546
"8907",2023-09-09,0,13,"khroma",FALSE,13,36502,40559
"8908",2023-09-10,0,12,"khroma",FALSE,12,36514,40571
"8909",2023-09-11,0,23,"khroma",FALSE,23,36537,40594
"8910",2023-09-12,0,23,"khroma",FALSE,23,36560,40617
"8911",2023-09-13,0,27,"khroma",FALSE,27,36587,40644
"8912",2023-09-14,0,17,"khroma",FALSE,17,36604,40661
"8913",2023-09-15,0,32,"khroma",FALSE,32,36636,40693
"8914",2023-09-16,0,12,"khroma",FALSE,12,36648,40705
"8915",2023-09-17,0,6,"khroma",FALSE,6,36654,40711
"8916",2023-09-18,0,30,"khroma",FALSE,30,36684,40741
"8917",2023-09-19,0,42,"khroma",FALSE,42,36726,40783
"8918",2023-09-20,0,25,"khroma",FALSE,25,36751,40808
"8919",2023-09-21,0,21,"khroma",FALSE,21,36772,40829
"8920",2023-09-22,0,56,"khroma",FALSE,56,36828,40885
"8921",2023-09-23,0,45,"khroma",FALSE,45,36873,40930
"8922",2023-09-24,0,13,"khroma",FALSE,13,36886,40943
"8923",2023-09-25,0,27,"khroma",FALSE,27,36913,40970
"8924",2023-09-26,0,32,"khroma",FALSE,32,36945,41002
"8925",2023-09-27,2,58,"khroma",FALSE,56,37001,41060
"8926",2023-09-28,0,21,"khroma",FALSE,21,37022,41081
"8927",2023-09-29,0,18,"khroma",FALSE,18,37040,41099
"8928",2023-09-30,0,12,"khroma",FALSE,12,37052,41111
"8929",2023-10-01,0,12,"khroma",FALSE,12,37064,41123
"8930",2023-10-02,0,18,"khroma",FALSE,18,37082,41141
"8931",2023-10-03,0,28,"khroma",FALSE,28,37110,41169
"8932",2023-10-04,1,57,"khroma",FALSE,56,37166,41226
"8933",2023-10-05,0,55,"khroma",FALSE,55,37221,41281
"8934",2023-10-06,0,28,"khroma",FALSE,28,37249,41309
"8935",2023-10-07,0,7,"khroma",FALSE,7,37256,41316
"8936",2023-10-08,0,19,"khroma",FALSE,19,37275,41335
"8937",2023-10-09,0,21,"khroma",FALSE,21,37296,41356
"8938",2023-10-10,0,26,"khroma",FALSE,26,37322,41382
"8939",2023-10-11,0,25,"khroma",FALSE,25,37347,41407
"8940",2023-10-12,0,53,"khroma",FALSE,53,37400,41460
"8941",2023-10-13,0,14,"khroma",FALSE,14,37414,41474
"8942",2023-10-14,0,13,"khroma",FALSE,13,37427,41487
"8943",2023-10-15,0,17,"khroma",FALSE,17,37444,41504
"8944",2023-10-16,0,21,"khroma",FALSE,21,37465,41525
"8945",2023-10-17,0,36,"khroma",FALSE,36,37501,41561
"8946",2023-10-18,1,36,"khroma",FALSE,35,37536,41597
"8947",2023-10-19,0,26,"khroma",FALSE,26,37562,41623
"8948",2023-10-20,0,18,"khroma",FALSE,18,37580,41641
"8949",2023-10-21,0,9,"khroma",FALSE,9,37589,41650
"8950",2023-10-22,0,23,"khroma",FALSE,23,37612,41673
"8951",2023-10-23,0,32,"khroma",FALSE,32,37644,41705
"8952",2023-10-24,0,16,"khroma",FALSE,16,37660,41721
"8953",2023-10-25,1,36,"khroma",FALSE,35,37695,41757
"8954",2023-10-26,0,34,"khroma",FALSE,34,37729,41791
"8955",2023-10-27,0,30,"khroma",FALSE,30,37759,41821
"8956",2023-10-28,0,12,"khroma",FALSE,12,37771,41833
"8957",2023-10-29,0,10,"khroma",FALSE,10,37781,41843
"8958",2023-10-30,0,20,"khroma",FALSE,20,37801,41863
"8959",2023-10-31,0,38,"khroma",FALSE,38,37839,41901
"8960",2023-11-01,1,44,"khroma",FALSE,43,37882,41945
"8961",2023-11-02,0,53,"khroma",FALSE,53,37935,41998
"8962",2023-11-03,0,52,"khroma",FALSE,52,37987,42050
"8963",2023-11-04,0,10,"khroma",FALSE,10,37997,42060
"8964",2023-11-05,0,18,"khroma",FALSE,18,38015,42078
"8965",2023-11-06,0,33,"khroma",FALSE,33,38048,42111
"8966",2023-11-07,0,26,"khroma",FALSE,26,38074,42137
"8967",2023-11-08,2,61,"khroma",FALSE,59,38133,42198
"8968",2023-11-09,0,33,"khroma",FALSE,33,38166,42231
"8969",2023-11-10,0,16,"khroma",FALSE,16,38182,42247
"8970",2023-11-11,0,9,"khroma",FALSE,9,38191,42256
"8971",2023-11-12,0,10,"khroma",FALSE,10,38201,42266
"8972",2023-11-13,0,20,"khroma",FALSE,20,38221,42286
"8973",2023-11-14,0,22,"khroma",FALSE,22,38243,42308
"8974",2023-11-15,2,65,"khroma",FALSE,63,38306,42373
"8975",2023-11-16,0,22,"khroma",FALSE,22,38328,42395
"8976",2023-11-17,0,40,"khroma",FALSE,40,38368,42435
"8977",2023-11-18,0,10,"khroma",FALSE,10,38378,42445
"8978",2023-11-19,0,18,"khroma",FALSE,18,38396,42463
"8979",2023-11-20,0,41,"khroma",FALSE,41,38437,42504
"8980",2023-11-21,0,29,"khroma",FALSE,29,38466,42533
"8981",2023-11-22,1,45,"khroma",FALSE,44,38510,42578
"8982",2023-11-23,0,31,"khroma",FALSE,31,38541,42609
"8983",2023-11-24,0,19,"khroma",FALSE,19,38560,42628
"8984",2023-11-25,0,10,"khroma",FALSE,10,38570,42638
"8985",2023-11-26,0,11,"khroma",FALSE,11,38581,42649
"8986",2023-11-27,0,28,"khroma",FALSE,28,38609,42677
"8987",2023-11-28,0,35,"khroma",FALSE,35,38644,42712
"8988",2023-11-29,3,55,"khroma",FALSE,52,38696,42767
"8989",2023-11-30,0,37,"khroma",FALSE,37,38733,42804
"8990",2023-12-01,0,27,"khroma",FALSE,27,38760,42831
"8991",2023-12-02,0,7,"khroma",FALSE,7,38767,42838
"8992",2023-12-03,0,16,"khroma",FALSE,16,38783,42854
"8993",2023-12-04,0,33,"khroma",FALSE,33,38816,42887
"8994",2023-12-05,0,32,"khroma",FALSE,32,38848,42919
"8995",2023-12-06,2,58,"khroma",FALSE,56,38904,42977
"8996",2023-12-07,0,31,"khroma",FALSE,31,38935,43008
"8997",2023-12-08,0,9,"khroma",FALSE,9,38944,43017
"8998",2023-12-09,0,10,"khroma",FALSE,10,38954,43027
"8999",2023-12-10,0,15,"khroma",FALSE,15,38969,43042
"9000",2023-12-11,0,27,"khroma",FALSE,27,38996,43069
"9001",2023-12-12,0,30,"khroma",FALSE,30,39026,43099
"9002",2023-12-13,0,27,"khroma",FALSE,27,39053,43126
"9003",2023-12-14,0,22,"khroma",FALSE,22,39075,43148
"9004",2023-12-15,2,53,"khroma",FALSE,51,39126,43201
"9005",2023-12-16,0,12,"khroma",FALSE,12,39138,43213
"9006",2023-12-17,0,9,"khroma",FALSE,9,39147,43222
"9007",2023-12-18,0,20,"khroma",FALSE,20,39167,43242
"9008",2023-12-19,0,22,"khroma",FALSE,22,39189,43264
"9009",2023-12-20,0,42,"khroma",FALSE,42,39231,43306
"9010",2023-12-21,0,48,"khroma",FALSE,48,39279,43354
"9011",2023-12-22,0,19,"khroma",FALSE,19,39298,43373
"9012",2023-12-23,0,3,"khroma",FALSE,3,39301,43376
"9013",2023-12-24,0,14,"khroma",FALSE,14,39315,43390
"9014",2023-12-25,0,8,"khroma",FALSE,8,39323,43398
"9015",2023-12-26,0,15,"khroma",FALSE,15,39338,43413
"9016",2023-12-27,2,44,"khroma",FALSE,42,39380,43457
"9017",2023-12-28,0,15,"khroma",FALSE,15,39395,43472
"9018",2023-12-29,0,14,"khroma",FALSE,14,39409,43486
"9019",2023-12-30,0,8,"khroma",FALSE,8,39417,43494
"9020",2023-12-31,0,7,"khroma",FALSE,7,39424,43501
"9021",2024-01-01,0,7,"khroma",FALSE,7,39431,43508
"9022",2024-01-02,0,9,"khroma",FALSE,9,39440,43517
"9023",2024-01-03,1,41,"khroma",FALSE,40,39480,43558
"9024",2024-01-04,0,20,"khroma",FALSE,20,39500,43578
"9025",2024-01-05,0,16,"khroma",FALSE,16,39516,43594
"9026",2024-01-06,0,8,"khroma",FALSE,8,39524,43602
"9027",2024-01-07,0,11,"khroma",FALSE,11,39535,43613
"9028",2024-01-08,0,49,"khroma",TRUE,2,39537,43662
"9029",2024-01-09,0,50,"khroma",FALSE,2,39539,43712
"9030",2024-01-10,2,89,"khroma",FALSE,87,39626,43801
"9031",2024-01-11,0,76,"khroma",FALSE,76,39702,43877
"9032",2024-01-12,0,76,"khroma",FALSE,76,39778,43953
"9033",2024-01-13,0,11,"khroma",FALSE,11,39789,43964
"9034",2024-01-14,0,29,"khroma",FALSE,29,39818,43993
"9035",2024-01-15,0,42,"khroma",FALSE,42,39860,44035
"9036",2024-01-16,0,41,"khroma",FALSE,41,39901,44076
"9037",2024-01-17,2,89,"khroma",FALSE,87,39988,44165
"9038",2024-01-18,0,44,"khroma",FALSE,44,40032,44209
"9039",2024-01-19,0,49,"khroma",FALSE,49,40081,44258
"9040",2024-01-20,0,15,"khroma",FALSE,15,40096,44273
"9041",2024-01-21,0,12,"khroma",FALSE,12,40108,44285
"9042",2024-01-22,0,26,"khroma",FALSE,26,40134,44311
"9043",2024-01-23,0,55,"khroma",FALSE,55,40189,44366
"9044",2024-01-24,6,193,"khroma",FALSE,187,40376,44559
"9045",2024-01-25,1,149,"khroma",FALSE,148,40524,44708
"9046",2024-01-26,0,32,"khroma",FALSE,32,40556,44740
"9047",2024-01-27,0,13,"khroma",FALSE,13,40569,44753
"9048",2024-01-28,0,15,"khroma",FALSE,15,40584,44768
"9049",2024-01-29,0,60,"khroma",FALSE,60,40644,44828
"9050",2024-01-30,0,48,"khroma",FALSE,48,40692,44876
"9051",2024-01-31,2,79,"khroma",FALSE,77,40769,44955
"9052",2024-02-01,0,36,"khroma",FALSE,36,40805,44991
"9053",2024-02-02,0,38,"khroma",FALSE,38,40843,45029
"9054",2024-02-03,0,28,"khroma",FALSE,28,40871,45057
"9055",2024-02-04,0,9,"khroma",FALSE,9,40880,45066
"9056",2024-02-05,0,24,"khroma",FALSE,24,40904,45090
"9057",2024-02-06,0,28,"khroma",FALSE,28,40932,45118
"9058",2024-02-07,2,52,"khroma",FALSE,50,40982,45170
"9059",2024-02-08,0,31,"khroma",FALSE,31,41013,45201
"9060",2024-02-09,0,21,"khroma",FALSE,21,41034,45222
"9061",2024-02-10,0,16,"khroma",FALSE,16,41050,45238
"9062",2024-02-11,0,16,"khroma",FALSE,16,41066,45254
"9063",2024-02-12,0,21,"khroma",FALSE,21,41087,45275
"9064",2024-02-13,0,37,"khroma",FALSE,37,41124,45312
"9065",2024-02-14,2,73,"khroma",FALSE,71,41195,45385
"9066",2024-02-15,0,24,"khroma",FALSE,24,41219,45409
"9067",2024-02-16,0,21,"khroma",FALSE,21,41240,45430
"9068",2024-02-17,0,19,"khroma",FALSE,19,41259,45449
"9069",2024-02-18,0,11,"khroma",FALSE,11,41270,45460
"9070",2024-02-19,0,14,"khroma",FALSE,14,41284,45474
"9071",2024-02-20,0,30,"khroma",FALSE,30,41314,45504
"9072",2024-02-21,2,62,"khroma",FALSE,60,41374,45566
"9073",2024-02-22,0,27,"khroma",FALSE,27,41401,45593
"9074",2024-02-23,0,48,"khroma",FALSE,48,41449,45641
"9075",2024-02-24,1,7,"khroma",FALSE,6,41455,45648
"9076",2024-02-25,0,23,"khroma",FALSE,23,41478,45671
"9077",2024-02-26,0,27,"khroma",FALSE,27,41505,45698
"9078",2024-02-27,0,37,"khroma",FALSE,37,41542,45735
"9079",2024-02-28,2,62,"khroma",FALSE,60,41602,45797
"9080",2024-02-29,0,16,"khroma",FALSE,16,41618,45813
"9081",2024-03-01,0,37,"khroma",FALSE,37,41655,45850
"9082",2024-03-02,0,9,"khroma",FALSE,9,41664,45859
"9083",2024-03-03,0,16,"khroma",FALSE,16,41680,45875
"9084",2024-03-04,0,34,"khroma",FALSE,34,41714,45909
"9085",2024-03-05,0,32,"khroma",FALSE,32,41746,45941
"9086",2024-03-06,2,40,"khroma",FALSE,38,41784,45981
"9087",2024-03-07,0,37,"khroma",FALSE,37,41821,46018
"9088",2024-03-08,0,32,"khroma",FALSE,32,41853,46050
"9089",2024-03-09,0,14,"khroma",FALSE,14,41867,46064
"9090",2024-03-10,0,17,"khroma",FALSE,17,41884,46081
"9091",2024-03-11,0,27,"khroma",FALSE,27,41911,46108
"9092",2024-03-12,0,20,"khroma",FALSE,20,41931,46128
"9093",2024-03-13,2,68,"khroma",FALSE,66,41997,46196
"9094",2024-03-14,0,31,"khroma",FALSE,31,42028,46227
"9095",2024-03-15,0,41,"khroma",FALSE,41,42069,46268
"9096",2024-03-16,0,24,"khroma",FALSE,24,42093,46292
"9097",2024-03-17,0,10,"khroma",FALSE,10,42103,46302
"9098",2024-03-18,0,32,"khroma",FALSE,32,42135,46334
"9099",2024-03-19,0,33,"khroma",FALSE,33,42168,46367
"9100",2024-03-20,0,17,"khroma",FALSE,17,42185,46384
"9101",2024-03-21,2,60,"khroma",FALSE,58,42243,46444
"9102",2024-03-22,0,25,"khroma",FALSE,25,42268,46469
"9103",2024-03-23,0,11,"khroma",FALSE,11,42279,46480
"9104",2024-03-24,0,20,"khroma",FALSE,20,42299,46500
"9105",2024-03-25,0,33,"khroma",FALSE,33,42332,46533
"9106",2024-03-26,0,46,"khroma",FALSE,46,42378,46579
"9107",2024-03-27,2,62,"khroma",FALSE,60,42438,46641
"9108",2024-03-28,0,23,"khroma",FALSE,23,42461,46664
"9109",2024-03-29,0,15,"khroma",FALSE,15,42476,46679
"9110",2024-03-30,0,18,"khroma",FALSE,18,42494,46697
"9111",2024-03-31,0,10,"khroma",FALSE,10,42504,46707
"9112",2024-04-01,0,21,"khroma",FALSE,21,42525,46728
"9113",2024-04-02,0,32,"khroma",FALSE,32,42557,46760
"9114",2024-04-03,2,49,"khroma",FALSE,47,42604,46809
"9115",2024-04-04,0,31,"khroma",FALSE,31,42635,46840
"9116",2024-04-05,0,25,"khroma",FALSE,25,42660,46865
"9117",2024-04-06,0,7,"khroma",FALSE,7,42667,46872
"9118",2024-04-07,0,15,"khroma",FALSE,15,42682,46887
"9119",2024-04-08,0,33,"khroma",FALSE,33,42715,46920
"9120",2024-04-09,0,24,"khroma",FALSE,24,42739,46944
"9121",2024-04-10,2,52,"khroma",FALSE,50,42789,46996
"9122",2024-04-11,0,24,"khroma",FALSE,24,42813,47020
"9123",2024-04-12,0,19,"khroma",FALSE,19,42832,47039
"9124",2024-04-13,0,8,"khroma",FALSE,8,42840,47047
"9125",2024-04-14,0,15,"khroma",FALSE,15,42855,47062
"9126",2024-04-15,0,26,"khroma",FALSE,26,42881,47088
"9127",2024-04-16,0,19,"khroma",FALSE,19,42900,47107
"9128",2024-04-17,2,61,"khroma",FALSE,59,42959,47168
"9129",2024-04-18,0,23,"khroma",FALSE,23,42982,47191
"9130",2024-04-19,0,20,"khroma",FALSE,20,43002,47211
"9131",2024-04-20,0,11,"khroma",FALSE,11,43013,47222
"9132",2024-04-21,0,15,"khroma",FALSE,15,43028,47237
"9133",2024-04-22,0,32,"khroma",FALSE,32,43060,47269
"9134",2024-04-23,0,30,"khroma",FALSE,30,43090,47299
"9135",2024-04-24,0,24,"khroma",FALSE,24,43114,47323
"9136",2024-04-25,0,58,"khroma",FALSE,58,43172,47381
"9137",2024-04-26,0,30,"khroma",FALSE,30,43202,47411
"9138",2024-04-27,0,12,"khroma",FALSE,12,43214,47423
"9139",2024-04-28,0,14,"khroma",FALSE,14,43228,47437
"9140",2024-04-29,0,31,"khroma",FALSE,31,43259,47468
"9141",2024-04-30,0,33,"khroma",FALSE,33,43292,47501
"9142",2024-05-01,2,64,"khroma",FALSE,62,43354,47565
"9143",2024-05-02,0,42,"khroma",FALSE,42,43396,47607
"9144",2024-05-03,0,21,"khroma",FALSE,21,43417,47628
"9145",2024-05-04,0,9,"khroma",FALSE,9,43426,47637
"9146",2024-05-05,0,18,"khroma",FALSE,18,43444,47655
"9147",2024-05-06,0,36,"khroma",FALSE,36,43480,47691
"9148",2024-05-07,0,27,"khroma",FALSE,27,43507,47718
"9149",2024-05-08,2,67,"khroma",FALSE,65,43572,47785
"9150",2024-05-09,0,28,"khroma",FALSE,28,43600,47813
"9151",2024-05-10,0,22,"khroma",FALSE,22,43622,47835
"9152",2024-05-11,0,20,"khroma",FALSE,20,43642,47855
"9153",2024-05-12,0,16,"khroma",FALSE,16,43658,47871
"9154",2024-05-13,0,35,"khroma",FALSE,35,43693,47906
"9155",2024-05-14,0,31,"khroma",FALSE,31,43724,47937
"9156",2024-05-15,2,69,"khroma",FALSE,67,43791,48006
"9157",2024-05-16,0,30,"khroma",FALSE,30,43821,48036
"9158",2024-05-17,0,30,"khroma",FALSE,30,43851,48066
"9159",2024-05-18,0,8,"khroma",FALSE,8,43859,48074
"9160",2024-05-19,0,9,"khroma",FALSE,9,43868,48083
"9161",2024-05-20,0,29,"khroma",FALSE,29,43897,48112
"9162",2024-05-21,0,30,"khroma",FALSE,30,43927,48142
"9163",2024-05-22,2,70,"khroma",FALSE,68,43995,48212
"9164",2024-05-23,0,23,"khroma",FALSE,23,44018,48235
"9165",2024-05-24,0,23,"khroma",FALSE,23,44041,48258
"9166",2024-05-25,0,8,"khroma",FALSE,8,44049,48266
"9167",2024-05-26,0,22,"khroma",FALSE,22,44071,48288
"9168",2024-05-27,0,23,"khroma",FALSE,23,44094,48311
"9169",2024-05-28,0,30,"khroma",FALSE,30,44124,48341
"9170",2024-05-29,2,64,"khroma",FALSE,62,44186,48405
"9171",2024-05-30,0,32,"khroma",FALSE,32,44218,48437
"9172",2024-05-31,0,39,"khroma",FALSE,39,44257,48476
"9173",2024-06-01,0,26,"khroma",FALSE,26,44283,48502
"9174",2024-06-02,0,9,"khroma",FALSE,9,44292,48511
"9175",2024-06-03,0,19,"khroma",FALSE,19,44311,48530
"9176",2024-06-04,0,51,"khroma",FALSE,51,44362,48581
"9177",2024-06-05,2,70,"khroma",FALSE,68,44430,48651
"9178",2024-06-06,0,48,"khroma",FALSE,48,44478,48699
"9179",2024-06-07,0,16,"khroma",FALSE,16,44494,48715
"9180",2024-06-08,0,13,"khroma",FALSE,13,44507,48728
"9181",2024-06-09,0,15,"khroma",FALSE,15,44522,48743
"9182",2024-06-10,0,26,"khroma",FALSE,26,44548,48769
"9183",2024-06-11,0,36,"khroma",FALSE,36,44584,48805
"9184",2024-06-12,2,54,"khroma",FALSE,52,44636,48859
"9185",2024-06-13,0,35,"khroma",FALSE,35,44671,48894
"9186",2024-06-14,0,26,"khroma",FALSE,26,44697,48920
"9187",2024-06-15,0,8,"khroma",FALSE,8,44705,48928
"9188",2024-06-16,0,16,"khroma",FALSE,16,44721,48944
"9189",2024-06-17,0,27,"khroma",FALSE,27,44748,48971
"9190",2024-06-18,0,34,"khroma",FALSE,34,44782,49005
"9191",2024-06-19,2,61,"khroma",FALSE,59,44841,49066
"9192",2024-06-20,0,20,"khroma",FALSE,20,44861,49086
"9193",2024-06-21,0,36,"khroma",FALSE,36,44897,49122
"9194",2024-06-22,0,17,"khroma",FALSE,17,44914,49139
"9195",2024-06-23,0,13,"khroma",FALSE,13,44927,49152
"9196",2024-06-24,0,36,"khroma",FALSE,36,44963,49188
"9197",2024-06-25,0,32,"khroma",FALSE,32,44995,49220
"9198",2024-06-26,0,37,"khroma",FALSE,37,45032,49257
"9199",2024-06-27,0,46,"khroma",FALSE,46,45078,49303
"9200",2024-06-28,0,18,"khroma",FALSE,18,45096,49321
"9201",2024-06-29,0,8,"khroma",FALSE,8,45104,49329
"9202",2024-06-30,0,8,"khroma",FALSE,8,45112,49337
"9203",2024-07-01,0,82,"khroma",TRUE,2,45114,49419
"9204",2024-07-02,0,116,"khroma",FALSE,2,45116,49535
"9205",2024-07-03,2,105,"khroma",FALSE,103,45219,49640
"9206",2024-07-04,0,90,"khroma",FALSE,90,45309,49730
"9207",2024-07-05,0,31,"khroma",FALSE,31,45340,49761
"9208",2024-07-06,0,25,"khroma",FALSE,25,45365,49786
"9209",2024-07-07,0,5,"khroma",FALSE,5,45370,49791
"9210",2024-07-08,0,63,"khroma",FALSE,63,45433,49854
"9211",2024-07-09,0,40,"khroma",FALSE,40,45473,49894
"9212",2024-07-10,0,73,"khroma",FALSE,73,45546,49967
"9213",2024-07-11,0,77,"khroma",FALSE,77,45623,50044
"9214",2024-07-12,0,65,"khroma",FALSE,65,45688,50109
"9215",2024-07-13,0,9,"khroma",FALSE,9,45697,50118
"9216",2024-07-14,0,22,"khroma",FALSE,22,45719,50140
"9217",2024-07-15,0,19,"khroma",FALSE,19,45738,50159
"9218",2024-07-16,0,34,"khroma",FALSE,34,45772,50193
"9219",2024-07-17,2,75,"khroma",FALSE,73,45845,50268
"9220",2024-07-18,0,48,"khroma",FALSE,48,45893,50316
"9221",2024-07-19,0,33,"khroma",FALSE,33,45926,50349
"9222",2024-07-20,0,54,"khroma",FALSE,54,45980,50403
"9223",2024-07-21,0,14,"khroma",FALSE,14,45994,50417
"9224",2024-07-22,0,36,"khroma",FALSE,36,46030,50453
"9225",2024-07-23,0,40,"khroma",FALSE,40,46070,50493
"9226",2024-07-24,2,77,"khroma",FALSE,75,46145,50570
"9227",2024-07-25,0,37,"khroma",FALSE,37,46182,50607
"9228",2024-07-26,0,25,"khroma",FALSE,25,46207,50632
"9229",2024-07-27,0,6,"khroma",FALSE,6,46213,50638
"9230",2024-07-28,0,9,"khroma",FALSE,9,46222,50647
"9231",2024-07-29,0,32,"khroma",FALSE,32,46254,50679
"9232",2024-07-30,0,42,"khroma",FALSE,42,46296,50721
"9233",2024-07-31,0,40,"khroma",FALSE,40,46336,50761
"9234",2024-08-01,0,64,"khroma",FALSE,64,46400,50825
"9235",2024-08-02,0,25,"khroma",FALSE,25,46425,50850
"9236",2024-08-03,0,15,"khroma",FALSE,15,46440,50865
"9237",2024-08-04,0,12,"khroma",FALSE,12,46452,50877
"9238",2024-08-05,0,31,"khroma",FALSE,31,46483,50908
"9239",2024-08-06,0,34,"khroma",FALSE,34,46517,50942
"9240",2024-08-07,0,33,"khroma",FALSE,33,46550,50975
"9241",2024-08-08,2,58,"khroma",FALSE,56,46606,51033
"9242",2024-08-09,0,30,"khroma",FALSE,30,46636,51063
"9243",2024-08-10,0,9,"khroma",FALSE,9,46645,51072
"9244",2024-08-11,0,17,"khroma",FALSE,17,46662,51089
"9245",2024-08-12,0,23,"khroma",FALSE,23,46685,51112
"9246",2024-08-13,0,41,"khroma",FALSE,41,46726,51153
"9247",2024-08-14,0,35,"khroma",FALSE,35,46761,51188
"9248",2024-08-15,2,89,"khroma",FALSE,87,46848,51277
"9249",2024-08-16,0,35,"khroma",FALSE,35,46883,51312
"9250",2024-08-17,0,32,"khroma",FALSE,32,46915,51344
"9251",2024-08-18,0,9,"khroma",FALSE,9,46924,51353
"9252",2024-08-19,0,53,"khroma",FALSE,53,46977,51406
"9253",2024-08-20,0,37,"khroma",FALSE,37,47014,51443
"9254",2024-08-21,0,40,"khroma",FALSE,40,47054,51483
"9255",2024-08-22,0,68,"khroma",FALSE,68,47122,51551
"9256",2024-08-23,0,33,"khroma",FALSE,33,47155,51584
"9257",2024-08-24,0,37,"khroma",FALSE,37,47192,51621
"9258",2024-08-25,0,12,"khroma",FALSE,12,47204,51633
"9259",2024-08-26,0,62,"khroma",TRUE,2,47206,51695
"9260",2024-08-27,0,125,"khroma",FALSE,2,47208,51820
"9261",2024-08-28,2,106,"khroma",FALSE,104,47312,51926
"9262",2024-08-29,0,58,"khroma",FALSE,58,47370,51984
"9263",2024-08-30,0,57,"khroma",FALSE,57,47427,52041
"9264",2024-08-31,0,61,"khroma",FALSE,61,47488,52102
"9265",2024-09-01,0,33,"khroma",FALSE,33,47521,52135
"9266",2024-09-02,0,50,"khroma",FALSE,50,47571,52185
"9267",2024-09-03,0,55,"khroma",FALSE,55,47626,52240
"9268",2024-09-04,2,73,"khroma",FALSE,71,47697,52313
"9269",2024-09-05,0,37,"khroma",FALSE,37,47734,52350
"9270",2024-09-06,0,55,"khroma",FALSE,55,47789,52405
"9271",2024-09-07,0,43,"khroma",FALSE,43,47832,52448
"9272",2024-09-08,0,23,"khroma",FALSE,23,47855,52471
"9273",2024-09-09,0,41,"khroma",FALSE,41,47896,52512
"9274",2024-09-10,0,43,"khroma",FALSE,43,47939,52555
"9275",2024-09-11,3,101,"khroma",FALSE,98,48037,52656
"9276",2024-09-12,0,39,"khroma",FALSE,39,48076,52695
"9277",2024-09-13,0,28,"khroma",FALSE,28,48104,52723
"9278",2024-09-14,0,24,"khroma",FALSE,24,48128,52747
"9279",2024-09-15,0,18,"khroma",FALSE,18,48146,52765
"9280",2024-09-16,0,34,"khroma",FALSE,34,48180,52799
"9281",2024-09-17,0,24,"khroma",FALSE,24,48204,52823
"9282",2024-09-18,2,85,"khroma",FALSE,83,48287,52908
"9283",2024-09-19,0,33,"khroma",FALSE,33,48320,52941
"9284",2024-09-20,0,46,"khroma",FALSE,46,48366,52987
"9285",2024-09-21,0,25,"khroma",FALSE,25,48391,53012
"9286",2024-09-22,0,10,"khroma",FALSE,10,48401,53022
"9287",2024-09-23,0,40,"khroma",FALSE,40,48441,53062
"9288",2024-09-24,0,50,"khroma",FALSE,50,48491,53112
"9289",2024-09-25,0,35,"khroma",FALSE,35,48526,53147
"9290",2024-09-26,1,68,"khroma",FALSE,67,48593,53215
"9291",2024-09-27,0,57,"khroma",FALSE,57,48650,53272
"9292",2024-09-28,0,0,"khroma",FALSE,0,48650,53272
"9293",2024-09-29,0,0,"khroma",FALSE,0,48650,53272
"9294",2023-11-28,0,0,"nexus",FALSE,0,0,0
"9295",2023-11-29,3,6,"nexus",TRUE,2,2,6
"9296",2023-11-30,0,29,"nexus",FALSE,2,4,35
"9297",2023-12-01,0,15,"nexus",FALSE,15,19,50
"9298",2023-12-02,0,24,"nexus",FALSE,24,43,74
"9299",2023-12-03,0,16,"nexus",FALSE,16,59,90
"9300",2023-12-04,0,6,"nexus",FALSE,6,65,96
"9301",2023-12-05,0,5,"nexus",FALSE,5,70,101
"9302",2023-12-06,2,26,"nexus",FALSE,24,94,127
"9303",2023-12-07,0,18,"nexus",FALSE,18,112,145
"9304",2023-12-08,0,8,"nexus",FALSE,8,120,153
"9305",2023-12-09,0,6,"nexus",FALSE,6,126,159
"9306",2023-12-10,0,10,"nexus",FALSE,10,136,169
"9307",2023-12-11,0,6,"nexus",FALSE,6,142,175
"9308",2023-12-12,0,7,"nexus",FALSE,7,149,182
"9309",2023-12-13,0,7,"nexus",FALSE,7,156,189
"9310",2023-12-14,0,12,"nexus",FALSE,12,168,201
"9311",2023-12-15,2,9,"nexus",FALSE,7,175,210
"9312",2023-12-16,0,5,"nexus",FALSE,5,180,215
"9313",2023-12-17,0,5,"nexus",FALSE,5,185,220
"9314",2023-12-18,0,5,"nexus",FALSE,5,190,225
"9315",2023-12-19,0,13,"nexus",FALSE,13,203,238
"9316",2023-12-20,0,8,"nexus",FALSE,8,211,246
"9317",2023-12-21,0,5,"nexus",FALSE,5,216,251
"9318",2023-12-22,0,7,"nexus",FALSE,7,223,258
"9319",2023-12-23,0,3,"nexus",FALSE,3,226,261
"9320",2023-12-24,0,9,"nexus",FALSE,9,235,270
"9321",2023-12-25,0,15,"nexus",FALSE,15,250,285
"9322",2023-12-26,0,4,"nexus",FALSE,4,254,289
"9323",2023-12-27,2,3,"nexus",FALSE,1,255,292
"9324",2023-12-28,0,3,"nexus",FALSE,3,258,295
"9325",2023-12-29,0,5,"nexus",FALSE,5,263,300
"9326",2023-12-30,0,5,"nexus",FALSE,5,268,305
"9327",2023-12-31,0,2,"nexus",FALSE,2,270,307
"9328",2024-01-01,0,4,"nexus",FALSE,4,274,311
"9329",2024-01-02,0,3,"nexus",FALSE,3,277,314
"9330",2024-01-03,1,5,"nexus",FALSE,4,281,319
"9331",2024-01-04,0,11,"nexus",FALSE,11,292,330
"9332",2024-01-05,0,2,"nexus",FALSE,2,294,332
"9333",2024-01-06,0,2,"nexus",FALSE,2,296,334
"9334",2024-01-07,0,9,"nexus",FALSE,9,305,343
"9335",2024-01-08,0,8,"nexus",FALSE,8,313,351
"9336",2024-01-09,0,1,"nexus",FALSE,1,314,352
"9337",2024-01-10,2,11,"nexus",FALSE,9,323,363
"9338",2024-01-11,0,7,"nexus",FALSE,7,330,370
"9339",2024-01-12,0,36,"nexus",FALSE,36,366,406
"9340",2024-01-13,0,6,"nexus",FALSE,6,372,412
"9341",2024-01-14,0,5,"nexus",FALSE,5,377,417
"9342",2024-01-15,0,4,"nexus",FALSE,4,381,421
"9343",2024-01-16,0,9,"nexus",FALSE,9,390,430
"9344",2024-01-17,2,8,"nexus",FALSE,6,396,438
"9345",2024-01-18,0,11,"nexus",FALSE,11,407,449
"9346",2024-01-19,0,4,"nexus",FALSE,4,411,453
"9347",2024-01-20,0,5,"nexus",FALSE,5,416,458
"9348",2024-01-21,0,2,"nexus",FALSE,2,418,460
"9349",2024-01-22,0,7,"nexus",FALSE,7,425,467
"9350",2024-01-23,0,16,"nexus",FALSE,16,441,483
"9351",2024-01-24,6,78,"nexus",FALSE,72,513,561
"9352",2024-01-25,1,81,"nexus",FALSE,80,593,642
"9353",2024-01-26,0,4,"nexus",FALSE,4,597,646
"9354",2024-01-27,0,2,"nexus",FALSE,2,599,648
"9355",2024-01-28,0,3,"nexus",FALSE,3,602,651
"9356",2024-01-29,0,16,"nexus",FALSE,16,618,667
"9357",2024-01-30,0,16,"nexus",FALSE,16,634,683
"9358",2024-01-31,2,8,"nexus",FALSE,6,640,691
"9359",2024-02-01,0,2,"nexus",FALSE,2,642,693
"9360",2024-02-02,0,5,"nexus",FALSE,5,647,698
"9361",2024-02-03,0,16,"nexus",FALSE,16,663,714
"9362",2024-02-04,0,2,"nexus",FALSE,2,665,716
"9363",2024-02-05,0,4,"nexus",FALSE,4,669,720
"9364",2024-02-06,0,3,"nexus",FALSE,3,672,723
"9365",2024-02-07,2,5,"nexus",FALSE,3,675,728
"9366",2024-02-08,0,8,"nexus",FALSE,8,683,736
"9367",2024-02-09,0,2,"nexus",FALSE,2,685,738
"9368",2024-02-10,0,2,"nexus",FALSE,2,687,740
"9369",2024-02-11,0,1,"nexus",FALSE,1,688,741
"9370",2024-02-12,0,3,"nexus",FALSE,3,691,744
"9371",2024-02-13,0,9,"nexus",FALSE,9,700,753
"9372",2024-02-14,2,2,"nexus",FALSE,0,700,755
"9373",2024-02-15,0,2,"nexus",FALSE,2,702,757
"9374",2024-02-16,0,6,"nexus",FALSE,6,708,763
"9375",2024-02-17,0,3,"nexus",FALSE,3,711,766
"9376",2024-02-18,0,3,"nexus",FALSE,3,714,769
"9377",2024-02-19,0,5,"nexus",FALSE,5,719,774
"9378",2024-02-20,0,7,"nexus",FALSE,7,726,781
"9379",2024-02-21,2,3,"nexus",FALSE,1,727,784
"9380",2024-02-22,0,7,"nexus",FALSE,7,734,791
"9381",2024-02-23,0,6,"nexus",FALSE,6,740,797
"9382",2024-02-24,1,2,"nexus",FALSE,1,741,799
"9383",2024-02-25,0,3,"nexus",FALSE,3,744,802
"9384",2024-02-26,0,8,"nexus",TRUE,2,746,810
"9385",2024-02-27,0,46,"nexus",FALSE,2,748,856
"9386",2024-02-28,2,19,"nexus",FALSE,17,765,875
"9387",2024-02-29,0,5,"nexus",FALSE,5,770,880
"9388",2024-03-01,0,25,"nexus",FALSE,25,795,905
"9389",2024-03-02,0,8,"nexus",FALSE,8,803,913
"9390",2024-03-03,0,11,"nexus",FALSE,11,814,924
"9391",2024-03-04,0,18,"nexus",FALSE,18,832,942
"9392",2024-03-05,0,6,"nexus",FALSE,6,838,948
"9393",2024-03-06,2,8,"nexus",FALSE,6,844,956
"9394",2024-03-07,0,11,"nexus",FALSE,11,855,967
"9395",2024-03-08,0,10,"nexus",FALSE,10,865,977
"9396",2024-03-09,0,6,"nexus",FALSE,6,871,983
"9397",2024-03-10,0,5,"nexus",FALSE,5,876,988
"9398",2024-03-11,0,5,"nexus",FALSE,5,881,993
"9399",2024-03-12,0,8,"nexus",FALSE,8,889,1001
"9400",2024-03-13,2,10,"nexus",FALSE,8,897,1011
"9401",2024-03-14,0,10,"nexus",FALSE,10,907,1021
"9402",2024-03-15,0,10,"nexus",FALSE,10,917,1031
"9403",2024-03-16,0,8,"nexus",FALSE,8,925,1039
"9404",2024-03-17,0,4,"nexus",FALSE,4,929,1043
"9405",2024-03-18,0,3,"nexus",FALSE,3,932,1046
"9406",2024-03-19,0,6,"nexus",FALSE,6,938,1052
"9407",2024-03-20,0,8,"nexus",FALSE,8,946,1060
"9408",2024-03-21,2,8,"nexus",FALSE,6,952,1068
"9409",2024-03-22,0,8,"nexus",FALSE,8,960,1076
"9410",2024-03-23,0,6,"nexus",FALSE,6,966,1082
"9411",2024-03-24,0,7,"nexus",FALSE,7,973,1089
"9412",2024-03-25,0,2,"nexus",FALSE,2,975,1091
"9413",2024-03-26,0,10,"nexus",FALSE,10,985,1101
"9414",2024-03-27,2,10,"nexus",FALSE,8,993,1111
"9415",2024-03-28,0,8,"nexus",FALSE,8,1001,1119
"9416",2024-03-29,0,8,"nexus",FALSE,8,1009,1127
"9417",2024-03-30,0,7,"nexus",FALSE,7,1016,1134
"9418",2024-03-31,0,5,"nexus",FALSE,5,1021,1139
"9419",2024-04-01,0,6,"nexus",FALSE,6,1027,1145
"9420",2024-04-02,0,4,"nexus",FALSE,4,1031,1149
"9421",2024-04-03,2,7,"nexus",FALSE,5,1036,1156
"9422",2024-04-04,0,9,"nexus",FALSE,9,1045,1165
"9423",2024-04-05,0,6,"nexus",FALSE,6,1051,1171
"9424",2024-04-06,0,1,"nexus",FALSE,1,1052,1172
"9425",2024-04-07,0,2,"nexus",FALSE,2,1054,1174
"9426",2024-04-08,0,3,"nexus",FALSE,3,1057,1177
"9427",2024-04-09,0,9,"nexus",FALSE,9,1066,1186
"9428",2024-04-10,2,13,"nexus",FALSE,11,1077,1199
"9429",2024-04-11,0,2,"nexus",FALSE,2,1079,1201
"9430",2024-04-12,0,2,"nexus",FALSE,2,1081,1203
"9431",2024-04-13,0,4,"nexus",FALSE,4,1085,1207
"9432",2024-04-14,0,3,"nexus",FALSE,3,1088,1210
"9433",2024-04-15,0,3,"nexus",FALSE,3,1091,1213
"9434",2024-04-16,0,6,"nexus",FALSE,6,1097,1219
"9435",2024-04-17,2,14,"nexus",FALSE,12,1109,1233
"9436",2024-04-18,0,6,"nexus",FALSE,6,1115,1239
"9437",2024-04-19,0,4,"nexus",FALSE,4,1119,1243
"9438",2024-04-20,0,2,"nexus",FALSE,2,1121,1245
"9439",2024-04-21,0,2,"nexus",FALSE,2,1123,1247
"9440",2024-04-22,0,9,"nexus",FALSE,9,1132,1256
"9441",2024-04-23,0,14,"nexus",FALSE,14,1146,1270
"9442",2024-04-24,0,17,"nexus",FALSE,17,1163,1287
"9443",2024-04-25,0,10,"nexus",FALSE,10,1173,1297
"9444",2024-04-26,0,10,"nexus",FALSE,10,1183,1307
"9445",2024-04-27,0,7,"nexus",FALSE,7,1190,1314
"9446",2024-04-28,0,7,"nexus",FALSE,7,1197,1321
"9447",2024-04-29,0,13,"nexus",FALSE,13,1210,1334
"9448",2024-04-30,0,5,"nexus",FALSE,5,1215,1339
"9449",2024-05-01,2,14,"nexus",FALSE,12,1227,1353
"9450",2024-05-02,0,9,"nexus",FALSE,9,1236,1362
"9451",2024-05-03,0,3,"nexus",FALSE,3,1239,1365
"9452",2024-05-04,0,3,"nexus",FALSE,3,1242,1368
"9453",2024-05-05,0,5,"nexus",FALSE,5,1247,1373
"9454",2024-05-06,0,11,"nexus",FALSE,11,1258,1384
"9455",2024-05-07,0,4,"nexus",FALSE,4,1262,1388
"9456",2024-05-08,2,13,"nexus",FALSE,11,1273,1401
"9457",2024-05-09,0,6,"nexus",FALSE,6,1279,1407
"9458",2024-05-10,0,8,"nexus",FALSE,8,1287,1415
"9459",2024-05-11,0,3,"nexus",FALSE,3,1290,1418
"9460",2024-05-12,0,4,"nexus",FALSE,4,1294,1422
"9461",2024-05-13,0,5,"nexus",FALSE,5,1299,1427
"9462",2024-05-14,0,8,"nexus",FALSE,8,1307,1435
"9463",2024-05-15,2,8,"nexus",FALSE,6,1313,1443
"9464",2024-05-16,0,6,"nexus",FALSE,6,1319,1449
"9465",2024-05-17,0,7,"nexus",FALSE,7,1326,1456
"9466",2024-05-18,0,2,"nexus",FALSE,2,1328,1458
"9467",2024-05-19,0,2,"nexus",FALSE,2,1330,1460
"9468",2024-05-20,0,3,"nexus",FALSE,3,1333,1463
"9469",2024-05-21,0,5,"nexus",FALSE,5,1338,1468
"9470",2024-05-22,2,19,"nexus",FALSE,17,1355,1487
"9471",2024-05-23,0,4,"nexus",FALSE,4,1359,1491
"9472",2024-05-24,0,3,"nexus",FALSE,3,1362,1494
"9473",2024-05-25,0,3,"nexus",FALSE,3,1365,1497
"9474",2024-05-26,0,5,"nexus",FALSE,5,1370,1502
"9475",2024-05-27,0,8,"nexus",FALSE,8,1378,1510
"9476",2024-05-28,0,8,"nexus",FALSE,8,1386,1518
"9477",2024-05-29,2,11,"nexus",FALSE,9,1395,1529
"9478",2024-05-30,0,7,"nexus",FALSE,7,1402,1536
"9479",2024-05-31,0,9,"nexus",FALSE,9,1411,1545
"9480",2024-06-01,0,4,"nexus",FALSE,4,1415,1549
"9481",2024-06-02,0,5,"nexus",FALSE,5,1420,1554
"9482",2024-06-03,0,6,"nexus",FALSE,6,1426,1560
"9483",2024-06-04,0,16,"nexus",FALSE,16,1442,1576
"9484",2024-06-05,2,16,"nexus",FALSE,14,1456,1592
"9485",2024-06-06,0,5,"nexus",FALSE,5,1461,1597
"9486",2024-06-07,0,3,"nexus",FALSE,3,1464,1600
"9487",2024-06-08,0,5,"nexus",FALSE,5,1469,1605
"9488",2024-06-09,0,1,"nexus",FALSE,1,1470,1606
"9489",2024-06-10,0,2,"nexus",FALSE,2,1472,1608
"9490",2024-06-11,0,8,"nexus",FALSE,8,1480,1616
"9491",2024-06-12,2,6,"nexus",FALSE,4,1484,1622
"9492",2024-06-13,0,3,"nexus",FALSE,3,1487,1625
"9493",2024-06-14,0,3,"nexus",FALSE,3,1490,1628
"9494",2024-06-15,0,2,"nexus",FALSE,2,1492,1630
"9495",2024-06-16,0,6,"nexus",FALSE,6,1498,1636
"9496",2024-06-17,0,9,"nexus",FALSE,9,1507,1645
"9497",2024-06-18,0,4,"nexus",FALSE,4,1511,1649
"9498",2024-06-19,2,9,"nexus",FALSE,7,1518,1658
"9499",2024-06-20,0,2,"nexus",FALSE,2,1520,1660
"9500",2024-06-21,0,7,"nexus",FALSE,7,1527,1667
"9501",2024-06-22,0,13,"nexus",FALSE,13,1540,1680
"9502",2024-06-23,0,3,"nexus",FALSE,3,1543,1683
"9503",2024-06-24,0,10,"nexus",FALSE,10,1553,1693
"9504",2024-06-25,0,6,"nexus",FALSE,6,1559,1699
"9505",2024-06-26,0,10,"nexus",FALSE,10,1569,1709
"9506",2024-06-27,0,10,"nexus",FALSE,10,1579,1719
"9507",2024-06-28,0,4,"nexus",FALSE,4,1583,1723
"9508",2024-06-29,0,3,"nexus",FALSE,3,1586,1726
"9509",2024-06-30,0,1,"nexus",FALSE,1,1587,1727
"9510",2024-07-01,0,12,"nexus",FALSE,12,1599,1739
"9511",2024-07-02,0,10,"nexus",FALSE,10,1609,1749
"9512",2024-07-03,2,8,"nexus",FALSE,6,1615,1757
"9513",2024-07-04,0,11,"nexus",FALSE,11,1626,1768
"9514",2024-07-05,0,7,"nexus",FALSE,7,1633,1775
"9515",2024-07-06,0,4,"nexus",FALSE,4,1637,1779
"9516",2024-07-07,0,1,"nexus",FALSE,1,1638,1780
"9517",2024-07-08,0,5,"nexus",FALSE,5,1643,1785
"9518",2024-07-09,0,7,"nexus",FALSE,7,1650,1792
"9519",2024-07-10,0,6,"nexus",FALSE,6,1656,1798
"9520",2024-07-11,0,4,"nexus",FALSE,4,1660,1802
"9521",2024-07-12,0,3,"nexus",FALSE,3,1663,1805
"9522",2024-07-13,0,3,"nexus",FALSE,3,1666,1808
"9523",2024-07-14,0,4,"nexus",FALSE,4,1670,1812
"9524",2024-07-15,0,4,"nexus",FALSE,4,1674,1816
"9525",2024-07-16,0,11,"nexus",FALSE,11,1685,1827
"9526",2024-07-17,2,12,"nexus",FALSE,10,1695,1839
"9527",2024-07-18,0,7,"nexus",FALSE,7,1702,1846
"9528",2024-07-19,0,4,"nexus",FALSE,4,1706,1850
"9529",2024-07-20,0,3,"nexus",FALSE,3,1709,1853
"9530",2024-07-21,0,2,"nexus",FALSE,2,1711,1855
"9531",2024-07-22,0,5,"nexus",FALSE,5,1716,1860
"9532",2024-07-23,0,9,"nexus",FALSE,9,1725,1869
"9533",2024-07-24,2,20,"nexus",FALSE,18,1743,1889
"9534",2024-07-25,0,7,"nexus",FALSE,7,1750,1896
"9535",2024-07-26,0,2,"nexus",FALSE,2,1752,1898
"9536",2024-07-27,0,2,"nexus",FALSE,2,1754,1900
"9537",2024-07-28,0,4,"nexus",FALSE,4,1758,1904
"9538",2024-07-29,0,4,"nexus",FALSE,4,1762,1908
"9539",2024-07-30,0,15,"nexus",FALSE,15,1777,1923
"9540",2024-07-31,0,11,"nexus",FALSE,11,1788,1934
"9541",2024-08-01,0,5,"nexus",FALSE,5,1793,1939
"9542",2024-08-02,0,4,"nexus",FALSE,4,1797,1943
"9543",2024-08-03,0,2,"nexus",FALSE,2,1799,1945
"9544",2024-08-04,0,2,"nexus",FALSE,2,1801,1947
"9545",2024-08-05,0,3,"nexus",FALSE,3,1804,1950
"9546",2024-08-06,0,9,"nexus",FALSE,9,1813,1959
"9547",2024-08-07,0,8,"nexus",FALSE,8,1821,1967
"9548",2024-08-08,2,5,"nexus",FALSE,3,1824,1972
"9549",2024-08-09,0,1,"nexus",FALSE,1,1825,1973
"9550",2024-08-10,0,2,"nexus",FALSE,2,1827,1975
"9551",2024-08-11,0,3,"nexus",FALSE,3,1830,1978
"9552",2024-08-12,0,7,"nexus",FALSE,7,1837,1985
"9553",2024-08-13,0,7,"nexus",FALSE,7,1844,1992
"9554",2024-08-14,0,6,"nexus",FALSE,6,1850,1998
"9555",2024-08-15,2,6,"nexus",FALSE,4,1854,2004
"9556",2024-08-16,0,9,"nexus",FALSE,9,1863,2013
"9557",2024-08-17,0,3,"nexus",FALSE,3,1866,2016
"9558",2024-08-18,0,2,"nexus",FALSE,2,1868,2018
"9559",2024-08-19,0,3,"nexus",FALSE,3,1871,2021
"9560",2024-08-20,0,15,"nexus",FALSE,15,1886,2036
"9561",2024-08-21,0,8,"nexus",FALSE,8,1894,2044
"9562",2024-08-22,0,13,"nexus",FALSE,13,1907,2057
"9563",2024-08-23,0,7,"nexus",FALSE,7,1914,2064
"9564",2024-08-24,0,7,"nexus",FALSE,7,1921,2071
"9565",2024-08-25,0,3,"nexus",FALSE,3,1924,2074
"9566",2024-08-26,0,9,"nexus",FALSE,9,1933,2083
"9567",2024-08-27,0,7,"nexus",FALSE,7,1940,2090
"9568",2024-08-28,2,9,"nexus",FALSE,7,1947,2099
"9569",2024-08-29,0,2,"nexus",FALSE,2,1949,2101
"9570",2024-08-30,0,4,"nexus",FALSE,4,1953,2105
"9571",2024-08-31,0,1,"nexus",FALSE,1,1954,2106
"9572",2024-09-01,0,3,"nexus",FALSE,3,1957,2109
"9573",2024-09-02,0,2,"nexus",FALSE,2,1959,2111
"9574",2024-09-03,0,24,"nexus",TRUE,2,1961,2135
"9575",2024-09-04,2,27,"nexus",FALSE,2,1963,2162
"9576",2024-09-05,0,46,"nexus",FALSE,46,2009,2208
"9577",2024-09-06,0,13,"nexus",FALSE,13,2022,2221
"9578",2024-09-07,0,3,"nexus",FALSE,3,2025,2224
"9579",2024-09-08,0,25,"nexus",FALSE,25,2050,2249
"9580",2024-09-09,0,9,"nexus",FALSE,9,2059,2258
"9581",2024-09-10,0,10,"nexus",FALSE,10,2069,2268
"9582",2024-09-11,3,43,"nexus",FALSE,40,2109,2311
"9583",2024-09-12,0,15,"nexus",FALSE,15,2124,2326
"9584",2024-09-13,0,5,"nexus",FALSE,5,2129,2331
"9585",2024-09-14,0,7,"nexus",FALSE,7,2136,2338
"9586",2024-09-15,0,1,"nexus",FALSE,1,2137,2339
"9587",2024-09-16,0,4,"nexus",FALSE,4,2141,2343
"9588",2024-09-17,0,2,"nexus",FALSE,2,2143,2345
"9589",2024-09-18,2,10,"nexus",FALSE,8,2151,2355
"9590",2024-09-19,0,7,"nexus",FALSE,7,2158,2362
"9591",2024-09-20,0,2,"nexus",FALSE,2,2160,2364
"9592",2024-09-21,0,14,"nexus",FALSE,14,2174,2378
"9593",2024-09-22,0,3,"nexus",FALSE,3,2177,2381
"9594",2024-09-23,0,12,"nexus",FALSE,12,2189,2393
"9595",2024-09-24,0,4,"nexus",FALSE,4,2193,2397
"9596",2024-09-25,0,8,"nexus",FALSE,8,2201,2405
"9597",2024-09-26,1,13,"nexus",FALSE,12,2213,2418
"9598",2024-09-27,0,4,"nexus",FALSE,4,2217,2422
"9599",2024-09-28,0,0,"nexus",FALSE,0,2217,2422
"9600",2024-09-29,0,0,"nexus",FALSE,0,2217,2422
"9601",2018-12-02,1,0,"tabula",FALSE,0,0,0
"9602",2018-12-03,0,11,"tabula",TRUE,2,2,11
"9603",2018-12-04,1,2,"tabula",FALSE,2,4,13
"9604",2018-12-05,6,10,"tabula",FALSE,4,8,23
"9605",2018-12-06,1,8,"tabula",FALSE,7,15,31
"9606",2018-12-07,0,14,"tabula",FALSE,14,29,45
"9607",2018-12-08,0,3,"tabula",FALSE,3,32,48
"9608",2018-12-09,2,4,"tabula",FALSE,2,34,52
"9609",2018-12-10,1,6,"tabula",FALSE,5,39,58
"9610",2018-12-11,0,1,"tabula",FALSE,1,40,59
"9611",2018-12-12,6,7,"tabula",FALSE,1,41,66
"9612",2018-12-13,1,11,"tabula",FALSE,10,51,77
"9613",2018-12-14,0,5,"tabula",FALSE,5,56,82
"9614",2018-12-15,0,9,"tabula",FALSE,9,65,91
"9615",2018-12-16,1,3,"tabula",FALSE,2,67,94
"9616",2018-12-17,1,2,"tabula",FALSE,1,68,96
"9617",2018-12-18,1,12,"tabula",FALSE,11,79,108
"9618",2018-12-19,5,10,"tabula",FALSE,5,84,118
"9619",2018-12-20,0,8,"tabula",FALSE,8,92,126
"9620",2018-12-21,0,5,"tabula",FALSE,5,97,131
"9621",2018-12-22,0,3,"tabula",FALSE,3,100,134
"9622",2018-12-23,1,7,"tabula",FALSE,6,106,141
"9623",2018-12-24,1,1,"tabula",FALSE,0,106,142
"9624",2018-12-25,1,6,"tabula",FALSE,5,111,148
"9625",2018-12-26,1,5,"tabula",FALSE,4,115,153
"9626",2018-12-27,1,8,"tabula",FALSE,7,122,161
"9627",2018-12-28,2,8,"tabula",FALSE,6,128,169
"9628",2018-12-29,1,4,"tabula",FALSE,3,131,173
"9629",2018-12-30,2,4,"tabula",FALSE,2,133,177
"9630",2018-12-31,5,5,"tabula",FALSE,0,133,182
"9631",2019-01-01,1,2,"tabula",FALSE,1,134,184
"9632",2019-01-02,6,6,"tabula",FALSE,0,134,190
"9633",2019-01-03,0,5,"tabula",FALSE,5,139,195
"9634",2019-01-04,0,4,"tabula",FALSE,4,143,199
"9635",2019-01-05,0,5,"tabula",FALSE,5,148,204
"9636",2019-01-06,0,5,"tabula",FALSE,5,153,209
"9637",2019-01-07,1,11,"tabula",FALSE,10,163,220
"9638",2019-01-08,1,20,"tabula",FALSE,19,182,240
"9639",2019-01-09,5,11,"tabula",FALSE,6,188,251
"9640",2019-01-10,1,9,"tabula",FALSE,8,196,260
"9641",2019-01-11,1,10,"tabula",FALSE,9,205,270
"9642",2019-01-12,3,4,"tabula",FALSE,1,206,274
"9643",2019-01-13,1,2,"tabula",FALSE,1,207,276
"9644",2019-01-14,1,8,"tabula",FALSE,7,214,284
"9645",2019-01-15,0,12,"tabula",FALSE,12,226,296
"9646",2019-01-16,5,12,"tabula",FALSE,7,233,308
"9647",2019-01-17,1,15,"tabula",FALSE,14,247,323
"9648",2019-01-18,2,6,"tabula",FALSE,4,251,329
"9649",2019-01-19,1,11,"tabula",FALSE,10,261,340
"9650",2019-01-20,2,8,"tabula",FALSE,6,267,348
"9651",2019-01-21,2,9,"tabula",FALSE,7,274,357
"9652",2019-01-22,2,6,"tabula",FALSE,4,278,363
"9653",2019-01-23,11,12,"tabula",FALSE,1,279,375
"9654",2019-01-24,1,12,"tabula",FALSE,11,290,387
"9655",2019-01-25,1,9,"tabula",FALSE,8,298,396
"9656",2019-01-26,1,4,"tabula",FALSE,3,301,400
"9657",2019-01-27,1,3,"tabula",FALSE,2,303,403
"9658",2019-01-28,1,7,"tabula",FALSE,6,309,410
"9659",2019-01-29,5,8,"tabula",FALSE,3,312,418
"9660",2019-01-30,7,13,"tabula",FALSE,6,318,431
"9661",2019-01-31,1,6,"tabula",FALSE,5,323,437
"9662",2019-02-01,1,9,"tabula",FALSE,8,331,446
"9663",2019-02-02,1,0,"tabula",FALSE,0,331,446
"9664",2019-02-03,0,5,"tabula",FALSE,5,336,451
"9665",2019-02-04,1,10,"tabula",FALSE,9,345,461
"9666",2019-02-05,1,13,"tabula",FALSE,12,357,474
"9667",2019-02-06,5,20,"tabula",FALSE,15,372,494
"9668",2019-02-07,0,6,"tabula",FALSE,6,378,500
"9669",2019-02-08,0,4,"tabula",FALSE,4,382,504
"9670",2019-02-09,0,8,"tabula",FALSE,8,390,512
"9671",2019-02-10,0,8,"tabula",FALSE,8,398,520
"9672",2019-02-11,0,11,"tabula",FALSE,11,409,531
"9673",2019-02-12,1,10,"tabula",FALSE,9,418,541
"9674",2019-02-13,6,9,"tabula",FALSE,3,421,550
"9675",2019-02-14,1,7,"tabula",FALSE,6,427,557
"9676",2019-02-15,1,6,"tabula",FALSE,5,432,563
"9677",2019-02-16,2,3,"tabula",FALSE,1,433,566
"9678",2019-02-17,0,7,"tabula",FALSE,7,440,573
"9679",2019-02-18,1,11,"tabula",FALSE,10,450,584
"9680",2019-02-19,1,9,"tabula",FALSE,8,458,593
"9681",2019-02-20,10,9,"tabula",FALSE,0,458,602
"9682",2019-02-21,1,10,"tabula",FALSE,9,467,612
"9683",2019-02-22,1,8,"tabula",FALSE,7,474,620
"9684",2019-02-23,0,6,"tabula",FALSE,6,480,626
"9685",2019-02-24,0,2,"tabula",FALSE,2,482,628
"9686",2019-02-25,0,7,"tabula",FALSE,7,489,635
"9687",2019-02-26,1,6,"tabula",FALSE,5,494,641
"9688",2019-02-27,3,2,"tabula",FALSE,0,494,643
"9689",2019-02-28,1,8,"tabula",FALSE,7,501,651
"9690",2019-03-01,1,4,"tabula",FALSE,3,504,655
"9691",2019-03-02,1,1,"tabula",FALSE,0,504,656
"9692",2019-03-03,2,8,"tabula",FALSE,6,510,664
"9693",2019-03-04,1,6,"tabula",FALSE,5,515,670
"9694",2019-03-05,0,13,"tabula",FALSE,13,528,683
"9695",2019-03-06,5,6,"tabula",FALSE,1,529,689
"9696",2019-03-07,3,15,"tabula",FALSE,12,541,704
"9697",2019-03-08,2,12,"tabula",FALSE,10,551,716
"9698",2019-03-09,4,8,"tabula",FALSE,4,555,724
"9699",2019-03-10,4,7,"tabula",FALSE,3,558,731
"9700",2019-03-11,4,4,"tabula",FALSE,0,558,735
"9701",2019-03-12,4,8,"tabula",FALSE,4,562,743
"9702",2019-03-13,8,12,"tabula",FALSE,4,566,755
"9703",2019-03-14,1,3,"tabula",FALSE,2,568,758
"9704",2019-03-15,2,19,"tabula",FALSE,17,585,777
"9705",2019-03-16,3,8,"tabula",FALSE,5,590,785
"9706",2019-03-17,2,15,"tabula",FALSE,13,603,800
"9707",2019-03-18,6,9,"tabula",FALSE,3,606,809
"9708",2019-03-19,6,11,"tabula",FALSE,5,611,820
"9709",2019-03-20,7,22,"tabula",TRUE,2,613,842
"9710",2019-03-21,3,21,"tabula",FALSE,2,615,863
"9711",2019-03-22,1,12,"tabula",FALSE,11,626,875
"9712",2019-03-23,0,5,"tabula",FALSE,5,631,880
"9713",2019-03-24,0,4,"tabula",FALSE,4,635,884
"9714",2019-03-25,2,16,"tabula",FALSE,14,649,900
"9715",2019-03-26,1,10,"tabula",FALSE,9,658,910
"9716",2019-03-27,6,24,"tabula",FALSE,18,676,934
"9717",2019-03-28,0,12,"tabula",FALSE,12,688,946
"9718",2019-03-29,1,14,"tabula",FALSE,13,701,960
"9719",2019-03-30,2,4,"tabula",FALSE,2,703,964
"9720",2019-03-31,1,5,"tabula",FALSE,4,707,969
"9721",2019-04-01,0,16,"tabula",FALSE,16,723,985
"9722",2019-04-02,1,22,"tabula",FALSE,21,744,1007
"9723",2019-04-03,5,17,"tabula",FALSE,12,756,1024
"9724",2019-04-04,1,20,"tabula",FALSE,19,775,1044
"9725",2019-04-05,1,13,"tabula",FALSE,12,787,1057
"9726",2019-04-06,0,15,"tabula",FALSE,15,802,1072
"9727",2019-04-07,0,6,"tabula",FALSE,6,808,1078
"9728",2019-04-08,0,14,"tabula",FALSE,14,822,1092
"9729",2019-04-09,0,13,"tabula",FALSE,13,835,1105
"9730",2019-04-10,5,17,"tabula",FALSE,12,847,1122
"9731",2019-04-11,0,7,"tabula",FALSE,7,854,1129
"9732",2019-04-12,0,17,"tabula",FALSE,17,871,1146
"9733",2019-04-13,1,5,"tabula",FALSE,4,875,1151
"9734",2019-04-14,1,6,"tabula",FALSE,5,880,1157
"9735",2019-04-15,1,7,"tabula",FALSE,6,886,1164
"9736",2019-04-16,1,6,"tabula",FALSE,5,891,1170
"9737",2019-04-17,10,21,"tabula",FALSE,11,902,1191
"9738",2019-04-18,1,13,"tabula",FALSE,12,914,1204
"9739",2019-04-19,1,11,"tabula",FALSE,10,924,1215
"9740",2019-04-20,1,11,"tabula",FALSE,10,934,1226
"9741",2019-04-21,1,6,"tabula",FALSE,5,939,1232
"9742",2019-04-22,0,8,"tabula",FALSE,8,947,1240
"9743",2019-04-23,0,10,"tabula",FALSE,10,957,1250
"9744",2019-04-24,4,10,"tabula",FALSE,6,963,1260
"9745",2019-04-25,2,10,"tabula",FALSE,8,971,1270
"9746",2019-04-26,1,12,"tabula",FALSE,11,982,1282
"9747",2019-04-27,2,4,"tabula",FALSE,2,984,1286
"9748",2019-04-28,2,8,"tabula",FALSE,6,990,1294
"9749",2019-04-29,5,21,"tabula",FALSE,16,1006,1315
"9750",2019-04-30,1,9,"tabula",FALSE,8,1014,1324
"9751",2019-05-01,4,14,"tabula",FALSE,10,1024,1338
"9752",2019-05-02,3,14,"tabula",FALSE,11,1035,1352
"9753",2019-05-03,1,9,"tabula",FALSE,8,1043,1361
"9754",2019-05-04,1,2,"tabula",FALSE,1,1044,1363
"9755",2019-05-05,0,10,"tabula",FALSE,10,1054,1373
"9756",2019-05-06,18,26,"tabula",FALSE,8,1062,1399
"9757",2019-05-07,13,13,"tabula",FALSE,0,1062,1412
"9758",2019-05-08,9,23,"tabula",FALSE,14,1076,1435
"9759",2019-05-09,0,9,"tabula",FALSE,9,1085,1444
"9760",2019-05-10,0,6,"tabula",FALSE,6,1091,1450
"9761",2019-05-11,0,7,"tabula",FALSE,7,1098,1457
"9762",2019-05-12,9,26,"tabula",FALSE,17,1115,1483
"9763",2019-05-13,12,18,"tabula",FALSE,6,1121,1501
"9764",2019-05-14,6,18,"tabula",FALSE,12,1133,1519
"9765",2019-05-15,49,52,"tabula",FALSE,3,1136,1571
"9766",2019-05-16,18,30,"tabula",FALSE,12,1148,1601
"9767",2019-05-17,7,20,"tabula",FALSE,13,1161,1621
"9768",2019-05-18,17,20,"tabula",FALSE,3,1164,1641
"9769",2019-05-19,17,16,"tabula",FALSE,0,1164,1657
"9770",2019-05-20,2,11,"tabula",FALSE,9,1173,1668
"9771",2019-05-21,2,5,"tabula",FALSE,3,1176,1673
"9772",2019-05-22,4,12,"tabula",FALSE,8,1184,1685
"9773",2019-05-23,1,7,"tabula",FALSE,6,1190,1692
"9774",2019-05-24,1,8,"tabula",FALSE,7,1197,1700
"9775",2019-05-25,1,4,"tabula",FALSE,3,1200,1704
"9776",2019-05-26,1,5,"tabula",FALSE,4,1204,1709
"9777",2019-05-27,0,11,"tabula",FALSE,11,1215,1720
"9778",2019-05-28,0,8,"tabula",FALSE,8,1223,1728
"9779",2019-05-29,3,14,"tabula",FALSE,11,1234,1742
"9780",2019-05-30,1,3,"tabula",FALSE,2,1236,1745
"9781",2019-05-31,0,5,"tabula",FALSE,5,1241,1750
"9782",2019-06-01,1,3,"tabula",FALSE,2,1243,1753
"9783",2019-06-02,1,3,"tabula",FALSE,2,1245,1756
"9784",2019-06-03,1,1,"tabula",FALSE,0,1245,1757
"9785",2019-06-04,1,24,"tabula",FALSE,23,1268,1781
"9786",2019-06-05,3,10,"tabula",FALSE,7,1275,1791
"9787",2019-06-06,0,6,"tabula",FALSE,6,1281,1797
"9788",2019-06-07,0,7,"tabula",FALSE,7,1288,1804
"9789",2019-06-08,1,6,"tabula",FALSE,5,1293,1810
"9790",2019-06-09,0,2,"tabula",FALSE,2,1295,1812
"9791",2019-06-10,1,4,"tabula",FALSE,3,1298,1816
"9792",2019-06-11,0,2,"tabula",FALSE,2,1300,1818
"9793",2019-06-12,2,3,"tabula",FALSE,1,1301,1821
"9794",2019-06-13,0,10,"tabula",FALSE,10,1311,1831
"9795",2019-06-14,0,11,"tabula",FALSE,11,1322,1842
"9796",2019-06-15,1,8,"tabula",FALSE,7,1329,1850
"9797",2019-06-16,1,5,"tabula",FALSE,4,1333,1855
"9798",2019-06-17,0,8,"tabula",FALSE,8,1341,1863
"9799",2019-06-18,1,9,"tabula",FALSE,8,1349,1872
"9800",2019-06-19,2,9,"tabula",FALSE,7,1356,1881
"9801",2019-06-20,0,7,"tabula",FALSE,7,1363,1888
"9802",2019-06-21,0,8,"tabula",FALSE,8,1371,1896
"9803",2019-06-22,0,3,"tabula",FALSE,3,1374,1899
"9804",2019-06-23,1,6,"tabula",FALSE,5,1379,1905
"9805",2019-06-24,2,5,"tabula",FALSE,3,1382,1910
"9806",2019-06-25,9,21,"tabula",FALSE,12,1394,1931
"9807",2019-06-26,5,4,"tabula",FALSE,0,1394,1935
"9808",2019-06-27,4,7,"tabula",FALSE,3,1397,1942
"9809",2019-06-28,4,13,"tabula",FALSE,9,1406,1955
"9810",2019-06-29,7,11,"tabula",FALSE,4,1410,1966
"9811",2019-06-30,3,2,"tabula",FALSE,0,1410,1968
"9812",2019-07-01,4,13,"tabula",FALSE,9,1419,1981
"9813",2019-07-02,3,6,"tabula",FALSE,3,1422,1987
"9814",2019-07-03,7,11,"tabula",FALSE,4,1426,1998
"9815",2019-07-04,3,6,"tabula",FALSE,3,1429,2004
"9816",2019-07-05,0,8,"tabula",FALSE,8,1437,2012
"9817",2019-07-06,1,6,"tabula",FALSE,5,1442,2018
"9818",2019-07-07,1,6,"tabula",FALSE,5,1447,2024
"9819",2019-07-08,1,13,"tabula",FALSE,12,1459,2037
"9820",2019-07-09,1,6,"tabula",FALSE,5,1464,2043
"9821",2019-07-10,3,9,"tabula",FALSE,6,1470,2052
"9822",2019-07-11,1,10,"tabula",FALSE,9,1479,2062
"9823",2019-07-12,0,9,"tabula",FALSE,9,1488,2071
"9824",2019-07-13,1,15,"tabula",FALSE,14,1502,2086
"9825",2019-07-14,2,4,"tabula",FALSE,2,1504,2090
"9826",2019-07-15,4,9,"tabula",FALSE,5,1509,2099
"9827",2019-07-16,3,10,"tabula",FALSE,7,1516,2109
"9828",2019-07-17,6,12,"tabula",FALSE,6,1522,2121
"9829",2019-07-18,11,26,"tabula",FALSE,15,1537,2147
"9830",2019-07-19,0,11,"tabula",FALSE,11,1548,2158
"9831",2019-07-20,0,7,"tabula",FALSE,7,1555,2165
"9832",2019-07-21,5,19,"tabula",FALSE,14,1569,2184
"9833",2019-07-22,21,28,"tabula",FALSE,7,1576,2212
"9834",2019-07-23,13,19,"tabula",FALSE,6,1582,2231
"9835",2019-07-24,5,8,"tabula",FALSE,3,1585,2239
"9836",2019-07-25,1,6,"tabula",FALSE,5,1590,2245
"9837",2019-07-26,7,9,"tabula",FALSE,2,1592,2254
"9838",2019-07-27,2,16,"tabula",FALSE,14,1606,2270
"9839",2019-07-28,0,0,"tabula",FALSE,0,1606,2270
"9840",2019-07-29,2,7,"tabula",FALSE,5,1611,2277
"9841",2019-07-30,5,17,"tabula",FALSE,12,1623,2294
"9842",2019-07-31,4,14,"tabula",FALSE,10,1633,2308
"9843",2019-08-01,1,3,"tabula",FALSE,2,1635,2311
"9844",2019-08-02,0,8,"tabula",FALSE,8,1643,2319
"9845",2019-08-03,0,5,"tabula",FALSE,5,1648,2324
"9846",2019-08-04,1,2,"tabula",FALSE,1,1649,2326
"9847",2019-08-05,1,6,"tabula",FALSE,5,1654,2332
"9848",2019-08-06,1,10,"tabula",FALSE,9,1663,2342
"9849",2019-08-07,16,21,"tabula",FALSE,5,1668,2363
"9850",2019-08-08,1,5,"tabula",FALSE,4,1672,2368
"9851",2019-08-09,1,11,"tabula",FALSE,10,1682,2379
"9852",2019-08-10,2,9,"tabula",FALSE,7,1689,2388
"9853",2019-08-11,8,10,"tabula",FALSE,2,1691,2398
"9854",2019-08-12,3,8,"tabula",FALSE,5,1696,2406
"9855",2019-08-13,0,2,"tabula",FALSE,2,1698,2408
"9856",2019-08-14,3,7,"tabula",FALSE,4,1702,2415
"9857",2019-08-15,1,5,"tabula",FALSE,4,1706,2420
"9858",2019-08-16,1,9,"tabula",FALSE,8,1714,2429
"9859",2019-08-17,1,5,"tabula",FALSE,4,1718,2434
"9860",2019-08-18,3,3,"tabula",FALSE,0,1718,2437
"9861",2019-08-19,2,7,"tabula",FALSE,5,1723,2444
"9862",2019-08-20,2,2,"tabula",FALSE,0,1723,2446
"9863",2019-08-21,3,9,"tabula",FALSE,6,1729,2455
"9864",2019-08-22,0,16,"tabula",FALSE,16,1745,2471
"9865",2019-08-23,2,6,"tabula",FALSE,4,1749,2477
"9866",2019-08-24,0,7,"tabula",FALSE,7,1756,2484
"9867",2019-08-25,1,1,"tabula",FALSE,0,1756,2485
"9868",2019-08-26,1,3,"tabula",FALSE,2,1758,2488
"9869",2019-08-27,1,6,"tabula",FALSE,5,1763,2494
"9870",2019-08-28,6,5,"tabula",FALSE,0,1763,2499
"9871",2019-08-29,3,8,"tabula",FALSE,5,1768,2507
"9872",2019-08-30,1,30,"tabula",FALSE,29,1797,2537
"9873",2019-08-31,1,7,"tabula",FALSE,6,1803,2544
"9874",2019-09-01,1,6,"tabula",FALSE,5,1808,2550
"9875",2019-09-02,2,5,"tabula",FALSE,3,1811,2555
"9876",2019-09-03,5,15,"tabula",FALSE,10,1821,2570
"9877",2019-09-04,6,11,"tabula",FALSE,5,1826,2581
"9878",2019-09-05,1,13,"tabula",FALSE,12,1838,2594
"9879",2019-09-06,0,10,"tabula",FALSE,10,1848,2604
"9880",2019-09-07,1,6,"tabula",FALSE,5,1853,2610
"9881",2019-09-08,0,7,"tabula",FALSE,7,1860,2617
"9882",2019-09-09,1,6,"tabula",FALSE,5,1865,2623
"9883",2019-09-10,7,15,"tabula",FALSE,8,1873,2638
"9884",2019-09-11,4,14,"tabula",FALSE,10,1883,2652
"9885",2019-09-12,1,15,"tabula",FALSE,14,1897,2667
"9886",2019-09-13,0,12,"tabula",FALSE,12,1909,2679
"9887",2019-09-14,2,10,"tabula",FALSE,8,1917,2689
"9888",2019-09-15,6,11,"tabula",FALSE,5,1922,2700
"9889",2019-09-16,7,16,"tabula",FALSE,9,1931,2716
"9890",2019-09-17,3,26,"tabula",FALSE,23,1954,2742
"9891",2019-09-18,5,24,"tabula",FALSE,19,1973,2766
"9892",2019-09-19,4,12,"tabula",FALSE,8,1981,2778
"9893",2019-09-20,2,15,"tabula",TRUE,2,1983,2793
"9894",2019-09-21,1,17,"tabula",FALSE,2,1985,2810
"9895",2019-09-22,0,12,"tabula",FALSE,12,1997,2822
"9896",2019-09-23,0,24,"tabula",FALSE,24,2021,2846
"9897",2019-09-24,0,10,"tabula",FALSE,10,2031,2856
"9898",2019-09-25,6,28,"tabula",FALSE,22,2053,2884
"9899",2019-09-26,5,5,"tabula",FALSE,0,2053,2889
"9900",2019-09-27,3,4,"tabula",FALSE,1,2054,2893
"9901",2019-09-28,3,9,"tabula",FALSE,6,2060,2902
"9902",2019-09-29,0,6,"tabula",FALSE,6,2066,2908
"9903",2019-09-30,2,13,"tabula",FALSE,11,2077,2921
"9904",2019-10-01,1,13,"tabula",FALSE,12,2089,2934
"9905",2019-10-02,4,12,"tabula",FALSE,8,2097,2946
"9906",2019-10-03,5,6,"tabula",FALSE,1,2098,2952
"9907",2019-10-04,1,16,"tabula",FALSE,15,2113,2968
"9908",2019-10-05,3,12,"tabula",FALSE,9,2122,2980
"9909",2019-10-06,0,16,"tabula",FALSE,16,2138,2996
"9910",2019-10-07,0,10,"tabula",FALSE,10,2148,3006
"9911",2019-10-08,1,9,"tabula",FALSE,8,2156,3015
"9912",2019-10-09,7,13,"tabula",FALSE,6,2162,3028
"9913",2019-10-10,4,10,"tabula",FALSE,6,2168,3038
"9914",2019-10-11,4,25,"tabula",FALSE,21,2189,3063
"9915",2019-10-12,5,11,"tabula",FALSE,6,2195,3074
"9916",2019-10-13,2,11,"tabula",FALSE,9,2204,3085
"9917",2019-10-14,3,19,"tabula",FALSE,16,2220,3104
"9918",2019-10-15,1,15,"tabula",FALSE,14,2234,3119
"9919",2019-10-16,4,5,"tabula",FALSE,1,2235,3124
"9920",2019-10-17,0,18,"tabula",FALSE,18,2253,3142
"9921",2019-10-18,5,12,"tabula",FALSE,7,2260,3154
"9922",2019-10-19,2,5,"tabula",FALSE,3,2263,3159
"9923",2019-10-20,1,6,"tabula",FALSE,5,2268,3165
"9924",2019-10-21,6,13,"tabula",FALSE,7,2275,3178
"9925",2019-10-22,7,25,"tabula",FALSE,18,2293,3203
"9926",2019-10-23,13,20,"tabula",FALSE,7,2300,3223
"9927",2019-10-24,3,11,"tabula",FALSE,8,2308,3234
"9928",2019-10-25,2,5,"tabula",FALSE,3,2311,3239
"9929",2019-10-26,1,4,"tabula",FALSE,3,2314,3243
"9930",2019-10-27,0,9,"tabula",FALSE,9,2323,3252
"9931",2019-10-28,0,12,"tabula",FALSE,12,2335,3264
"9932",2019-10-29,0,9,"tabula",FALSE,9,2344,3273
"9933",2019-10-30,3,9,"tabula",FALSE,6,2350,3282
"9934",2019-10-31,0,10,"tabula",FALSE,10,2360,3292
"9935",2019-11-01,0,5,"tabula",FALSE,5,2365,3297
"9936",2019-11-02,1,5,"tabula",FALSE,4,2369,3302
"9937",2019-11-03,1,4,"tabula",FALSE,3,2372,3306
"9938",2019-11-04,1,7,"tabula",FALSE,6,2378,3313
"9939",2019-11-05,1,12,"tabula",FALSE,11,2389,3325
"9940",2019-11-06,3,12,"tabula",FALSE,9,2398,3337
"9941",2019-11-07,1,16,"tabula",FALSE,15,2413,3353
"9942",2019-11-08,0,12,"tabula",FALSE,12,2425,3365
"9943",2019-11-09,0,6,"tabula",FALSE,6,2431,3371
"9944",2019-11-10,1,4,"tabula",FALSE,3,2434,3375
"9945",2019-11-11,1,11,"tabula",FALSE,10,2444,3386
"9946",2019-11-12,0,6,"tabula",FALSE,6,2450,3392
"9947",2019-11-13,6,16,"tabula",FALSE,10,2460,3408
"9948",2019-11-14,3,11,"tabula",FALSE,8,2468,3419
"9949",2019-11-15,2,8,"tabula",FALSE,6,2474,3427
"9950",2019-11-16,2,3,"tabula",FALSE,1,2475,3430
"9951",2019-11-17,0,1,"tabula",FALSE,1,2476,3431
"9952",2019-11-18,5,8,"tabula",FALSE,3,2479,3439
"9953",2019-11-19,5,27,"tabula",FALSE,22,2501,3466
"9954",2019-11-20,7,19,"tabula",FALSE,12,2513,3485
"9955",2019-11-21,1,15,"tabula",FALSE,14,2527,3500
"9956",2019-11-22,1,21,"tabula",FALSE,20,2547,3521
"9957",2019-11-23,1,11,"tabula",FALSE,10,2557,3532
"9958",2019-11-24,1,8,"tabula",FALSE,7,2564,3540
"9959",2019-11-25,1,9,"tabula",FALSE,8,2572,3549
"9960",2019-11-26,2,10,"tabula",FALSE,8,2580,3559
"9961",2019-11-27,6,17,"tabula",FALSE,11,2591,3576
"9962",2019-11-28,1,26,"tabula",FALSE,25,2616,3602
"9963",2019-11-29,1,10,"tabula",FALSE,9,2625,3612
"9964",2019-11-30,0,10,"tabula",FALSE,10,2635,3622
"9965",2019-12-01,2,9,"tabula",FALSE,7,2642,3631
"9966",2019-12-02,1,8,"tabula",FALSE,7,2649,3639
"9967",2019-12-03,3,7,"tabula",FALSE,4,2653,3646
"9968",2019-12-04,15,20,"tabula",FALSE,5,2658,3666
"9969",2019-12-05,2,6,"tabula",FALSE,4,2662,3672
"9970",2019-12-06,2,15,"tabula",FALSE,13,2675,3687
"9971",2019-12-07,0,9,"tabula",FALSE,9,2684,3696
"9972",2019-12-08,6,8,"tabula",FALSE,2,2686,3704
"9973",2019-12-09,0,3,"tabula",FALSE,3,2689,3707
"9974",2019-12-10,1,6,"tabula",FALSE,5,2694,3713
"9975",2019-12-11,8,24,"tabula",FALSE,16,2710,3737
"9976",2019-12-12,7,10,"tabula",FALSE,3,2713,3747
"9977",2019-12-13,0,10,"tabula",FALSE,10,2723,3757
"9978",2019-12-14,0,8,"tabula",FALSE,8,2731,3765
"9979",2019-12-15,0,10,"tabula",FALSE,10,2741,3775
"9980",2019-12-16,0,13,"tabula",FALSE,13,2754,3788
"9981",2019-12-17,0,11,"tabula",FALSE,11,2765,3799
"9982",2019-12-18,3,11,"tabula",FALSE,8,2773,3810
"9983",2019-12-19,0,13,"tabula",FALSE,13,2786,3823
"9984",2019-12-20,3,11,"tabula",FALSE,8,2794,3834
"9985",2019-12-21,5,8,"tabula",FALSE,3,2797,3842
"9986",2019-12-22,4,12,"tabula",FALSE,8,2805,3854
"9987",2019-12-23,4,9,"tabula",FALSE,5,2810,3863
"9988",2019-12-24,4,5,"tabula",FALSE,1,2811,3868
"9989",2019-12-25,7,11,"tabula",FALSE,4,2815,3879
"9990",2019-12-26,4,10,"tabula",FALSE,6,2821,3889
"9991",2019-12-27,4,8,"tabula",FALSE,4,2825,3897
"9992",2019-12-28,5,9,"tabula",FALSE,4,2829,3906
"9993",2019-12-29,6,7,"tabula",FALSE,1,2830,3913
"9994",2019-12-30,4,17,"tabula",FALSE,13,2843,3930
"9995",2019-12-31,3,15,"tabula",FALSE,12,2855,3945
"9996",2020-01-01,8,16,"tabula",FALSE,8,2863,3961
"9997",2020-01-02,3,13,"tabula",FALSE,10,2873,3974
"9998",2020-01-03,8,18,"tabula",FALSE,10,2883,3992
"9999",2020-01-04,9,15,"tabula",FALSE,6,2889,4007
"10000",2020-01-05,6,10,"tabula",FALSE,4,2893,4017
"10001",2020-01-06,5,14,"tabula",FALSE,9,2902,4031
"10002",2020-01-07,4,15,"tabula",FALSE,11,2913,4046
"10003",2020-01-08,14,31,"tabula",FALSE,17,2930,4077
"10004",2020-01-09,10,22,"tabula",FALSE,12,2942,4099
"10005",2020-01-10,10,18,"tabula",FALSE,8,2950,4117
"10006",2020-01-11,12,16,"tabula",FALSE,4,2954,4133
"10007",2020-01-12,9,12,"tabula",FALSE,3,2957,4145
"10008",2020-01-13,8,14,"tabula",FALSE,6,2963,4159
"10009",2020-01-14,8,13,"tabula",FALSE,5,2968,4172
"10010",2020-01-15,11,13,"tabula",FALSE,2,2970,4185
"10011",2020-01-16,4,25,"tabula",TRUE,2,2972,4210
"10012",2020-01-17,5,29,"tabula",FALSE,2,2974,4239
"10013",2020-01-18,4,25,"tabula",FALSE,21,2995,4264
"10014",2020-01-19,4,23,"tabula",FALSE,19,3014,4287
"10015",2020-01-20,4,32,"tabula",FALSE,28,3042,4319
"10016",2020-01-21,4,40,"tabula",FALSE,36,3078,4359
"10017",2020-01-22,13,41,"tabula",FALSE,28,3106,4400
"10018",2020-01-23,3,33,"tabula",FALSE,30,3136,4433
"10019",2020-01-24,3,36,"tabula",FALSE,33,3169,4469
"10020",2020-01-25,3,34,"tabula",FALSE,31,3200,4503
"10021",2020-01-26,3,30,"tabula",FALSE,27,3227,4533
"10022",2020-01-27,5,30,"tabula",FALSE,25,3252,4563
"10023",2020-01-28,3,38,"tabula",FALSE,35,3287,4601
"10024",2020-01-29,13,40,"tabula",FALSE,27,3314,4641
"10025",2020-01-30,3,30,"tabula",FALSE,27,3341,4671
"10026",2020-01-31,3,37,"tabula",FALSE,34,3375,4708
"10027",2020-02-01,5,23,"tabula",FALSE,18,3393,4731
"10028",2020-02-02,4,16,"tabula",FALSE,12,3405,4747
"10029",2020-02-03,3,14,"tabula",FALSE,11,3416,4761
"10030",2020-02-04,3,17,"tabula",FALSE,14,3430,4778
"10031",2020-02-05,4,26,"tabula",FALSE,22,3452,4804
"10032",2020-02-06,3,23,"tabula",FALSE,20,3472,4827
"10033",2020-02-07,1,21,"tabula",FALSE,20,3492,4848
"10034",2020-02-08,0,19,"tabula",FALSE,19,3511,4867
"10035",2020-02-09,0,13,"tabula",FALSE,13,3524,4880
"10036",2020-02-10,0,11,"tabula",FALSE,11,3535,4891
"10037",2020-02-11,0,18,"tabula",FALSE,18,3553,4909
"10038",2020-02-12,6,24,"tabula",FALSE,18,3571,4933
"10039",2020-02-13,0,14,"tabula",FALSE,14,3585,4947
"10040",2020-02-14,0,18,"tabula",FALSE,18,3603,4965
"10041",2020-02-15,4,11,"tabula",FALSE,7,3610,4976
"10042",2020-02-16,1,16,"tabula",FALSE,15,3625,4992
"10043",2020-02-17,0,10,"tabula",FALSE,10,3635,5002
"10044",2020-02-18,0,16,"tabula",FALSE,16,3651,5018
"10045",2020-02-19,7,25,"tabula",FALSE,18,3669,5043
"10046",2020-02-20,0,14,"tabula",FALSE,14,3683,5057
"10047",2020-02-21,0,17,"tabula",FALSE,17,3700,5074
"10048",2020-02-22,0,15,"tabula",FALSE,15,3715,5089
"10049",2020-02-23,0,9,"tabula",FALSE,9,3724,5098
"10050",2020-02-24,0,22,"tabula",FALSE,22,3746,5120
"10051",2020-02-25,0,14,"tabula",FALSE,14,3760,5134
"10052",2020-02-26,5,24,"tabula",FALSE,19,3779,5158
"10053",2020-02-27,0,18,"tabula",FALSE,18,3797,5176
"10054",2020-02-28,0,11,"tabula",FALSE,11,3808,5187
"10055",2020-02-29,0,3,"tabula",FALSE,3,3811,5190
"10056",2020-03-01,0,17,"tabula",FALSE,17,3828,5207
"10057",2020-03-02,0,12,"tabula",FALSE,12,3840,5219
"10058",2020-03-03,0,22,"tabula",FALSE,22,3862,5241
"10059",2020-03-04,6,28,"tabula",FALSE,22,3884,5269
"10060",2020-03-05,0,17,"tabula",FALSE,17,3901,5286
"10061",2020-03-06,0,17,"tabula",FALSE,17,3918,5303
"10062",2020-03-07,0,14,"tabula",FALSE,14,3932,5317
"10063",2020-03-08,0,18,"tabula",FALSE,18,3950,5335
"10064",2020-03-09,0,13,"tabula",FALSE,13,3963,5348
"10065",2020-03-10,0,25,"tabula",FALSE,25,3988,5373
"10066",2020-03-11,4,13,"tabula",FALSE,9,3997,5386
"10067",2020-03-12,1,25,"tabula",FALSE,24,4021,5411
"10068",2020-03-13,1,22,"tabula",FALSE,21,4042,5433
"10069",2020-03-14,0,8,"tabula",FALSE,8,4050,5441
"10070",2020-03-15,0,8,"tabula",FALSE,8,4058,5449
"10071",2020-03-16,0,26,"tabula",FALSE,26,4084,5475
"10072",2020-03-17,0,14,"tabula",FALSE,14,4098,5489
"10073",2020-03-18,2,10,"tabula",FALSE,8,4106,5499
"10074",2020-03-19,0,25,"tabula",TRUE,2,4108,5524
"10075",2020-03-20,0,42,"tabula",FALSE,2,4110,5566
"10076",2020-03-21,0,28,"tabula",FALSE,28,4138,5594
"10077",2020-03-22,0,22,"tabula",FALSE,22,4160,5616
"10078",2020-03-23,0,26,"tabula",FALSE,26,4186,5642
"10079",2020-03-24,1,19,"tabula",FALSE,18,4204,5661
"10080",2020-03-25,4,35,"tabula",FALSE,31,4235,5696
"10081",2020-03-26,0,33,"tabula",FALSE,33,4268,5729
"10082",2020-03-27,0,15,"tabula",FALSE,15,4283,5744
"10083",2020-03-28,0,22,"tabula",FALSE,22,4305,5766
"10084",2020-03-29,0,30,"tabula",FALSE,30,4335,5796
"10085",2020-03-30,0,31,"tabula",FALSE,31,4366,5827
"10086",2020-03-31,0,32,"tabula",FALSE,32,4398,5859
"10087",2020-04-01,6,32,"tabula",FALSE,26,4424,5891
"10088",2020-04-02,0,16,"tabula",FALSE,16,4440,5907
"10089",2020-04-03,0,27,"tabula",FALSE,27,4467,5934
"10090",2020-04-04,0,24,"tabula",FALSE,24,4491,5958
"10091",2020-04-05,0,22,"tabula",FALSE,22,4513,5980
"10092",2020-04-06,0,30,"tabula",FALSE,30,4543,6010
"10093",2020-04-07,0,31,"tabula",FALSE,31,4574,6041
"10094",2020-04-08,6,35,"tabula",FALSE,29,4603,6076
"10095",2020-04-09,0,48,"tabula",FALSE,48,4651,6124
"10096",2020-04-10,0,14,"tabula",FALSE,14,4665,6138
"10097",2020-04-11,0,9,"tabula",FALSE,9,4674,6147
"10098",2020-04-12,0,15,"tabula",FALSE,15,4689,6162
"10099",2020-04-13,0,20,"tabula",FALSE,20,4709,6182
"10100",2020-04-14,1,15,"tabula",FALSE,14,4723,6197
"10101",2020-04-15,5,47,"tabula",FALSE,42,4765,6244
"10102",2020-04-16,0,33,"tabula",FALSE,33,4798,6277
"10103",2020-04-17,0,31,"tabula",FALSE,31,4829,6308
"10104",2020-04-18,0,8,"tabula",FALSE,8,4837,6316
"10105",2020-04-19,0,4,"tabula",FALSE,4,4841,6320
"10106",2020-04-20,0,18,"tabula",FALSE,18,4859,6338
"10107",2020-04-21,0,12,"tabula",FALSE,12,4871,6350
"10108",2020-04-22,6,42,"tabula",FALSE,36,4907,6392
"10109",2020-04-23,1,15,"tabula",FALSE,14,4921,6407
"10110",2020-04-24,0,23,"tabula",FALSE,23,4944,6430
"10111",2020-04-25,0,27,"tabula",FALSE,27,4971,6457
"10112",2020-04-26,0,23,"tabula",FALSE,23,4994,6480
"10113",2020-04-27,0,26,"tabula",FALSE,26,5020,6506
"10114",2020-04-28,0,26,"tabula",FALSE,26,5046,6532
"10115",2020-04-29,5,55,"tabula",FALSE,50,5096,6587
"10116",2020-04-30,0,27,"tabula",FALSE,27,5123,6614
"10117",2020-05-01,0,20,"tabula",FALSE,20,5143,6634
"10118",2020-05-02,0,30,"tabula",FALSE,30,5173,6664
"10119",2020-05-03,0,28,"tabula",FALSE,28,5201,6692
"10120",2020-05-04,0,39,"tabula",FALSE,39,5240,6731
"10121",2020-05-05,0,27,"tabula",FALSE,27,5267,6758
"10122",2020-05-06,5,40,"tabula",FALSE,35,5302,6798
"10123",2020-05-07,0,21,"tabula",FALSE,21,5323,6819
"10124",2020-05-08,0,14,"tabula",FALSE,14,5337,6833
"10125",2020-05-09,0,28,"tabula",FALSE,28,5365,6861
"10126",2020-05-10,0,46,"tabula",FALSE,46,5411,6907
"10127",2020-05-11,0,47,"tabula",FALSE,47,5458,6954
"10128",2020-05-12,0,21,"tabula",FALSE,21,5479,6975
"10129",2020-05-13,5,25,"tabula",FALSE,20,5499,7000
"10130",2020-05-14,0,12,"tabula",FALSE,12,5511,7012
"10131",2020-05-15,0,16,"tabula",FALSE,16,5527,7028
"10132",2020-05-16,0,15,"tabula",FALSE,15,5542,7043
"10133",2020-05-17,0,21,"tabula",FALSE,21,5563,7064
"10134",2020-05-18,0,25,"tabula",FALSE,25,5588,7089
"10135",2020-05-19,0,26,"tabula",FALSE,26,5614,7115
"10136",2020-05-20,5,34,"tabula",FALSE,29,5643,7149
"10137",2020-05-21,0,12,"tabula",FALSE,12,5655,7161
"10138",2020-05-22,0,11,"tabula",FALSE,11,5666,7172
"10139",2020-05-23,0,12,"tabula",FALSE,12,5678,7184
"10140",2020-05-24,0,5,"tabula",FALSE,5,5683,7189
"10141",2020-05-25,0,20,"tabula",FALSE,20,5703,7209
"10142",2020-05-26,0,17,"tabula",FALSE,17,5720,7226
"10143",2020-05-27,5,27,"tabula",FALSE,22,5742,7253
"10144",2020-05-28,0,21,"tabula",FALSE,21,5763,7274
"10145",2020-05-29,0,17,"tabula",FALSE,17,5780,7291
"10146",2020-05-30,0,19,"tabula",FALSE,19,5799,7310
"10147",2020-05-31,0,16,"tabula",FALSE,16,5815,7326
"10148",2020-06-01,0,11,"tabula",FALSE,11,5826,7337
"10149",2020-06-02,0,20,"tabula",FALSE,20,5846,7357
"10150",2020-06-03,5,27,"tabula",FALSE,22,5868,7384
"10151",2020-06-04,0,20,"tabula",FALSE,20,5888,7404
"10152",2020-06-05,0,13,"tabula",FALSE,13,5901,7417
"10153",2020-06-06,0,9,"tabula",FALSE,9,5910,7426
"10154",2020-06-07,0,15,"tabula",FALSE,15,5925,7441
"10155",2020-06-08,0,20,"tabula",FALSE,20,5945,7461
"10156",2020-06-09,0,18,"tabula",FALSE,18,5963,7479
"10157",2020-06-10,6,36,"tabula",FALSE,30,5993,7515
"10158",2020-06-11,2,21,"tabula",FALSE,19,6012,7536
"10159",2020-06-12,0,27,"tabula",FALSE,27,6039,7563
"10160",2020-06-13,0,15,"tabula",FALSE,15,6054,7578
"10161",2020-06-14,0,13,"tabula",FALSE,13,6067,7591
"10162",2020-06-15,0,14,"tabula",FALSE,14,6081,7605
"10163",2020-06-16,0,14,"tabula",FALSE,14,6095,7619
"10164",2020-06-17,4,21,"tabula",FALSE,17,6112,7640
"10165",2020-06-18,2,30,"tabula",FALSE,28,6140,7670
"10166",2020-06-19,0,22,"tabula",FALSE,22,6162,7692
"10167",2020-06-20,0,17,"tabula",FALSE,17,6179,7709
"10168",2020-06-21,0,14,"tabula",FALSE,14,6193,7723
"10169",2020-06-22,0,19,"tabula",FALSE,19,6212,7742
"10170",2020-06-23,0,20,"tabula",FALSE,20,6232,7762
"10171",2020-06-24,7,26,"tabula",FALSE,19,6251,7788
"10172",2020-06-25,0,11,"tabula",FALSE,11,6262,7799
"10173",2020-06-26,0,19,"tabula",FALSE,19,6281,7818
"10174",2020-06-27,0,19,"tabula",FALSE,19,6300,7837
"10175",2020-06-28,0,16,"tabula",FALSE,16,6316,7853
"10176",2020-06-29,0,20,"tabula",FALSE,20,6336,7873
"10177",2020-06-30,0,16,"tabula",FALSE,16,6352,7889
"10178",2020-07-01,4,20,"tabula",FALSE,16,6368,7909
"10179",2020-07-02,0,15,"tabula",FALSE,15,6383,7924
"10180",2020-07-03,0,17,"tabula",FALSE,17,6400,7941
"10181",2020-07-04,0,10,"tabula",FALSE,10,6410,7951
"10182",2020-07-05,0,10,"tabula",FALSE,10,6420,7961
"10183",2020-07-06,0,14,"tabula",FALSE,14,6434,7975
"10184",2020-07-07,0,20,"tabula",FALSE,20,6454,7995
"10185",2020-07-08,5,25,"tabula",FALSE,20,6474,8020
"10186",2020-07-09,0,17,"tabula",FALSE,17,6491,8037
"10187",2020-07-10,0,17,"tabula",FALSE,17,6508,8054
"10188",2020-07-11,0,13,"tabula",FALSE,13,6521,8067
"10189",2020-07-12,0,12,"tabula",FALSE,12,6533,8079
"10190",2020-07-13,0,19,"tabula",FALSE,19,6552,8098
"10191",2020-07-14,0,15,"tabula",FALSE,15,6567,8113
"10192",2020-07-15,6,22,"tabula",FALSE,16,6583,8135
"10193",2020-07-16,0,13,"tabula",FALSE,13,6596,8148
"10194",2020-07-17,0,11,"tabula",FALSE,11,6607,8159
"10195",2020-07-18,0,18,"tabula",FALSE,18,6625,8177
"10196",2020-07-19,0,11,"tabula",FALSE,11,6636,8188
"10197",2020-07-20,0,13,"tabula",FALSE,13,6649,8201
"10198",2020-07-21,0,20,"tabula",FALSE,20,6669,8221
"10199",2020-07-22,6,30,"tabula",FALSE,24,6693,8251
"10200",2020-07-23,0,15,"tabula",FALSE,15,6708,8266
"10201",2020-07-24,0,13,"tabula",FALSE,13,6721,8279
"10202",2020-07-25,0,10,"tabula",FALSE,10,6731,8289
"10203",2020-07-26,0,11,"tabula",FALSE,11,6742,8300
"10204",2020-07-27,0,11,"tabula",FALSE,11,6753,8311
"10205",2020-07-28,2,17,"tabula",FALSE,15,6768,8328
"10206",2020-07-29,6,20,"tabula",FALSE,14,6782,8348
"10207",2020-07-30,3,23,"tabula",FALSE,20,6802,8371
"10208",2020-07-31,0,11,"tabula",FALSE,11,6813,8382
"10209",2020-08-01,0,2,"tabula",FALSE,2,6815,8384
"10210",2020-08-02,0,5,"tabula",FALSE,5,6820,8389
"10211",2020-08-03,1,16,"tabula",FALSE,15,6835,8405
"10212",2020-08-04,0,18,"tabula",FALSE,18,6853,8423
"10213",2020-08-05,6,23,"tabula",FALSE,17,6870,8446
"10214",2020-08-06,0,23,"tabula",FALSE,23,6893,8469
"10215",2020-08-07,0,18,"tabula",FALSE,18,6911,8487
"10216",2020-08-08,0,13,"tabula",FALSE,13,6924,8500
"10217",2020-08-09,0,14,"tabula",FALSE,14,6938,8514
"10218",2020-08-10,0,8,"tabula",FALSE,8,6946,8522
"10219",2020-08-11,0,7,"tabula",FALSE,7,6953,8529
"10220",2020-08-12,6,15,"tabula",FALSE,9,6962,8544
"10221",2020-08-13,0,3,"tabula",FALSE,3,6965,8547
"10222",2020-08-14,0,3,"tabula",FALSE,3,6968,8550
"10223",2020-08-15,0,3,"tabula",FALSE,3,6971,8553
"10224",2020-08-16,0,3,"tabula",FALSE,3,6974,8556
"10225",2020-08-17,0,3,"tabula",FALSE,3,6977,8559
"10226",2020-08-18,0,6,"tabula",FALSE,6,6983,8565
"10227",2020-08-19,6,13,"tabula",FALSE,7,6990,8578
"10228",2020-08-20,0,3,"tabula",FALSE,3,6993,8581
"10229",2020-08-21,0,5,"tabula",FALSE,5,6998,8586
"10230",2020-08-22,0,0,"tabula",FALSE,0,6998,8586
"10231",2020-08-23,0,5,"tabula",FALSE,5,7003,8591
"10232",2020-08-24,0,3,"tabula",FALSE,3,7006,8594
"10233",2020-08-25,0,6,"tabula",FALSE,6,7012,8600
"10234",2020-08-26,6,13,"tabula",FALSE,7,7019,8613
"10235",2020-08-27,0,3,"tabula",FALSE,3,7022,8616
"10236",2020-08-28,0,3,"tabula",FALSE,3,7025,8619
"10237",2020-08-29,0,3,"tabula",FALSE,3,7028,8622
"10238",2020-08-30,0,3,"tabula",FALSE,3,7031,8625
"10239",2020-08-31,0,3,"tabula",FALSE,3,7034,8628
"10240",2020-09-01,0,4,"tabula",FALSE,4,7038,8632
"10241",2020-09-02,6,13,"tabula",FALSE,7,7045,8645
"10242",2020-09-03,0,2,"tabula",FALSE,2,7047,8647
"10243",2020-09-04,0,3,"tabula",FALSE,3,7050,8650
"10244",2020-09-05,0,3,"tabula",FALSE,3,7053,8653
"10245",2020-09-06,0,3,"tabula",FALSE,3,7056,8656
"10246",2020-09-07,0,3,"tabula",FALSE,3,7059,8659
"10247",2020-09-08,0,3,"tabula",FALSE,3,7062,8662
"10248",2020-09-09,5,13,"tabula",FALSE,8,7070,8675
"10249",2020-09-10,0,0,"tabula",FALSE,0,7070,8675
"10250",2020-09-11,0,4,"tabula",FALSE,4,7074,8679
"10251",2020-09-12,0,3,"tabula",FALSE,3,7077,8682
"10252",2020-09-13,0,3,"tabula",FALSE,3,7080,8685
"10253",2020-09-14,0,3,"tabula",FALSE,3,7083,8688
"10254",2020-09-15,0,3,"tabula",FALSE,3,7086,8691
"10255",2020-09-16,4,9,"tabula",FALSE,5,7091,8700
"10256",2020-09-17,0,3,"tabula",FALSE,3,7094,8703
"10257",2020-09-18,0,3,"tabula",FALSE,3,7097,8706
"10258",2020-09-19,0,3,"tabula",FALSE,3,7100,8709
"10259",2020-09-20,0,3,"tabula",FALSE,3,7103,8712
"10260",2020-09-21,0,3,"tabula",FALSE,3,7106,8715
"10261",2020-09-22,0,3,"tabula",FALSE,3,7109,8718
"10262",2020-09-23,6,13,"tabula",FALSE,7,7116,8731
"10263",2020-09-24,0,0,"tabula",FALSE,0,7116,8731
"10264",2020-09-25,0,3,"tabula",FALSE,3,7119,8734
"10265",2020-09-26,0,3,"tabula",FALSE,3,7122,8737
"10266",2020-09-27,0,3,"tabula",FALSE,3,7125,8740
"10267",2020-09-28,0,3,"tabula",FALSE,3,7128,8743
"10268",2020-09-29,0,3,"tabula",FALSE,3,7131,8746
"10269",2020-09-30,4,3,"tabula",FALSE,0,7131,8749
"10270",2020-10-01,1,13,"tabula",FALSE,12,7143,8762
"10271",2020-10-02,0,5,"tabula",FALSE,5,7148,8767
"10272",2020-10-03,0,4,"tabula",FALSE,4,7152,8771
"10273",2020-10-04,0,3,"tabula",FALSE,3,7155,8774
"10274",2020-10-05,0,3,"tabula",FALSE,3,7158,8777
"10275",2020-10-06,0,3,"tabula",FALSE,3,7161,8780
"10276",2020-10-07,4,5,"tabula",FALSE,1,7162,8785
"10277",2020-10-08,0,3,"tabula",FALSE,3,7165,8788
"10278",2020-10-09,0,3,"tabula",FALSE,3,7168,8791
"10279",2020-10-10,0,3,"tabula",FALSE,3,7171,8794
"10280",2020-10-11,0,3,"tabula",FALSE,3,7174,8797
"10281",2020-10-12,0,3,"tabula",FALSE,3,7177,8800
"10282",2020-10-13,0,3,"tabula",FALSE,3,7180,8803
"10283",2020-10-14,6,13,"tabula",FALSE,7,7187,8816
"10284",2020-10-15,0,3,"tabula",FALSE,3,7190,8819
"10285",2020-10-16,0,3,"tabula",FALSE,3,7193,8822
"10286",2020-10-17,0,0,"tabula",FALSE,0,7193,8822
"10287",2020-10-18,0,3,"tabula",FALSE,3,7196,8825
"10288",2020-10-19,0,3,"tabula",FALSE,3,7199,8828
"10289",2020-10-20,0,3,"tabula",FALSE,3,7202,8831
"10290",2020-10-21,6,13,"tabula",FALSE,7,7209,8844
"10291",2020-10-22,0,3,"tabula",FALSE,3,7212,8847
"10292",2020-10-23,0,3,"tabula",FALSE,3,7215,8850
"10293",2020-10-24,0,3,"tabula",FALSE,3,7218,8853
"10294",2020-10-25,0,3,"tabula",FALSE,3,7221,8856
"10295",2020-10-26,0,3,"tabula",FALSE,3,7224,8859
"10296",2020-10-27,0,3,"tabula",FALSE,3,7227,8862
"10297",2020-10-28,4,8,"tabula",FALSE,4,7231,8870
"10298",2020-10-29,0,3,"tabula",FALSE,3,7234,8873
"10299",2020-10-30,0,0,"tabula",FALSE,0,7234,8873
"10300",2020-10-31,0,3,"tabula",FALSE,3,7237,8876
"10301",2020-11-01,0,3,"tabula",FALSE,3,7240,8879
"10302",2020-11-02,0,1,"tabula",FALSE,1,7241,8880
"10303",2020-11-03,0,4,"tabula",FALSE,4,7245,8884
"10304",2020-11-04,2,5,"tabula",FALSE,3,7248,8889
"10305",2020-11-05,0,4,"tabula",FALSE,4,7252,8893
"10306",2020-11-06,0,3,"tabula",FALSE,3,7255,8896
"10307",2020-11-07,0,3,"tabula",FALSE,3,7258,8899
"10308",2020-11-08,0,3,"tabula",FALSE,3,7261,8902
"10309",2020-11-09,0,3,"tabula",FALSE,3,7264,8905
"10310",2020-11-10,0,3,"tabula",FALSE,3,7267,8908
"10311",2020-11-11,5,13,"tabula",FALSE,8,7275,8921
"10312",2020-11-12,0,3,"tabula",FALSE,3,7278,8924
"10313",2020-11-13,0,3,"tabula",FALSE,3,7281,8927
"10314",2020-11-14,0,3,"tabula",FALSE,3,7284,8930
"10315",2020-11-15,0,3,"tabula",FALSE,3,7287,8933
"10316",2020-11-16,0,3,"tabula",FALSE,3,7290,8936
"10317",2020-11-17,1,3,"tabula",FALSE,2,7292,8939
"10318",2020-11-18,6,20,"tabula",FALSE,14,7306,8959
"10319",2020-11-19,0,3,"tabula",FALSE,3,7309,8962
"10320",2020-11-20,0,4,"tabula",FALSE,4,7313,8966
"10321",2020-11-21,0,4,"tabula",FALSE,4,7317,8970
"10322",2020-11-22,0,4,"tabula",FALSE,4,7321,8974
"10323",2020-11-23,0,4,"tabula",FALSE,4,7325,8978
"10324",2020-11-24,0,3,"tabula",FALSE,3,7328,8981
"10325",2020-11-25,3,12,"tabula",FALSE,9,7337,8993
"10326",2020-11-26,0,2,"tabula",FALSE,2,7339,8995
"10327",2020-11-27,0,3,"tabula",FALSE,3,7342,8998
"10328",2020-11-28,0,4,"tabula",FALSE,4,7346,9002
"10329",2020-11-29,0,3,"tabula",FALSE,3,7349,9005
"10330",2020-11-30,0,3,"tabula",FALSE,3,7352,9008
"10331",2020-12-01,0,3,"tabula",FALSE,3,7355,9011
"10332",2020-12-02,6,13,"tabula",FALSE,7,7362,9024
"10333",2020-12-03,0,3,"tabula",FALSE,3,7365,9027
"10334",2020-12-04,0,3,"tabula",FALSE,3,7368,9030
"10335",2020-12-05,0,3,"tabula",FALSE,3,7371,9033
"10336",2020-12-06,0,3,"tabula",FALSE,3,7374,9036
"10337",2020-12-07,0,3,"tabula",FALSE,3,7377,9039
"10338",2020-12-08,0,0,"tabula",FALSE,0,7377,9039
"10339",2020-12-09,5,13,"tabula",FALSE,8,7385,9052
"10340",2020-12-10,1,3,"tabula",FALSE,2,7387,9055
"10341",2020-12-11,1,3,"tabula",FALSE,2,7389,9058
"10342",2020-12-12,0,3,"tabula",FALSE,3,7392,9061
"10343",2020-12-13,0,3,"tabula",FALSE,3,7395,9064
"10344",2020-12-14,0,4,"tabula",FALSE,4,7399,9068
"10345",2020-12-15,6,6,"tabula",FALSE,0,7399,9074
"10346",2020-12-16,8,20,"tabula",FALSE,12,7411,9094
"10347",2020-12-17,0,3,"tabula",FALSE,3,7414,9097
"10348",2020-12-18,0,4,"tabula",FALSE,4,7418,9101
"10349",2020-12-19,0,3,"tabula",FALSE,3,7421,9104
"10350",2020-12-20,0,3,"tabula",FALSE,3,7424,9107
"10351",2020-12-21,0,3,"tabula",FALSE,3,7427,9110
"10352",2020-12-22,0,3,"tabula",FALSE,3,7430,9113
"10353",2020-12-23,6,13,"tabula",FALSE,7,7437,9126
"10354",2020-12-24,1,3,"tabula",FALSE,2,7439,9129
"10355",2020-12-25,0,3,"tabula",FALSE,3,7442,9132
"10356",2020-12-26,0,3,"tabula",FALSE,3,7445,9135
"10357",2020-12-27,0,3,"tabula",FALSE,3,7448,9138
"10358",2020-12-28,0,3,"tabula",FALSE,3,7451,9141
"10359",2020-12-29,1,4,"tabula",FALSE,3,7454,9145
"10360",2020-12-30,5,14,"tabula",FALSE,9,7463,9159
"10361",2020-12-31,0,3,"tabula",FALSE,3,7466,9162
"10362",2021-01-01,0,1,"tabula",FALSE,1,7467,9163
"10363",2021-01-02,0,3,"tabula",FALSE,3,7470,9166
"10364",2021-01-03,0,3,"tabula",FALSE,3,7473,9169
"10365",2021-01-04,0,3,"tabula",FALSE,3,7476,9172
"10366",2021-01-05,0,4,"tabula",FALSE,4,7480,9176
"10367",2021-01-06,5,13,"tabula",FALSE,8,7488,9189
"10368",2021-01-07,0,3,"tabula",FALSE,3,7491,9192
"10369",2021-01-08,0,4,"tabula",FALSE,4,7495,9196
"10370",2021-01-09,0,4,"tabula",FALSE,4,7499,9200
"10371",2021-01-10,0,3,"tabula",FALSE,3,7502,9203
"10372",2021-01-11,0,3,"tabula",FALSE,3,7505,9206
"10373",2021-01-12,0,3,"tabula",FALSE,3,7508,9209
"10374",2021-01-13,5,13,"tabula",FALSE,8,7516,9222
"10375",2021-01-14,0,3,"tabula",FALSE,3,7519,9225
"10376",2021-01-15,0,3,"tabula",FALSE,3,7522,9228
"10377",2021-01-16,0,3,"tabula",FALSE,3,7525,9231
"10378",2021-01-17,0,3,"tabula",FALSE,3,7528,9234
"10379",2021-01-18,0,3,"tabula",FALSE,3,7531,9237
"10380",2021-01-19,0,3,"tabula",FALSE,3,7534,9240
"10381",2021-01-20,4,8,"tabula",FALSE,4,7538,9248
"10382",2021-01-21,0,3,"tabula",FALSE,3,7541,9251
"10383",2021-01-22,0,0,"tabula",FALSE,0,7541,9251
"10384",2021-01-23,0,3,"tabula",FALSE,3,7544,9254
"10385",2021-01-24,0,0,"tabula",FALSE,0,7544,9254
"10386",2021-01-25,0,3,"tabula",FALSE,3,7547,9257
"10387",2021-01-26,0,0,"tabula",FALSE,0,7547,9257
"10388",2021-01-27,4,8,"tabula",FALSE,4,7551,9265
"10389",2021-01-28,0,0,"tabula",FALSE,0,7551,9265
"10390",2021-01-29,0,3,"tabula",FALSE,3,7554,9268
"10391",2021-01-30,0,3,"tabula",FALSE,3,7557,9271
"10392",2021-01-31,0,3,"tabula",FALSE,3,7560,9274
"10393",2021-02-01,0,3,"tabula",FALSE,3,7563,9277
"10394",2021-02-02,0,3,"tabula",FALSE,3,7566,9280
"10395",2021-02-03,4,8,"tabula",FALSE,4,7570,9288
"10396",2021-02-04,0,3,"tabula",FALSE,3,7573,9291
"10397",2021-02-05,0,0,"tabula",FALSE,0,7573,9291
"10398",2021-02-06,0,4,"tabula",FALSE,4,7577,9295
"10399",2021-02-07,0,5,"tabula",FALSE,5,7582,9300
"10400",2021-02-08,0,4,"tabula",FALSE,4,7586,9304
"10401",2021-02-09,0,4,"tabula",FALSE,4,7590,9308
"10402",2021-02-10,6,13,"tabula",FALSE,7,7597,9321
"10403",2021-02-11,0,4,"tabula",FALSE,4,7601,9325
"10404",2021-02-12,0,6,"tabula",FALSE,6,7607,9331
"10405",2021-02-13,0,3,"tabula",FALSE,3,7610,9334
"10406",2021-02-14,0,1,"tabula",FALSE,1,7611,9335
"10407",2021-02-15,0,5,"tabula",FALSE,5,7616,9340
"10408",2021-02-16,0,1,"tabula",FALSE,1,7617,9341
"10409",2021-02-17,7,13,"tabula",FALSE,6,7623,9354
"10410",2021-02-18,0,3,"tabula",FALSE,3,7626,9357
"10411",2021-02-19,0,5,"tabula",FALSE,5,7631,9362
"10412",2021-02-20,0,4,"tabula",FALSE,4,7635,9366
"10413",2021-02-21,0,6,"tabula",FALSE,6,7641,9372
"10414",2021-02-22,0,3,"tabula",FALSE,3,7644,9375
"10415",2021-02-23,0,3,"tabula",FALSE,3,7647,9378
"10416",2021-02-24,7,13,"tabula",FALSE,6,7653,9391
"10417",2021-02-25,0,3,"tabula",FALSE,3,7656,9394
"10418",2021-02-26,2,5,"tabula",FALSE,3,7659,9399
"10419",2021-02-27,0,3,"tabula",FALSE,3,7662,9402
"10420",2021-02-28,0,4,"tabula",FALSE,4,7666,9406
"10421",2021-03-01,0,3,"tabula",FALSE,3,7669,9409
"10422",2021-03-02,0,4,"tabula",FALSE,4,7673,9413
"10423",2021-03-03,6,13,"tabula",FALSE,7,7680,9426
"10424",2021-03-04,0,3,"tabula",FALSE,3,7683,9429
"10425",2021-03-05,1,1,"tabula",FALSE,0,7683,9430
"10426",2021-03-06,0,3,"tabula",FALSE,3,7686,9433
"10427",2021-03-07,0,3,"tabula",FALSE,3,7689,9436
"10428",2021-03-08,0,3,"tabula",FALSE,3,7692,9439
"10429",2021-03-09,0,3,"tabula",FALSE,3,7695,9442
"10430",2021-03-10,6,14,"tabula",FALSE,8,7703,9456
"10431",2021-03-11,0,3,"tabula",FALSE,3,7706,9459
"10432",2021-03-12,0,3,"tabula",FALSE,3,7709,9462
"10433",2021-03-13,0,3,"tabula",FALSE,3,7712,9465
"10434",2021-03-14,0,3,"tabula",FALSE,3,7715,9468
"10435",2021-03-15,0,3,"tabula",FALSE,3,7718,9471
"10436",2021-03-16,0,3,"tabula",FALSE,3,7721,9474
"10437",2021-03-17,4,8,"tabula",FALSE,4,7725,9482
"10438",2021-03-18,0,4,"tabula",FALSE,4,7729,9486
"10439",2021-03-19,0,1,"tabula",FALSE,1,7730,9487
"10440",2021-03-20,0,3,"tabula",FALSE,3,7733,9490
"10441",2021-03-21,0,0,"tabula",FALSE,0,7733,9490
"10442",2021-03-22,0,3,"tabula",FALSE,3,7736,9493
"10443",2021-03-23,0,0,"tabula",FALSE,0,7736,9493
"10444",2021-03-24,5,13,"tabula",FALSE,8,7744,9506
"10445",2021-03-25,0,0,"tabula",FALSE,0,7744,9506
"10446",2021-03-26,0,3,"tabula",FALSE,3,7747,9509
"10447",2021-03-27,0,0,"tabula",FALSE,0,7747,9509
"10448",2021-03-28,0,3,"tabula",FALSE,3,7750,9512
"10449",2021-03-29,0,0,"tabula",FALSE,0,7750,9512
"10450",2021-03-30,0,3,"tabula",FALSE,3,7753,9515
"10451",2021-03-31,4,10,"tabula",FALSE,6,7759,9525
"10452",2021-04-01,0,3,"tabula",FALSE,3,7762,9528
"10453",2021-04-02,0,0,"tabula",FALSE,0,7762,9528
"10454",2021-04-03,0,3,"tabula",FALSE,3,7765,9531
"10455",2021-04-04,0,0,"tabula",FALSE,0,7765,9531
"10456",2021-04-05,0,4,"tabula",FALSE,4,7769,9535
"10457",2021-04-06,0,0,"tabula",FALSE,0,7769,9535
"10458",2021-04-07,5,13,"tabula",FALSE,8,7777,9548
"10459",2021-04-08,0,3,"tabula",FALSE,3,7780,9551
"10460",2021-04-09,0,0,"tabula",FALSE,0,7780,9551
"10461",2021-04-10,2,6,"tabula",FALSE,4,7784,9557
"10462",2021-04-11,0,2,"tabula",FALSE,2,7786,9559
"10463",2021-04-12,1,3,"tabula",FALSE,2,7788,9562
"10464",2021-04-13,0,0,"tabula",FALSE,0,7788,9562
"10465",2021-04-14,4,8,"tabula",FALSE,4,7792,9570
"10466",2021-04-15,0,0,"tabula",FALSE,0,7792,9570
"10467",2021-04-16,0,3,"tabula",FALSE,3,7795,9573
"10468",2021-04-17,1,1,"tabula",FALSE,0,7795,9574
"10469",2021-04-18,0,3,"tabula",FALSE,3,7798,9577
"10470",2021-04-19,0,0,"tabula",FALSE,0,7798,9577
"10471",2021-04-20,0,4,"tabula",FALSE,4,7802,9581
"10472",2021-04-21,2,7,"tabula",FALSE,5,7807,9588
"10473",2021-04-22,0,4,"tabula",FALSE,4,7811,9592
"10474",2021-04-23,0,1,"tabula",FALSE,1,7812,9593
"10475",2021-04-24,0,5,"tabula",FALSE,5,7817,9598
"10476",2021-04-25,0,0,"tabula",FALSE,0,7817,9598
"10477",2021-04-26,0,3,"tabula",FALSE,3,7820,9601
"10478",2021-04-27,0,0,"tabula",FALSE,0,7820,9601
"10479",2021-04-28,4,8,"tabula",FALSE,4,7824,9609
"10480",2021-04-29,0,1,"tabula",FALSE,1,7825,9610
"10481",2021-04-30,0,1,"tabula",FALSE,1,7826,9611
"10482",2021-05-01,0,4,"tabula",FALSE,4,7830,9615
"10483",2021-05-02,0,1,"tabula",FALSE,1,7831,9616
"10484",2021-05-03,0,3,"tabula",FALSE,3,7834,9619
"10485",2021-05-04,0,1,"tabula",FALSE,1,7835,9620
"10486",2021-05-05,2,5,"tabula",FALSE,3,7838,9625
"10487",2021-05-06,1,3,"tabula",FALSE,2,7840,9628
"10488",2021-05-07,0,0,"tabula",FALSE,0,7840,9628
"10489",2021-05-08,1,3,"tabula",FALSE,2,7842,9631
"10490",2021-05-09,0,0,"tabula",FALSE,0,7842,9631
"10491",2021-05-10,1,3,"tabula",FALSE,2,7844,9634
"10492",2021-05-11,0,10,"tabula",TRUE,2,7846,9644
"10493",2021-05-12,5,28,"tabula",FALSE,2,7848,9672
"10494",2021-05-13,0,11,"tabula",FALSE,11,7859,9683
"10495",2021-05-14,0,49,"tabula",FALSE,49,7908,9732
"10496",2021-05-15,0,6,"tabula",FALSE,6,7914,9738
"10497",2021-05-16,0,33,"tabula",FALSE,33,7947,9771
"10498",2021-05-17,0,10,"tabula",FALSE,10,7957,9781
"10499",2021-05-18,4,47,"tabula",FALSE,43,8000,9828
"10500",2021-05-19,3,26,"tabula",FALSE,23,8023,9854
"10501",2021-05-20,1,41,"tabula",FALSE,40,8063,9895
"10502",2021-05-21,0,17,"tabula",FALSE,17,8080,9912
"10503",2021-05-22,0,29,"tabula",FALSE,29,8109,9941
"10504",2021-05-23,0,11,"tabula",FALSE,11,8120,9952
"10505",2021-05-24,0,16,"tabula",FALSE,16,8136,9968
"10506",2021-05-25,0,40,"tabula",TRUE,2,8138,10008
"10507",2021-05-26,4,34,"tabula",FALSE,2,8140,10042
"10508",2021-05-27,0,16,"tabula",FALSE,16,8156,10058
"10509",2021-05-28,0,33,"tabula",FALSE,33,8189,10091
"10510",2021-05-29,0,3,"tabula",FALSE,3,8192,10094
"10511",2021-05-30,0,32,"tabula",FALSE,32,8224,10126
"10512",2021-05-31,0,10,"tabula",FALSE,10,8234,10136
"10513",2021-06-01,0,39,"tabula",FALSE,39,8273,10175
"10514",2021-06-02,2,17,"tabula",FALSE,15,8288,10192
"10515",2021-06-03,0,38,"tabula",FALSE,38,8326,10230
"10516",2021-06-04,0,4,"tabula",FALSE,4,8330,10234
"10517",2021-06-05,0,2,"tabula",FALSE,2,8332,10236
"10518",2021-06-06,0,32,"tabula",FALSE,32,8364,10268
"10519",2021-06-07,0,9,"tabula",FALSE,9,8373,10277
"10520",2021-06-08,0,41,"tabula",FALSE,41,8414,10318
"10521",2021-06-09,4,20,"tabula",FALSE,16,8430,10338
"10522",2021-06-10,0,10,"tabula",FALSE,10,8440,10348
"10523",2021-06-11,0,27,"tabula",FALSE,27,8467,10375
"10524",2021-06-12,0,6,"tabula",FALSE,6,8473,10381
"10525",2021-06-13,0,26,"tabula",FALSE,26,8499,10407
"10526",2021-06-14,0,5,"tabula",FALSE,5,8504,10412
"10527",2021-06-15,0,6,"tabula",FALSE,6,8510,10418
"10528",2021-06-16,4,32,"tabula",FALSE,28,8538,10450
"10529",2021-06-17,0,13,"tabula",FALSE,13,8551,10463
"10530",2021-06-18,0,25,"tabula",FALSE,25,8576,10488
"10531",2021-06-19,0,3,"tabula",FALSE,3,8579,10491
"10532",2021-06-20,0,22,"tabula",FALSE,22,8601,10513
"10533",2021-06-21,0,9,"tabula",FALSE,9,8610,10522
"10534",2021-06-22,4,29,"tabula",FALSE,25,8635,10551
"10535",2021-06-23,4,19,"tabula",FALSE,15,8650,10570
"10536",2021-06-24,0,23,"tabula",FALSE,23,8673,10593
"10537",2021-06-25,0,5,"tabula",FALSE,5,8678,10598
"10538",2021-06-26,0,20,"tabula",FALSE,20,8698,10618
"10539",2021-06-27,0,5,"tabula",FALSE,5,8703,10623
"10540",2021-06-28,0,40,"tabula",FALSE,40,8743,10663
"10541",2021-06-29,0,6,"tabula",FALSE,6,8749,10669
"10542",2021-06-30,4,34,"tabula",FALSE,30,8779,10703
"10543",2021-07-01,0,13,"tabula",FALSE,13,8792,10716
"10544",2021-07-02,0,23,"tabula",FALSE,23,8815,10739
"10545",2021-07-03,0,19,"tabula",FALSE,19,8834,10758
"10546",2021-07-04,0,4,"tabula",FALSE,4,8838,10762
"10547",2021-07-05,0,23,"tabula",FALSE,23,8861,10785
"10548",2021-07-06,1,22,"tabula",FALSE,21,8882,10807
"10549",2021-07-07,4,22,"tabula",FALSE,18,8900,10829
"10550",2021-07-08,0,26,"tabula",FALSE,26,8926,10855
"10551",2021-07-09,0,7,"tabula",FALSE,7,8933,10862
"10552",2021-07-10,0,18,"tabula",FALSE,18,8951,10880
"10553",2021-07-11,0,5,"tabula",FALSE,5,8956,10885
"10554",2021-07-12,0,27,"tabula",FALSE,27,8983,10912
"10555",2021-07-13,0,10,"tabula",FALSE,10,8993,10922
"10556",2021-07-14,8,35,"tabula",FALSE,27,9020,10957
"10557",2021-07-15,1,9,"tabula",FALSE,8,9028,10966
"10558",2021-07-16,0,22,"tabula",FALSE,22,9050,10988
"10559",2021-07-17,0,13,"tabula",FALSE,13,9063,11001
"10560",2021-07-18,0,17,"tabula",FALSE,17,9080,11018
"10561",2021-07-19,0,7,"tabula",FALSE,7,9087,11025
"10562",2021-07-20,0,27,"tabula",FALSE,27,9114,11052
"10563",2021-07-21,4,22,"tabula",FALSE,18,9132,11074
"10564",2021-07-22,0,32,"tabula",FALSE,32,9164,11106
"10565",2021-07-23,0,5,"tabula",FALSE,5,9169,11111
"10566",2021-07-24,0,22,"tabula",FALSE,22,9191,11133
"10567",2021-07-25,0,2,"tabula",FALSE,2,9193,11135
"10568",2021-07-26,0,25,"tabula",FALSE,25,9218,11160
"10569",2021-07-27,0,7,"tabula",FALSE,7,9225,11167
"10570",2021-07-28,5,38,"tabula",FALSE,33,9258,11205
"10571",2021-07-29,0,4,"tabula",FALSE,4,9262,11209
"10572",2021-07-30,0,25,"tabula",FALSE,25,9287,11234
"10573",2021-07-31,0,2,"tabula",FALSE,2,9289,11236
"10574",2021-08-01,0,24,"tabula",FALSE,24,9313,11260
"10575",2021-08-02,0,7,"tabula",FALSE,7,9320,11267
"10576",2021-08-03,0,32,"tabula",FALSE,32,9352,11299
"10577",2021-08-04,2,110,"tabula",FALSE,108,9460,11409
"10578",2021-08-05,0,29,"tabula",FALSE,29,9489,11438
"10579",2021-08-06,0,9,"tabula",FALSE,9,9498,11447
"10580",2021-08-07,0,18,"tabula",FALSE,18,9516,11465
"10581",2021-08-08,0,7,"tabula",FALSE,7,9523,11472
"10582",2021-08-09,4,32,"tabula",FALSE,28,9551,11504
"10583",2021-08-10,0,6,"tabula",FALSE,6,9557,11510
"10584",2021-08-11,6,34,"tabula",FALSE,28,9585,11544
"10585",2021-08-12,0,19,"tabula",FALSE,19,9604,11563
"10586",2021-08-13,0,20,"tabula",FALSE,20,9624,11583
"10587",2021-08-14,0,10,"tabula",FALSE,10,9634,11593
"10588",2021-08-15,0,17,"tabula",FALSE,17,9651,11610
"10589",2021-08-16,0,10,"tabula",FALSE,10,9661,11620
"10590",2021-08-17,0,9,"tabula",FALSE,9,9670,11629
"10591",2021-08-18,3,18,"tabula",FALSE,15,9685,11647
"10592",2021-08-19,0,30,"tabula",FALSE,30,9715,11677
"10593",2021-08-20,0,9,"tabula",FALSE,9,9724,11686
"10594",2021-08-21,0,5,"tabula",FALSE,5,9729,11691
"10595",2021-08-22,0,7,"tabula",FALSE,7,9736,11698
"10596",2021-08-23,0,28,"tabula",FALSE,28,9764,11726
"10597",2021-08-24,0,5,"tabula",FALSE,5,9769,11731
"10598",2021-08-25,4,34,"tabula",FALSE,30,9799,11765
"10599",2021-08-26,0,11,"tabula",FALSE,11,9810,11776
"10600",2021-08-27,0,10,"tabula",FALSE,10,9820,11786
"10601",2021-08-28,0,19,"tabula",FALSE,19,9839,11805
"10602",2021-08-29,0,4,"tabula",FALSE,4,9843,11809
"10603",2021-08-30,1,13,"tabula",FALSE,12,9855,11822
"10604",2021-08-31,1,31,"tabula",FALSE,30,9885,11853
"10605",2021-09-01,4,22,"tabula",FALSE,18,9903,11875
"10606",2021-09-02,0,4,"tabula",FALSE,4,9907,11879
"10607",2021-09-03,0,29,"tabula",FALSE,29,9936,11908
"10608",2021-09-04,0,1,"tabula",FALSE,1,9937,11909
"10609",2021-09-05,0,2,"tabula",FALSE,2,9939,11911
"10610",2021-09-06,0,25,"tabula",FALSE,25,9964,11936
"10611",2021-09-07,0,8,"tabula",FALSE,8,9972,11944
"10612",2021-09-08,2,23,"tabula",FALSE,21,9993,11967
"10613",2021-09-09,0,10,"tabula",FALSE,10,10003,11977
"10614",2021-09-10,0,32,"tabula",FALSE,32,10035,12009
"10615",2021-09-11,0,3,"tabula",FALSE,3,10038,12012
"10616",2021-09-12,0,19,"tabula",FALSE,19,10057,12031
"10617",2021-09-13,0,6,"tabula",FALSE,6,10063,12037
"10618",2021-09-14,0,19,"tabula",FALSE,19,10082,12056
"10619",2021-09-15,2,19,"tabula",FALSE,17,10099,12075
"10620",2021-09-16,1,19,"tabula",FALSE,18,10117,12094
"10621",2021-09-17,0,4,"tabula",FALSE,4,10121,12098
"10622",2021-09-18,0,16,"tabula",FALSE,16,10137,12114
"10623",2021-09-19,0,1,"tabula",FALSE,1,10138,12115
"10624",2021-09-20,0,20,"tabula",FALSE,20,10158,12135
"10625",2021-09-21,0,2,"tabula",FALSE,2,10160,12137
"10626",2021-09-22,4,28,"tabula",FALSE,24,10184,12165
"10627",2021-09-23,0,7,"tabula",FALSE,7,10191,12172
"10628",2021-09-24,0,24,"tabula",FALSE,24,10215,12196
"10629",2021-09-25,0,2,"tabula",FALSE,2,10217,12198
"10630",2021-09-26,0,18,"tabula",FALSE,18,10235,12216
"10631",2021-09-27,0,13,"tabula",FALSE,13,10248,12229
"10632",2021-09-28,0,32,"tabula",FALSE,32,10280,12261
"10633",2021-09-29,2,21,"tabula",FALSE,19,10299,12282
"10634",2021-09-30,0,23,"tabula",FALSE,23,10322,12305
"10635",2021-10-01,0,19,"tabula",FALSE,19,10341,12324
"10636",2021-10-02,0,22,"tabula",FALSE,22,10363,12346
"10637",2021-10-03,0,3,"tabula",FALSE,3,10366,12349
"10638",2021-10-04,0,30,"tabula",FALSE,30,10396,12379
"10639",2021-10-05,0,36,"tabula",FALSE,36,10432,12415
"10640",2021-10-06,2,23,"tabula",FALSE,21,10453,12438
"10641",2021-10-07,0,21,"tabula",FALSE,21,10474,12459
"10642",2021-10-08,0,13,"tabula",FALSE,13,10487,12472
"10643",2021-10-09,0,19,"tabula",FALSE,19,10506,12491
"10644",2021-10-10,0,6,"tabula",FALSE,6,10512,12497
"10645",2021-10-11,0,28,"tabula",FALSE,28,10540,12525
"10646",2021-10-12,0,3,"tabula",FALSE,3,10543,12528
"10647",2021-10-13,4,31,"tabula",FALSE,27,10570,12559
"10648",2021-10-14,0,4,"tabula",FALSE,4,10574,12563
"10649",2021-10-15,0,21,"tabula",FALSE,21,10595,12584
"10650",2021-10-16,0,2,"tabula",FALSE,2,10597,12586
"10651",2021-10-17,0,22,"tabula",FALSE,22,10619,12608
"10652",2021-10-18,0,9,"tabula",FALSE,9,10628,12617
"10653",2021-10-19,1,24,"tabula",FALSE,23,10651,12641
"10654",2021-10-20,4,21,"tabula",FALSE,17,10668,12662
"10655",2021-10-21,0,22,"tabula",FALSE,22,10690,12684
"10656",2021-10-22,0,5,"tabula",FALSE,5,10695,12689
"10657",2021-10-23,0,20,"tabula",FALSE,20,10715,12709
"10658",2021-10-24,0,8,"tabula",FALSE,8,10723,12717
"10659",2021-10-25,1,26,"tabula",FALSE,25,10748,12743
"10660",2021-10-26,0,34,"tabula",FALSE,34,10782,12777
"10661",2021-10-27,4,85,"tabula",FALSE,81,10863,12862
"10662",2021-10-28,0,21,"tabula",FALSE,21,10884,12883
"10663",2021-10-29,0,26,"tabula",FALSE,26,10910,12909
"10664",2021-10-30,0,5,"tabula",FALSE,5,10915,12914
"10665",2021-10-31,0,21,"tabula",FALSE,21,10936,12935
"10666",2021-11-01,0,31,"tabula",FALSE,31,10967,12966
"10667",2021-11-02,0,43,"tabula",FALSE,43,11010,13009
"10668",2021-11-03,2,21,"tabula",FALSE,19,11029,13030
"10669",2021-11-04,0,42,"tabula",FALSE,42,11071,13072
"10670",2021-11-05,0,16,"tabula",FALSE,16,11087,13088
"10671",2021-11-06,0,23,"tabula",FALSE,23,11110,13111
"10672",2021-11-07,0,35,"tabula",FALSE,35,11145,13146
"10673",2021-11-08,0,69,"tabula",FALSE,69,11214,13215
"10674",2021-11-09,0,52,"tabula",FALSE,52,11266,13267
"10675",2021-11-10,0,81,"tabula",FALSE,81,11347,13348
"10676",2021-11-11,0,50,"tabula",FALSE,50,11397,13398
"10677",2021-11-12,0,23,"tabula",FALSE,23,11420,13421
"10678",2021-11-13,0,38,"tabula",FALSE,38,11458,13459
"10679",2021-11-14,0,11,"tabula",FALSE,11,11469,13470
"10680",2021-11-15,0,22,"tabula",FALSE,22,11491,13492
"10681",2021-11-16,0,17,"tabula",FALSE,17,11508,13509
"10682",2021-11-17,0,38,"tabula",FALSE,38,11546,13547
"10683",2021-11-18,0,18,"tabula",FALSE,18,11564,13565
"10684",2021-11-19,0,25,"tabula",FALSE,25,11589,13590
"10685",2021-11-20,0,8,"tabula",FALSE,8,11597,13598
"10686",2021-11-21,8,49,"tabula",FALSE,41,11638,13647
"10687",2021-11-22,0,13,"tabula",FALSE,13,11651,13660
"10688",2021-11-23,0,26,"tabula",FALSE,26,11677,13686
"10689",2021-11-24,2,19,"tabula",FALSE,17,11694,13705
"10690",2021-11-25,0,23,"tabula",FALSE,23,11717,13728
"10691",2021-11-26,0,3,"tabula",FALSE,3,11720,13731
"10692",2021-11-27,0,17,"tabula",FALSE,17,11737,13748
"10693",2021-11-28,0,7,"tabula",FALSE,7,11744,13755
"10694",2021-11-29,0,29,"tabula",FALSE,29,11773,13784
"10695",2021-11-30,0,15,"tabula",FALSE,15,11788,13799
"10696",2021-12-01,4,32,"tabula",FALSE,28,11816,13831
"10697",2021-12-02,0,14,"tabula",FALSE,14,11830,13845
"10698",2021-12-03,0,21,"tabula",FALSE,21,11851,13866
"10699",2021-12-04,0,9,"tabula",FALSE,9,11860,13875
"10700",2021-12-05,0,6,"tabula",FALSE,6,11866,13881
"10701",2021-12-06,0,22,"tabula",FALSE,22,11888,13903
"10702",2021-12-07,0,7,"tabula",FALSE,7,11895,13910
"10703",2021-12-08,4,25,"tabula",FALSE,21,11916,13935
"10704",2021-12-09,0,23,"tabula",FALSE,23,11939,13958
"10705",2021-12-10,0,7,"tabula",FALSE,7,11946,13965
"10706",2021-12-11,0,16,"tabula",FALSE,16,11962,13981
"10707",2021-12-12,0,4,"tabula",FALSE,4,11966,13985
"10708",2021-12-13,1,25,"tabula",FALSE,24,11990,14010
"10709",2021-12-14,1,14,"tabula",FALSE,13,12003,14024
"10710",2021-12-15,4,35,"tabula",FALSE,31,12034,14059
"10711",2021-12-16,0,5,"tabula",FALSE,5,12039,14064
"10712",2021-12-17,0,20,"tabula",FALSE,20,12059,14084
"10713",2021-12-18,0,8,"tabula",FALSE,8,12067,14092
"10714",2021-12-19,0,18,"tabula",FALSE,18,12085,14110
"10715",2021-12-20,0,9,"tabula",FALSE,9,12094,14119
"10716",2021-12-21,0,23,"tabula",FALSE,23,12117,14142
"10717",2021-12-22,5,24,"tabula",FALSE,19,12136,14166
"10718",2021-12-23,0,4,"tabula",FALSE,4,12140,14170
"10719",2021-12-24,0,39,"tabula",FALSE,39,12179,14209
"10720",2021-12-25,0,2,"tabula",FALSE,2,12181,14211
"10721",2021-12-26,0,22,"tabula",FALSE,22,12203,14233
"10722",2021-12-27,0,4,"tabula",FALSE,4,12207,14237
"10723",2021-12-28,0,23,"tabula",FALSE,23,12230,14260
"10724",2021-12-29,4,16,"tabula",FALSE,12,12242,14276
"10725",2021-12-30,0,20,"tabula",FALSE,20,12262,14296
"10726",2021-12-31,0,7,"tabula",FALSE,7,12269,14303
"10727",2022-01-01,0,1,"tabula",FALSE,1,12270,14304
"10728",2022-01-02,0,5,"tabula",FALSE,5,12275,14309
"10729",2022-01-03,0,3,"tabula",FALSE,3,12278,14312
"10730",2022-01-04,0,7,"tabula",FALSE,7,12285,14319
"10731",2022-01-05,3,19,"tabula",FALSE,16,12301,14338
"10732",2022-01-06,0,6,"tabula",FALSE,6,12307,14344
"10733",2022-01-07,0,4,"tabula",FALSE,4,12311,14348
"10734",2022-01-08,0,4,"tabula",FALSE,4,12315,14352
"10735",2022-01-09,0,10,"tabula",FALSE,10,12325,14362
"10736",2022-01-10,0,4,"tabula",FALSE,4,12329,14366
"10737",2022-01-11,1,16,"tabula",FALSE,15,12344,14382
"10738",2022-01-12,2,18,"tabula",FALSE,16,12360,14400
"10739",2022-01-13,0,32,"tabula",FALSE,32,12392,14432
"10740",2022-01-14,0,13,"tabula",FALSE,13,12405,14445
"10741",2022-01-15,0,22,"tabula",FALSE,22,12427,14467
"10742",2022-01-16,0,5,"tabula",FALSE,5,12432,14472
"10743",2022-01-17,0,5,"tabula",FALSE,5,12437,14477
"10744",2022-01-18,0,12,"tabula",FALSE,12,12449,14489
"10745",2022-01-19,0,14,"tabula",FALSE,14,12463,14503
"10746",2022-01-20,0,14,"tabula",FALSE,14,12477,14517
"10747",2022-01-21,1,8,"tabula",FALSE,7,12484,14525
"10748",2022-01-22,0,18,"tabula",FALSE,18,12502,14543
"10749",2022-01-23,0,4,"tabula",FALSE,4,12506,14547
"10750",2022-01-24,0,27,"tabula",FALSE,27,12533,14574
"10751",2022-01-25,0,3,"tabula",FALSE,3,12536,14577
"10752",2022-01-26,0,8,"tabula",FALSE,8,12544,14585
"10753",2022-01-27,0,3,"tabula",FALSE,3,12547,14588
"10754",2022-01-28,0,20,"tabula",FALSE,20,12567,14608
"10755",2022-01-29,0,6,"tabula",FALSE,6,12573,14614
"10756",2022-01-30,0,19,"tabula",FALSE,19,12592,14633
"10757",2022-01-31,0,7,"tabula",FALSE,7,12599,14640
"10758",2022-02-01,0,23,"tabula",FALSE,23,12622,14663
"10759",2022-02-02,0,16,"tabula",FALSE,16,12638,14679
"10760",2022-02-03,0,8,"tabula",FALSE,8,12646,14687
"10761",2022-02-04,0,7,"tabula",FALSE,7,12653,14694
"10762",2022-02-05,0,5,"tabula",FALSE,5,12658,14699
"10763",2022-02-06,0,19,"tabula",FALSE,19,12677,14718
"10764",2022-02-07,0,9,"tabula",FALSE,9,12686,14727
"10765",2022-02-08,7,48,"tabula",FALSE,41,12727,14775
"10766",2022-02-09,4,23,"tabula",FALSE,19,12746,14798
"10767",2022-02-10,0,22,"tabula",FALSE,22,12768,14820
"10768",2022-02-11,0,10,"tabula",FALSE,10,12778,14830
"10769",2022-02-12,0,18,"tabula",FALSE,18,12796,14848
"10770",2022-02-13,0,3,"tabula",FALSE,3,12799,14851
"10771",2022-02-14,0,19,"tabula",FALSE,19,12818,14870
"10772",2022-02-15,0,8,"tabula",FALSE,8,12826,14878
"10773",2022-02-16,5,36,"tabula",FALSE,31,12857,14914
"10774",2022-02-17,0,9,"tabula",FALSE,9,12866,14923
"10775",2022-02-18,0,22,"tabula",FALSE,22,12888,14945
"10776",2022-02-19,0,4,"tabula",FALSE,4,12892,14949
"10777",2022-02-20,0,3,"tabula",FALSE,3,12895,14952
"10778",2022-02-21,0,21,"tabula",FALSE,21,12916,14973
"10779",2022-02-22,0,2,"tabula",FALSE,2,12918,14975
"10780",2022-02-23,6,41,"tabula",FALSE,35,12953,15016
"10781",2022-02-24,0,8,"tabula",FALSE,8,12961,15024
"10782",2022-02-25,0,18,"tabula",FALSE,18,12979,15042
"10783",2022-02-26,0,2,"tabula",FALSE,2,12981,15044
"10784",2022-02-27,0,20,"tabula",FALSE,20,13001,15064
"10785",2022-02-28,0,7,"tabula",FALSE,7,13008,15071
"10786",2022-03-01,0,43,"tabula",FALSE,43,13051,15114
"10787",2022-03-02,3,52,"tabula",FALSE,49,13100,15166
"10788",2022-03-03,0,46,"tabula",FALSE,46,13146,15212
"10789",2022-03-04,0,57,"tabula",FALSE,57,13203,15269
"10790",2022-03-05,0,20,"tabula",FALSE,20,13223,15289
"10791",2022-03-06,0,7,"tabula",FALSE,7,13230,15296
"10792",2022-03-07,0,33,"tabula",FALSE,33,13263,15329
"10793",2022-03-08,0,27,"tabula",FALSE,27,13290,15356
"10794",2022-03-09,6,59,"tabula",FALSE,53,13343,15415
"10795",2022-03-10,0,19,"tabula",FALSE,19,13362,15434
"10796",2022-03-11,0,59,"tabula",FALSE,59,13421,15493
"10797",2022-03-12,0,11,"tabula",FALSE,11,13432,15504
"10798",2022-03-13,0,17,"tabula",FALSE,17,13449,15521
"10799",2022-03-14,0,37,"tabula",FALSE,37,13486,15558
"10800",2022-03-15,0,47,"tabula",FALSE,47,13533,15605
"10801",2022-03-16,4,58,"tabula",FALSE,54,13587,15663
"10802",2022-03-17,0,30,"tabula",FALSE,30,13617,15693
"10803",2022-03-18,0,13,"tabula",FALSE,13,13630,15706
"10804",2022-03-19,0,19,"tabula",FALSE,19,13649,15725
"10805",2022-03-20,0,7,"tabula",FALSE,7,13656,15732
"10806",2022-03-21,0,26,"tabula",FALSE,26,13682,15758
"10807",2022-03-22,0,15,"tabula",FALSE,15,13697,15773
"10808",2022-03-23,6,52,"tabula",FALSE,46,13743,15825
"10809",2022-03-24,0,20,"tabula",FALSE,20,13763,15845
"10810",2022-03-25,0,44,"tabula",FALSE,44,13807,15889
"10811",2022-03-26,0,17,"tabula",FALSE,17,13824,15906
"10812",2022-03-27,0,20,"tabula",FALSE,20,13844,15926
"10813",2022-03-28,0,14,"tabula",FALSE,14,13858,15940
"10814",2022-03-29,0,43,"tabula",FALSE,43,13901,15983
"10815",2022-03-30,4,46,"tabula",FALSE,42,13943,16029
"10816",2022-03-31,0,59,"tabula",FALSE,59,14002,16088
"10817",2022-04-01,0,8,"tabula",FALSE,8,14010,16096
"10818",2022-04-02,0,33,"tabula",FALSE,33,14043,16129
"10819",2022-04-03,0,5,"tabula",FALSE,5,14048,16134
"10820",2022-04-04,0,83,"tabula",FALSE,83,14131,16217
"10821",2022-04-05,0,68,"tabula",FALSE,68,14199,16285
"10822",2022-04-06,6,62,"tabula",FALSE,56,14255,16347
"10823",2022-04-07,0,66,"tabula",FALSE,66,14321,16413
"10824",2022-04-08,0,39,"tabula",FALSE,39,14360,16452
"10825",2022-04-09,0,17,"tabula",FALSE,17,14377,16469
"10826",2022-04-10,0,13,"tabula",FALSE,13,14390,16482
"10827",2022-04-11,4,51,"tabula",FALSE,47,14437,16533
"10828",2022-04-12,0,63,"tabula",FALSE,63,14500,16596
"10829",2022-04-13,4,67,"tabula",FALSE,63,14563,16663
"10830",2022-04-14,0,14,"tabula",FALSE,14,14577,16677
"10831",2022-04-15,0,8,"tabula",FALSE,8,14585,16685
"10832",2022-04-16,0,25,"tabula",FALSE,25,14610,16710
"10833",2022-04-17,0,6,"tabula",FALSE,6,14616,16716
"10834",2022-04-18,0,84,"tabula",FALSE,84,14700,16800
"10835",2022-04-19,0,26,"tabula",FALSE,26,14726,16826
"10836",2022-04-20,5,72,"tabula",FALSE,67,14793,16898
"10837",2022-04-21,0,72,"tabula",FALSE,72,14865,16970
"10838",2022-04-22,0,154,"tabula",FALSE,154,15019,17124
"10839",2022-04-23,0,5,"tabula",FALSE,5,15024,17129
"10840",2022-04-24,0,12,"tabula",FALSE,12,15036,17141
"10841",2022-04-25,0,85,"tabula",FALSE,85,15121,17226
"10842",2022-04-26,0,83,"tabula",FALSE,83,15204,17309
"10843",2022-04-27,5,160,"tabula",FALSE,155,15359,17469
"10844",2022-04-28,0,148,"tabula",FALSE,148,15507,17617
"10845",2022-04-29,0,142,"tabula",FALSE,142,15649,17759
"10846",2022-04-30,0,18,"tabula",FALSE,18,15667,17777
"10847",2022-05-01,0,9,"tabula",FALSE,9,15676,17786
"10848",2022-05-02,0,54,"tabula",FALSE,54,15730,17840
"10849",2022-05-03,0,89,"tabula",FALSE,89,15819,17929
"10850",2022-05-04,6,216,"tabula",FALSE,210,16029,18145
"10851",2022-05-05,0,29,"tabula",FALSE,29,16058,18174
"10852",2022-05-06,0,114,"tabula",FALSE,114,16172,18288
"10853",2022-05-07,0,7,"tabula",FALSE,7,16179,18295
"10854",2022-05-08,0,21,"tabula",FALSE,21,16200,18316
"10855",2022-05-09,0,65,"tabula",FALSE,65,16265,18381
"10856",2022-05-10,0,57,"tabula",FALSE,57,16322,18438
"10857",2022-05-11,2,82,"tabula",FALSE,80,16402,18520
"10858",2022-05-12,0,201,"tabula",FALSE,201,16603,18721
"10859",2022-05-13,0,136,"tabula",FALSE,136,16739,18857
"10860",2022-05-14,0,22,"tabula",FALSE,22,16761,18879
"10861",2022-05-15,0,3,"tabula",FALSE,3,16764,18882
"10862",2022-05-16,0,146,"tabula",FALSE,146,16910,19028
"10863",2022-05-17,0,71,"tabula",FALSE,71,16981,19099
"10864",2022-05-18,3,168,"tabula",FALSE,165,17146,19267
"10865",2022-05-19,0,134,"tabula",FALSE,134,17280,19401
"10866",2022-05-20,0,99,"tabula",FALSE,99,17379,19500
"10867",2022-05-21,0,2,"tabula",FALSE,2,17381,19502
"10868",2022-05-22,0,19,"tabula",FALSE,19,17400,19521
"10869",2022-05-23,0,43,"tabula",FALSE,43,17443,19564
"10870",2022-05-24,0,29,"tabula",FALSE,29,17472,19593
"10871",2022-05-25,6,93,"tabula",FALSE,87,17559,19686
"10872",2022-05-26,0,94,"tabula",FALSE,94,17653,19780
"10873",2022-05-27,0,29,"tabula",FALSE,29,17682,19809
"10874",2022-05-28,0,5,"tabula",FALSE,5,17687,19814
"10875",2022-05-29,0,19,"tabula",FALSE,19,17706,19833
"10876",2022-05-30,0,39,"tabula",FALSE,39,17745,19872
"10877",2022-05-31,0,53,"tabula",FALSE,53,17798,19925
"10878",2022-06-01,2,132,"tabula",FALSE,130,17928,20057
"10879",2022-06-02,0,53,"tabula",FALSE,53,17981,20110
"10880",2022-06-03,0,56,"tabula",FALSE,56,18037,20166
"10881",2022-06-04,0,56,"tabula",FALSE,56,18093,20222
"10882",2022-06-05,0,3,"tabula",FALSE,3,18096,20225
"10883",2022-06-06,0,56,"tabula",FALSE,56,18152,20281
"10884",2022-06-07,0,34,"tabula",FALSE,34,18186,20315
"10885",2022-06-08,5,51,"tabula",FALSE,46,18232,20366
"10886",2022-06-09,0,43,"tabula",FALSE,43,18275,20409
"10887",2022-06-10,0,34,"tabula",FALSE,34,18309,20443
"10888",2022-06-11,0,19,"tabula",FALSE,19,18328,20462
"10889",2022-06-12,0,3,"tabula",FALSE,3,18331,20465
"10890",2022-06-13,0,34,"tabula",FALSE,34,18365,20499
"10891",2022-06-14,4,72,"tabula",FALSE,68,18433,20571
"10892",2022-06-15,4,114,"tabula",FALSE,110,18543,20685
"10893",2022-06-16,0,28,"tabula",FALSE,28,18571,20713
"10894",2022-06-17,0,35,"tabula",FALSE,35,18606,20748
"10895",2022-06-18,0,7,"tabula",FALSE,7,18613,20755
"10896",2022-06-19,0,6,"tabula",FALSE,6,18619,20761
"10897",2022-06-20,0,64,"tabula",FALSE,64,18683,20825
"10898",2022-06-21,0,62,"tabula",FALSE,62,18745,20887
"10899",2022-06-22,1,113,"tabula",FALSE,112,18857,21000
"10900",2022-06-23,0,111,"tabula",TRUE,2,18859,21111
"10901",2022-06-24,0,333,"tabula",FALSE,2,18861,21444
"10902",2022-06-25,0,5,"tabula",FALSE,5,18866,21449
"10903",2022-06-26,0,8,"tabula",FALSE,8,18874,21457
"10904",2022-06-27,0,51,"tabula",FALSE,51,18925,21508
"10905",2022-06-28,0,887,"tabula",FALSE,887,19812,22395
"10906",2022-06-29,2,735,"tabula",FALSE,733,20545,23130
"10907",2022-06-30,0,706,"tabula",FALSE,706,21251,23836
"10908",2022-07-01,0,802,"tabula",FALSE,802,22053,24638
"10909",2022-07-02,0,3,"tabula",FALSE,3,22056,24641
"10910",2022-07-03,0,48,"tabula",FALSE,48,22104,24689
"10911",2022-07-04,0,732,"tabula",FALSE,732,22836,25421
"10912",2022-07-05,0,1067,"tabula",FALSE,1067,23903,26488
"10913",2022-07-06,6,455,"tabula",FALSE,449,24352,26943
"10914",2022-07-07,0,481,"tabula",FALSE,481,24833,27424
"10915",2022-07-08,0,1328,"tabula",FALSE,1328,26161,28752
"10916",2022-07-09,0,57,"tabula",FALSE,57,26218,28809
"10917",2022-07-10,0,5,"tabula",FALSE,5,26223,28814
"10918",2022-07-11,0,38,"tabula",FALSE,38,26261,28852
"10919",2022-07-12,0,76,"tabula",FALSE,76,26337,28928
"10920",2022-07-13,2,1021,"tabula",FALSE,1019,27356,29949
"10921",2022-07-14,0,785,"tabula",FALSE,785,28141,30734
"10922",2022-07-15,0,481,"tabula",FALSE,481,28622,31215
"10923",2022-07-16,0,16,"tabula",FALSE,16,28638,31231
"10924",2022-07-17,0,8,"tabula",FALSE,8,28646,31239
"10925",2022-07-18,0,97,"tabula",FALSE,97,28743,31336
"10926",2022-07-19,0,101,"tabula",FALSE,101,28844,31437
"10927",2022-07-20,2,118,"tabula",FALSE,116,28960,31555
"10928",2022-07-21,0,1091,"tabula",FALSE,1091,30051,32646
"10929",2022-07-22,0,1038,"tabula",FALSE,1038,31089,33684
"10930",2022-07-23,0,138,"tabula",FALSE,138,31227,33822
"10931",2022-07-24,0,21,"tabula",FALSE,21,31248,33843
"10932",2022-07-25,0,623,"tabula",FALSE,623,31871,34466
"10933",2022-07-26,0,266,"tabula",FALSE,266,32137,34732
"10934",2022-07-27,5,910,"tabula",FALSE,905,33042,35642
"10935",2022-07-28,0,621,"tabula",FALSE,621,33663,36263
"10936",2022-07-29,0,262,"tabula",FALSE,262,33925,36525
"10937",2022-07-30,0,23,"tabula",FALSE,23,33948,36548
"10938",2022-07-31,0,25,"tabula",FALSE,25,33973,36573
"10939",2022-08-01,0,767,"tabula",FALSE,767,34740,37340
"10940",2022-08-02,0,1551,"tabula",FALSE,1551,36291,38891
"10941",2022-08-03,5,848,"tabula",FALSE,843,37134,39739
"10942",2022-08-04,0,1060,"tabula",FALSE,1060,38194,40799
"10943",2022-08-05,0,636,"tabula",FALSE,636,38830,41435
"10944",2022-08-06,0,21,"tabula",FALSE,21,38851,41456
"10945",2022-08-07,0,0,"tabula",FALSE,0,38851,41456
"10946",2022-08-08,0,473,"tabula",FALSE,473,39324,41929
"10947",2022-08-09,0,686,"tabula",FALSE,686,40010,42615
"10948",2022-08-10,0,853,"tabula",FALSE,853,40863,43468
"10949",2022-08-11,1,996,"tabula",FALSE,995,41858,44464
"10950",2022-08-12,0,625,"tabula",FALSE,625,42483,45089
"10951",2022-08-13,0,8,"tabula",FALSE,8,42491,45097
"10952",2022-08-14,0,6,"tabula",FALSE,6,42497,45103
"10953",2022-08-15,0,252,"tabula",FALSE,252,42749,45355
"10954",2022-08-16,0,173,"tabula",FALSE,173,42922,45528
"10955",2022-08-17,4,418,"tabula",FALSE,414,43336,45946
"10956",2022-08-18,0,337,"tabula",FALSE,337,43673,46283
"10957",2022-08-19,0,112,"tabula",FALSE,112,43785,46395
"10958",2022-08-20,0,2,"tabula",FALSE,2,43787,46397
"10959",2022-08-21,0,17,"tabula",FALSE,17,43804,46414
"10960",2022-08-22,0,383,"tabula",FALSE,383,44187,46797
"10961",2022-08-23,0,460,"tabula",FALSE,460,44647,47257
"10962",2022-08-24,7,203,"tabula",FALSE,196,44843,47460
"10963",2022-08-25,0,753,"tabula",FALSE,753,45596,48213
"10964",2022-08-26,0,731,"tabula",FALSE,731,46327,48944
"10965",2022-08-27,0,252,"tabula",FALSE,252,46579,49196
"10966",2022-08-28,0,699,"tabula",FALSE,699,47278,49895
"10967",2022-08-29,0,569,"tabula",FALSE,569,47847,50464
"10968",2022-08-30,0,427,"tabula",FALSE,427,48274,50891
"10969",2022-08-31,2,41,"tabula",FALSE,39,48313,50932
"10970",2022-09-01,0,254,"tabula",FALSE,254,48567,51186
"10971",2022-09-02,0,43,"tabula",FALSE,43,48610,51229
"10972",2022-09-03,0,1,"tabula",FALSE,1,48611,51230
"10973",2022-09-04,0,6,"tabula",FALSE,6,48617,51236
"10974",2022-09-05,0,96,"tabula",FALSE,96,48713,51332
"10975",2022-09-06,0,60,"tabula",FALSE,60,48773,51392
"10976",2022-09-07,0,379,"tabula",FALSE,379,49152,51771
"10977",2022-09-08,4,72,"tabula",TRUE,2,49154,51843
"10978",2022-09-09,0,98,"tabula",FALSE,2,49156,51941
"10979",2022-09-10,0,9,"tabula",FALSE,9,49165,51950
"10980",2022-09-11,0,52,"tabula",FALSE,52,49217,52002
"10981",2022-09-12,0,98,"tabula",FALSE,98,49315,52100
"10982",2022-09-13,0,144,"tabula",FALSE,144,49459,52244
"10983",2022-09-14,5,319,"tabula",FALSE,314,49773,52563
"10984",2022-09-15,0,87,"tabula",FALSE,87,49860,52650
"10985",2022-09-16,0,19,"tabula",FALSE,19,49879,52669
"10986",2022-09-17,0,29,"tabula",FALSE,29,49908,52698
"10987",2022-09-18,0,5,"tabula",FALSE,5,49913,52703
"10988",2022-09-19,0,121,"tabula",FALSE,121,50034,52824
"10989",2022-09-20,0,89,"tabula",FALSE,89,50123,52913
"10990",2022-09-21,0,119,"tabula",FALSE,119,50242,53032
"10991",2022-09-22,0,140,"tabula",FALSE,140,50382,53172
"10992",2022-09-23,0,111,"tabula",FALSE,111,50493,53283
"10993",2022-09-24,0,3,"tabula",FALSE,3,50496,53286
"10994",2022-09-25,0,5,"tabula",FALSE,5,50501,53291
"10995",2022-09-26,0,136,"tabula",FALSE,136,50637,53427
"10996",2022-09-27,0,84,"tabula",FALSE,84,50721,53511
"10997",2022-09-28,0,131,"tabula",FALSE,131,50852,53642
"10998",2022-09-29,0,125,"tabula",FALSE,125,50977,53767
"10999",2022-09-30,0,93,"tabula",FALSE,93,51070,53860
"11000",2022-10-01,0,7,"tabula",FALSE,7,51077,53867
"11001",2022-10-02,0,25,"tabula",FALSE,25,51102,53892
"11002",2022-10-03,0,103,"tabula",FALSE,103,51205,53995
"11003",2022-10-04,0,39,"tabula",FALSE,39,51244,54034
"11004",2022-10-05,0,166,"tabula",FALSE,166,51410,54200
"11005",2022-10-06,0,146,"tabula",FALSE,146,51556,54346
"11006",2022-10-07,0,119,"tabula",FALSE,119,51675,54465
"11007",2022-10-08,0,18,"tabula",FALSE,18,51693,54483
"11008",2022-10-09,0,11,"tabula",FALSE,11,51704,54494
"11009",2022-10-10,0,173,"tabula",FALSE,173,51877,54667
"11010",2022-10-11,0,67,"tabula",FALSE,67,51944,54734
"11011",2022-10-12,0,110,"tabula",FALSE,110,52054,54844
"11012",2022-10-13,0,244,"tabula",FALSE,244,52298,55088
"11013",2022-10-14,0,147,"tabula",FALSE,147,52445,55235
"11014",2022-10-15,0,23,"tabula",FALSE,23,52468,55258
"11015",2022-10-16,0,5,"tabula",FALSE,5,52473,55263
"11016",2022-10-17,0,189,"tabula",FALSE,189,52662,55452
"11017",2022-10-18,0,170,"tabula",FALSE,170,52832,55622
"11018",2022-10-19,0,9,"tabula",FALSE,9,52841,55631
"11019",2022-10-20,0,102,"tabula",FALSE,102,52943,55733
"11020",2022-10-21,0,53,"tabula",FALSE,53,52996,55786
"11021",2022-10-22,0,14,"tabula",FALSE,14,53010,55800
"11022",2022-10-23,0,22,"tabula",FALSE,22,53032,55822
"11023",2022-10-24,0,61,"tabula",FALSE,61,53093,55883
"11024",2022-10-25,0,60,"tabula",FALSE,60,53153,55943
"11025",2022-10-26,0,26,"tabula",FALSE,26,53179,55969
"11026",2022-10-27,0,93,"tabula",FALSE,93,53272,56062
"11027",2022-10-28,0,21,"tabula",FALSE,21,53293,56083
"11028",2022-10-29,0,7,"tabula",FALSE,7,53300,56090
"11029",2022-10-30,0,5,"tabula",FALSE,5,53305,56095
"11030",2022-10-31,0,4,"tabula",FALSE,4,53309,56099
"11031",2022-11-01,0,20,"tabula",FALSE,20,53329,56119
"11032",2022-11-02,0,23,"tabula",FALSE,23,53352,56142
"11033",2022-11-03,0,64,"tabula",FALSE,64,53416,56206
"11034",2022-11-04,0,7,"tabula",FALSE,7,53423,56213
"11035",2022-11-05,0,21,"tabula",FALSE,21,53444,56234
"11036",2022-11-06,0,14,"tabula",TRUE,2,53446,56248
"11037",2022-11-07,0,46,"tabula",FALSE,2,53448,56294
"11038",2022-11-08,0,18,"tabula",FALSE,18,53466,56312
"11039",2022-11-09,0,24,"tabula",FALSE,24,53490,56336
"11040",2022-11-10,0,66,"tabula",FALSE,66,53556,56402
"11041",2022-11-11,0,13,"tabula",FALSE,13,53569,56415
"11042",2022-11-12,0,36,"tabula",FALSE,36,53605,56451
"11043",2022-11-13,0,10,"tabula",FALSE,10,53615,56461
"11044",2022-11-14,0,37,"tabula",FALSE,37,53652,56498
"11045",2022-11-15,0,16,"tabula",FALSE,16,53668,56514
"11046",2022-11-16,0,12,"tabula",FALSE,12,53680,56526
"11047",2022-11-17,0,38,"tabula",FALSE,38,53718,56564
"11048",2022-11-18,6,40,"tabula",FALSE,34,53752,56604
"11049",2022-11-19,0,7,"tabula",FALSE,7,53759,56611
"11050",2022-11-20,0,6,"tabula",FALSE,6,53765,56617
"11051",2022-11-21,0,18,"tabula",FALSE,18,53783,56635
"11052",2022-11-22,0,31,"tabula",FALSE,31,53814,56666
"11053",2022-11-23,0,17,"tabula",FALSE,17,53831,56683
"11054",2022-11-24,0,17,"tabula",FALSE,17,53848,56700
"11055",2022-11-25,0,8,"tabula",FALSE,8,53856,56708
"11056",2022-11-26,0,22,"tabula",FALSE,22,53878,56730
"11057",2022-11-27,0,10,"tabula",FALSE,10,53888,56740
"11058",2022-11-28,1,15,"tabula",FALSE,14,53902,56755
"11059",2022-11-29,0,26,"tabula",FALSE,26,53928,56781
"11060",2022-11-30,0,21,"tabula",FALSE,21,53949,56802
"11061",2022-12-01,0,26,"tabula",FALSE,26,53975,56828
"11062",2022-12-02,0,23,"tabula",FALSE,23,53998,56851
"11063",2022-12-03,0,3,"tabula",FALSE,3,54001,56854
"11064",2022-12-04,0,15,"tabula",FALSE,15,54016,56869
"11065",2022-12-05,0,14,"tabula",FALSE,14,54030,56883
"11066",2022-12-06,0,10,"tabula",FALSE,10,54040,56893
"11067",2022-12-07,0,19,"tabula",FALSE,19,54059,56912
"11068",2022-12-08,0,16,"tabula",FALSE,16,54075,56928
"11069",2022-12-09,0,26,"tabula",FALSE,26,54101,56954
"11070",2022-12-10,0,2,"tabula",FALSE,2,54103,56956
"11071",2022-12-11,0,5,"tabula",FALSE,5,54108,56961
"11072",2022-12-12,0,20,"tabula",FALSE,20,54128,56981
"11073",2022-12-13,0,11,"tabula",FALSE,11,54139,56992
"11074",2022-12-14,0,19,"tabula",FALSE,19,54158,57011
"11075",2022-12-15,0,15,"tabula",FALSE,15,54173,57026
"11076",2022-12-16,4,27,"tabula",FALSE,23,54196,57053
"11077",2022-12-17,0,6,"tabula",FALSE,6,54202,57059
"11078",2022-12-18,0,6,"tabula",FALSE,6,54208,57065
"11079",2022-12-19,0,12,"tabula",FALSE,12,54220,57077
"11080",2022-12-20,0,8,"tabula",FALSE,8,54228,57085
"11081",2022-12-21,0,20,"tabula",FALSE,20,54248,57105
"11082",2022-12-22,0,11,"tabula",FALSE,11,54259,57116
"11083",2022-12-23,0,12,"tabula",FALSE,12,54271,57128
"11084",2022-12-24,0,42,"tabula",FALSE,42,54313,57170
"11085",2022-12-25,0,6,"tabula",FALSE,6,54319,57176
"11086",2022-12-26,0,10,"tabula",FALSE,10,54329,57186
"11087",2022-12-27,0,6,"tabula",FALSE,6,54335,57192
"11088",2022-12-28,0,9,"tabula",FALSE,9,54344,57201
"11089",2022-12-29,0,6,"tabula",FALSE,6,54350,57207
"11090",2022-12-30,0,3,"tabula",FALSE,3,54353,57210
"11091",2022-12-31,0,4,"tabula",FALSE,4,54357,57214
"11092",2023-01-01,0,2,"tabula",FALSE,2,54359,57216
"11093",2023-01-02,0,7,"tabula",FALSE,7,54366,57223
"11094",2023-01-03,0,10,"tabula",FALSE,10,54376,57233
"11095",2023-01-04,0,9,"tabula",FALSE,9,54385,57242
"11096",2023-01-05,0,16,"tabula",FALSE,16,54401,57258
"11097",2023-01-06,0,16,"tabula",FALSE,16,54417,57274
"11098",2023-01-07,0,8,"tabula",FALSE,8,54425,57282
"11099",2023-01-08,0,6,"tabula",FALSE,6,54431,57288
"11100",2023-01-09,0,23,"tabula",FALSE,23,54454,57311
"11101",2023-01-10,0,7,"tabula",FALSE,7,54461,57318
"11102",2023-01-11,0,14,"tabula",FALSE,14,54475,57332
"11103",2023-01-12,0,8,"tabula",FALSE,8,54483,57340
"11104",2023-01-13,0,13,"tabula",FALSE,13,54496,57353
"11105",2023-01-14,0,3,"tabula",FALSE,3,54499,57356
"11106",2023-01-15,0,6,"tabula",FALSE,6,54505,57362
"11107",2023-01-16,0,12,"tabula",FALSE,12,54517,57374
"11108",2023-01-17,4,38,"tabula",FALSE,34,54551,57412
"11109",2023-01-18,2,30,"tabula",FALSE,28,54579,57442
"11110",2023-01-19,0,11,"tabula",FALSE,11,54590,57453
"11111",2023-01-20,0,9,"tabula",FALSE,9,54599,57462
"11112",2023-01-21,0,10,"tabula",FALSE,10,54609,57472
"11113",2023-01-22,0,10,"tabula",FALSE,10,54619,57482
"11114",2023-01-23,0,14,"tabula",FALSE,14,54633,57496
"11115",2023-01-24,0,7,"tabula",FALSE,7,54640,57503
"11116",2023-01-25,0,11,"tabula",FALSE,11,54651,57514
"11117",2023-01-26,0,10,"tabula",FALSE,10,54661,57524
"11118",2023-01-27,0,5,"tabula",FALSE,5,54666,57529
"11119",2023-01-28,0,3,"tabula",FALSE,3,54669,57532
"11120",2023-01-29,0,22,"tabula",FALSE,22,54691,57554
"11121",2023-01-30,0,3,"tabula",FALSE,3,54694,57557
"11122",2023-01-31,0,15,"tabula",FALSE,15,54709,57572
"11123",2023-02-01,0,9,"tabula",FALSE,9,54718,57581
"11124",2023-02-02,5,28,"tabula",FALSE,23,54741,57609
"11125",2023-02-03,0,14,"tabula",FALSE,14,54755,57623
"11126",2023-02-04,0,3,"tabula",FALSE,3,54758,57626
"11127",2023-02-05,0,11,"tabula",FALSE,11,54769,57637
"11128",2023-02-06,0,10,"tabula",FALSE,10,54779,57647
"11129",2023-02-07,0,17,"tabula",FALSE,17,54796,57664
"11130",2023-02-08,0,16,"tabula",FALSE,16,54812,57680
"11131",2023-02-09,0,13,"tabula",FALSE,13,54825,57693
"11132",2023-02-10,0,6,"tabula",FALSE,6,54831,57699
"11133",2023-02-11,0,7,"tabula",FALSE,7,54838,57706
"11134",2023-02-12,0,5,"tabula",FALSE,5,54843,57711
"11135",2023-02-13,0,11,"tabula",FALSE,11,54854,57722
"11136",2023-02-14,0,42,"tabula",FALSE,42,54896,57764
"11137",2023-02-15,0,27,"tabula",FALSE,27,54923,57791
"11138",2023-02-16,0,10,"tabula",FALSE,10,54933,57801
"11139",2023-02-17,0,8,"tabula",FALSE,8,54941,57809
"11140",2023-02-18,0,10,"tabula",FALSE,10,54951,57819
"11141",2023-02-19,2,22,"tabula",FALSE,20,54971,57841
"11142",2023-02-20,0,10,"tabula",FALSE,10,54981,57851
"11143",2023-02-21,0,15,"tabula",FALSE,15,54996,57866
"11144",2023-02-22,0,17,"tabula",FALSE,17,55013,57883
"11145",2023-02-23,1,29,"tabula",FALSE,28,55041,57912
"11146",2023-02-24,0,18,"tabula",FALSE,18,55059,57930
"11147",2023-02-25,0,3,"tabula",FALSE,3,55062,57933
"11148",2023-02-26,0,4,"tabula",FALSE,4,55066,57937
"11149",2023-02-27,0,11,"tabula",FALSE,11,55077,57948
"11150",2023-02-28,0,7,"tabula",FALSE,7,55084,57955
"11151",2023-03-01,0,14,"tabula",FALSE,14,55098,57969
"11152",2023-03-02,0,16,"tabula",FALSE,16,55114,57985
"11153",2023-03-03,0,7,"tabula",FALSE,7,55121,57992
"11154",2023-03-04,0,8,"tabula",FALSE,8,55129,58000
"11155",2023-03-05,0,14,"tabula",FALSE,14,55143,58014
"11156",2023-03-06,0,17,"tabula",FALSE,17,55160,58031
"11157",2023-03-07,0,8,"tabula",FALSE,8,55168,58039
"11158",2023-03-08,0,11,"tabula",FALSE,11,55179,58050
"11159",2023-03-09,3,29,"tabula",FALSE,26,55205,58079
"11160",2023-03-10,2,36,"tabula",FALSE,34,55239,58115
"11161",2023-03-11,0,10,"tabula",FALSE,10,55249,58125
"11162",2023-03-12,0,10,"tabula",FALSE,10,55259,58135
"11163",2023-03-13,0,19,"tabula",FALSE,19,55278,58154
"11164",2023-03-14,0,16,"tabula",FALSE,16,55294,58170
"11165",2023-03-15,5,33,"tabula",FALSE,28,55322,58203
"11166",2023-03-16,1,19,"tabula",FALSE,18,55340,58222
"11167",2023-03-17,0,9,"tabula",FALSE,9,55349,58231
"11168",2023-03-18,2,28,"tabula",FALSE,26,55375,58259
"11169",2023-03-19,0,8,"tabula",FALSE,8,55383,58267
"11170",2023-03-20,0,31,"tabula",FALSE,31,55414,58298
"11171",2023-03-21,0,19,"tabula",FALSE,19,55433,58317
"11172",2023-03-22,2,30,"tabula",FALSE,28,55461,58347
"11173",2023-03-23,0,5,"tabula",FALSE,5,55466,58352
"11174",2023-03-24,0,11,"tabula",FALSE,11,55477,58363
"11175",2023-03-25,0,11,"tabula",FALSE,11,55488,58374
"11176",2023-03-26,0,13,"tabula",FALSE,13,55501,58387
"11177",2023-03-27,0,26,"tabula",FALSE,26,55527,58413
"11178",2023-03-28,0,12,"tabula",FALSE,12,55539,58425
"11179",2023-03-29,2,30,"tabula",FALSE,28,55567,58455
"11180",2023-03-30,0,11,"tabula",FALSE,11,55578,58466
"11181",2023-03-31,0,7,"tabula",FALSE,7,55585,58473
"11182",2023-04-01,0,14,"tabula",FALSE,14,55599,58487
"11183",2023-04-02,0,8,"tabula",FALSE,8,55607,58495
"11184",2023-04-03,0,12,"tabula",FALSE,12,55619,58507
"11185",2023-04-04,0,9,"tabula",FALSE,9,55628,58516
"11186",2023-04-05,0,10,"tabula",FALSE,10,55638,58526
"11187",2023-04-06,0,26,"tabula",FALSE,26,55664,58552
"11188",2023-04-07,0,18,"tabula",FALSE,18,55682,58570
"11189",2023-04-08,0,13,"tabula",FALSE,13,55695,58583
"11190",2023-04-09,0,5,"tabula",FALSE,5,55700,58588
"11191",2023-04-10,0,9,"tabula",FALSE,9,55709,58597
"11192",2023-04-11,0,11,"tabula",FALSE,11,55720,58608
"11193",2023-04-12,2,41,"tabula",FALSE,39,55759,58649
"11194",2023-04-13,0,19,"tabula",FALSE,19,55778,58668
"11195",2023-04-14,0,31,"tabula",FALSE,31,55809,58699
"11196",2023-04-15,0,7,"tabula",FALSE,7,55816,58706
"11197",2023-04-16,0,6,"tabula",FALSE,6,55822,58712
"11198",2023-04-17,0,14,"tabula",FALSE,14,55836,58726
"11199",2023-04-18,0,17,"tabula",FALSE,17,55853,58743
"11200",2023-04-19,5,53,"tabula",FALSE,48,55901,58796
"11201",2023-04-20,0,18,"tabula",FALSE,18,55919,58814
"11202",2023-04-21,0,19,"tabula",FALSE,19,55938,58833
"11203",2023-04-22,0,12,"tabula",FALSE,12,55950,58845
"11204",2023-04-23,0,4,"tabula",FALSE,4,55954,58849
"11205",2023-04-24,0,12,"tabula",FALSE,12,55966,58861
"11206",2023-04-25,0,14,"tabula",FALSE,14,55980,58875
"11207",2023-04-26,2,34,"tabula",FALSE,32,56012,58909
"11208",2023-04-27,0,25,"tabula",FALSE,25,56037,58934
"11209",2023-04-28,0,12,"tabula",FALSE,12,56049,58946
"11210",2023-04-29,0,3,"tabula",FALSE,3,56052,58949
"11211",2023-04-30,0,5,"tabula",FALSE,5,56057,58954
"11212",2023-05-01,0,14,"tabula",FALSE,14,56071,58968
"11213",2023-05-02,0,10,"tabula",FALSE,10,56081,58978
"11214",2023-05-03,2,34,"tabula",FALSE,32,56113,59012
"11215",2023-05-04,0,5,"tabula",FALSE,5,56118,59017
"11216",2023-05-05,1,12,"tabula",FALSE,11,56129,59029
"11217",2023-05-06,0,13,"tabula",FALSE,13,56142,59042
"11218",2023-05-07,0,4,"tabula",FALSE,4,56146,59046
"11219",2023-05-08,0,35,"tabula",FALSE,35,56181,59081
"11220",2023-05-09,0,16,"tabula",FALSE,16,56197,59097
"11221",2023-05-10,2,54,"tabula",FALSE,52,56249,59151
"11222",2023-05-11,0,23,"tabula",FALSE,23,56272,59174
"11223",2023-05-12,0,30,"tabula",FALSE,30,56302,59204
"11224",2023-05-13,0,8,"tabula",FALSE,8,56310,59212
"11225",2023-05-14,0,5,"tabula",FALSE,5,56315,59217
"11226",2023-05-15,1,25,"tabula",FALSE,24,56339,59242
"11227",2023-05-16,0,17,"tabula",FALSE,17,56356,59259
"11228",2023-05-17,2,30,"tabula",FALSE,28,56384,59289
"11229",2023-05-18,0,11,"tabula",FALSE,11,56395,59300
"11230",2023-05-19,0,17,"tabula",FALSE,17,56412,59317
"11231",2023-05-20,0,8,"tabula",FALSE,8,56420,59325
"11232",2023-05-21,0,9,"tabula",FALSE,9,56429,59334
"11233",2023-05-22,0,13,"tabula",FALSE,13,56442,59347
"11234",2023-05-23,0,17,"tabula",FALSE,17,56459,59364
"11235",2023-05-24,2,45,"tabula",FALSE,43,56502,59409
"11236",2023-05-25,0,14,"tabula",FALSE,14,56516,59423
"11237",2023-05-26,0,21,"tabula",FALSE,21,56537,59444
"11238",2023-05-27,0,4,"tabula",FALSE,4,56541,59448
"11239",2023-05-28,0,13,"tabula",FALSE,13,56554,59461
"11240",2023-05-29,0,9,"tabula",FALSE,9,56563,59470
"11241",2023-05-30,0,13,"tabula",FALSE,13,56576,59483
"11242",2023-05-31,0,12,"tabula",FALSE,12,56588,59495
"11243",2023-06-01,0,39,"tabula",FALSE,39,56627,59534
"11244",2023-06-02,0,15,"tabula",FALSE,15,56642,59549
"11245",2023-06-03,0,3,"tabula",FALSE,3,56645,59552
"11246",2023-06-04,0,9,"tabula",FALSE,9,56654,59561
"11247",2023-06-05,0,16,"tabula",FALSE,16,56670,59577
"11248",2023-06-06,0,8,"tabula",FALSE,8,56678,59585
"11249",2023-06-07,0,16,"tabula",FALSE,16,56694,59601
"11250",2023-06-08,2,25,"tabula",FALSE,23,56717,59626
"11251",2023-06-09,0,15,"tabula",FALSE,15,56732,59641
"11252",2023-06-10,0,5,"tabula",FALSE,5,56737,59646
"11253",2023-06-11,0,6,"tabula",FALSE,6,56743,59652
"11254",2023-06-12,0,15,"tabula",FALSE,15,56758,59667
"11255",2023-06-13,0,21,"tabula",FALSE,21,56779,59688
"11256",2023-06-14,0,11,"tabula",FALSE,11,56790,59699
"11257",2023-06-15,2,23,"tabula",FALSE,21,56811,59722
"11258",2023-06-16,0,16,"tabula",FALSE,16,56827,59738
"11259",2023-06-17,0,10,"tabula",FALSE,10,56837,59748
"11260",2023-06-18,0,6,"tabula",FALSE,6,56843,59754
"11261",2023-06-19,0,15,"tabula",FALSE,15,56858,59769
"11262",2023-06-20,0,9,"tabula",FALSE,9,56867,59778
"11263",2023-06-21,1,21,"tabula",FALSE,20,56887,59799
"11264",2023-06-22,0,18,"tabula",FALSE,18,56905,59817
"11265",2023-06-23,0,8,"tabula",FALSE,8,56913,59825
"11266",2023-06-24,0,12,"tabula",FALSE,12,56925,59837
"11267",2023-06-25,0,10,"tabula",FALSE,10,56935,59847
"11268",2023-06-26,0,14,"tabula",FALSE,14,56949,59861
"11269",2023-06-27,0,12,"tabula",FALSE,12,56961,59873
"11270",2023-06-28,2,42,"tabula",FALSE,40,57001,59915
"11271",2023-06-29,0,11,"tabula",FALSE,11,57012,59926
"11272",2023-06-30,0,9,"tabula",FALSE,9,57021,59935
"11273",2023-07-01,0,8,"tabula",FALSE,8,57029,59943
"11274",2023-07-02,0,9,"tabula",FALSE,9,57038,59952
"11275",2023-07-03,0,17,"tabula",FALSE,17,57055,59969
"11276",2023-07-04,0,15,"tabula",FALSE,15,57070,59984
"11277",2023-07-05,1,28,"tabula",FALSE,27,57097,60012
"11278",2023-07-06,0,13,"tabula",FALSE,13,57110,60025
"11279",2023-07-07,0,14,"tabula",FALSE,14,57124,60039
"11280",2023-07-08,0,12,"tabula",FALSE,12,57136,60051
"11281",2023-07-09,0,7,"tabula",FALSE,7,57143,60058
"11282",2023-07-10,0,12,"tabula",FALSE,12,57155,60070
"11283",2023-07-11,0,11,"tabula",FALSE,11,57166,60081
"11284",2023-07-12,2,35,"tabula",FALSE,33,57199,60116
"11285",2023-07-13,0,9,"tabula",FALSE,9,57208,60125
"11286",2023-07-14,0,6,"tabula",FALSE,6,57214,60131
"11287",2023-07-15,0,6,"tabula",FALSE,6,57220,60137
"11288",2023-07-16,0,3,"tabula",FALSE,3,57223,60140
"11289",2023-07-17,0,12,"tabula",FALSE,12,57235,60152
"11290",2023-07-18,0,19,"tabula",FALSE,19,57254,60171
"11291",2023-07-19,2,29,"tabula",FALSE,27,57281,60200
"11292",2023-07-20,0,15,"tabula",FALSE,15,57296,60215
"11293",2023-07-21,0,8,"tabula",FALSE,8,57304,60223
"11294",2023-07-22,0,2,"tabula",FALSE,2,57306,60225
"11295",2023-07-23,0,9,"tabula",FALSE,9,57315,60234
"11296",2023-07-24,0,7,"tabula",FALSE,7,57322,60241
"11297",2023-07-25,0,13,"tabula",FALSE,13,57335,60254
"11298",2023-07-26,2,42,"tabula",FALSE,40,57375,60296
"11299",2023-07-27,0,9,"tabula",FALSE,9,57384,60305
"11300",2023-07-28,0,4,"tabula",FALSE,4,57388,60309
"11301",2023-07-29,0,2,"tabula",FALSE,2,57390,60311
"11302",2023-07-30,0,3,"tabula",FALSE,3,57393,60314
"11303",2023-07-31,0,3,"tabula",FALSE,3,57396,60317
"11304",2023-08-01,0,13,"tabula",FALSE,13,57409,60330
"11305",2023-08-02,0,27,"tabula",FALSE,27,57436,60357
"11306",2023-08-03,2,24,"tabula",FALSE,22,57458,60381
"11307",2023-08-04,0,9,"tabula",FALSE,9,57467,60390
"11308",2023-08-05,0,8,"tabula",FALSE,8,57475,60398
"11309",2023-08-06,0,9,"tabula",FALSE,9,57484,60407
"11310",2023-08-07,0,11,"tabula",FALSE,11,57495,60418
"11311",2023-08-08,0,10,"tabula",FALSE,10,57505,60428
"11312",2023-08-09,2,32,"tabula",FALSE,30,57535,60460
"11313",2023-08-10,0,15,"tabula",FALSE,15,57550,60475
"11314",2023-08-11,0,4,"tabula",FALSE,4,57554,60479
"11315",2023-08-12,0,13,"tabula",FALSE,13,57567,60492
"11316",2023-08-13,0,6,"tabula",FALSE,6,57573,60498
"11317",2023-08-14,0,6,"tabula",FALSE,6,57579,60504
"11318",2023-08-15,0,15,"tabula",FALSE,15,57594,60519
"11319",2023-08-16,1,23,"tabula",FALSE,22,57616,60542
"11320",2023-08-17,0,12,"tabula",FALSE,12,57628,60554
"11321",2023-08-18,0,21,"tabula",FALSE,21,57649,60575
"11322",2023-08-19,0,9,"tabula",FALSE,9,57658,60584
"11323",2023-08-20,0,6,"tabula",FALSE,6,57664,60590
"11324",2023-08-21,0,32,"tabula",FALSE,32,57696,60622
"11325",2023-08-22,0,15,"tabula",TRUE,2,57698,60637
"11326",2023-08-23,2,52,"tabula",FALSE,2,57700,60689
"11327",2023-08-24,0,59,"tabula",FALSE,59,57759,60748
"11328",2023-08-25,0,40,"tabula",FALSE,40,57799,60788
"11329",2023-08-26,0,9,"tabula",FALSE,9,57808,60797
"11330",2023-08-27,0,17,"tabula",FALSE,17,57825,60814
"11331",2023-08-28,0,41,"tabula",FALSE,41,57866,60855
"11332",2023-08-29,0,13,"tabula",FALSE,13,57879,60868
"11333",2023-08-30,2,34,"tabula",FALSE,32,57911,60902
"11334",2023-08-31,0,21,"tabula",FALSE,21,57932,60923
"11335",2023-09-01,0,16,"tabula",FALSE,16,57948,60939
"11336",2023-09-02,0,6,"tabula",FALSE,6,57954,60945
"11337",2023-09-03,0,12,"tabula",FALSE,12,57966,60957
"11338",2023-09-04,0,17,"tabula",FALSE,17,57983,60974
"11339",2023-09-05,0,7,"tabula",FALSE,7,57990,60981
"11340",2023-09-06,1,25,"tabula",FALSE,24,58014,61006
"11341",2023-09-07,0,16,"tabula",FALSE,16,58030,61022
"11342",2023-09-08,0,8,"tabula",FALSE,8,58038,61030
"11343",2023-09-09,0,7,"tabula",FALSE,7,58045,61037
"11344",2023-09-10,0,11,"tabula",FALSE,11,58056,61048
"11345",2023-09-11,0,11,"tabula",FALSE,11,58067,61059
"11346",2023-09-12,0,29,"tabula",FALSE,29,58096,61088
"11347",2023-09-13,0,16,"tabula",FALSE,16,58112,61104
"11348",2023-09-14,0,8,"tabula",FALSE,8,58120,61112
"11349",2023-09-15,0,16,"tabula",FALSE,16,58136,61128
"11350",2023-09-16,0,14,"tabula",FALSE,14,58150,61142
"11351",2023-09-17,0,5,"tabula",FALSE,5,58155,61147
"11352",2023-09-18,0,13,"tabula",FALSE,13,58168,61160
"11353",2023-09-19,0,18,"tabula",FALSE,18,58186,61178
"11354",2023-09-20,0,8,"tabula",FALSE,8,58194,61186
"11355",2023-09-21,0,10,"tabula",FALSE,10,58204,61196
"11356",2023-09-22,0,15,"tabula",FALSE,15,58219,61211
"11357",2023-09-23,0,47,"tabula",FALSE,47,58266,61258
"11358",2023-09-24,0,3,"tabula",FALSE,3,58269,61261
"11359",2023-09-25,0,14,"tabula",FALSE,14,58283,61275
"11360",2023-09-26,0,17,"tabula",FALSE,17,58300,61292
"11361",2023-09-27,2,28,"tabula",FALSE,26,58326,61320
"11362",2023-09-28,0,18,"tabula",FALSE,18,58344,61338
"11363",2023-09-29,0,17,"tabula",FALSE,17,58361,61355
"11364",2023-09-30,0,3,"tabula",FALSE,3,58364,61358
"11365",2023-10-01,0,4,"tabula",FALSE,4,58368,61362
"11366",2023-10-02,0,15,"tabula",FALSE,15,58383,61377
"11367",2023-10-03,0,7,"tabula",FALSE,7,58390,61384
"11368",2023-10-04,1,20,"tabula",FALSE,19,58409,61404
"11369",2023-10-05,0,24,"tabula",FALSE,24,58433,61428
"11370",2023-10-06,0,10,"tabula",FALSE,10,58443,61438
"11371",2023-10-07,0,5,"tabula",FALSE,5,58448,61443
"11372",2023-10-08,0,10,"tabula",FALSE,10,58458,61453
"11373",2023-10-09,0,10,"tabula",FALSE,10,58468,61463
"11374",2023-10-10,0,11,"tabula",FALSE,11,58479,61474
"11375",2023-10-11,0,10,"tabula",FALSE,10,58489,61484
"11376",2023-10-12,0,35,"tabula",FALSE,35,58524,61519
"11377",2023-10-13,0,14,"tabula",FALSE,14,58538,61533
"11378",2023-10-14,0,15,"tabula",FALSE,15,58553,61548
"11379",2023-10-15,0,9,"tabula",FALSE,9,58562,61557
"11380",2023-10-16,0,13,"tabula",FALSE,13,58575,61570
"11381",2023-10-17,0,8,"tabula",FALSE,8,58583,61578
"11382",2023-10-18,1,30,"tabula",FALSE,29,58612,61608
"11383",2023-10-19,0,13,"tabula",FALSE,13,58625,61621
"11384",2023-10-20,0,10,"tabula",FALSE,10,58635,61631
"11385",2023-10-21,0,7,"tabula",FALSE,7,58642,61638
"11386",2023-10-22,0,14,"tabula",FALSE,14,58656,61652
"11387",2023-10-23,0,18,"tabula",FALSE,18,58674,61670
"11388",2023-10-24,0,15,"tabula",FALSE,15,58689,61685
"11389",2023-10-25,1,20,"tabula",FALSE,19,58708,61705
"11390",2023-10-26,0,25,"tabula",FALSE,25,58733,61730
"11391",2023-10-27,0,15,"tabula",FALSE,15,58748,61745
"11392",2023-10-28,0,5,"tabula",FALSE,5,58753,61750
"11393",2023-10-29,0,5,"tabula",FALSE,5,58758,61755
"11394",2023-10-30,0,14,"tabula",FALSE,14,58772,61769
"11395",2023-10-31,0,12,"tabula",FALSE,12,58784,61781
"11396",2023-11-01,1,22,"tabula",FALSE,21,58805,61803
"11397",2023-11-02,0,17,"tabula",FALSE,17,58822,61820
"11398",2023-11-03,0,16,"tabula",FALSE,16,58838,61836
"11399",2023-11-04,0,9,"tabula",FALSE,9,58847,61845
"11400",2023-11-05,0,8,"tabula",FALSE,8,58855,61853
"11401",2023-11-06,0,13,"tabula",FALSE,13,58868,61866
"11402",2023-11-07,0,13,"tabula",FALSE,13,58881,61879
"11403",2023-11-08,2,39,"tabula",FALSE,37,58918,61918
"11404",2023-11-09,0,15,"tabula",FALSE,15,58933,61933
"11405",2023-11-10,0,8,"tabula",FALSE,8,58941,61941
"11406",2023-11-11,0,3,"tabula",FALSE,3,58944,61944
"11407",2023-11-12,0,8,"tabula",FALSE,8,58952,61952
"11408",2023-11-13,0,12,"tabula",FALSE,12,58964,61964
"11409",2023-11-14,0,21,"tabula",FALSE,21,58985,61985
"11410",2023-11-15,2,34,"tabula",FALSE,32,59017,62019
"11411",2023-11-16,0,17,"tabula",FALSE,17,59034,62036
"11412",2023-11-17,0,31,"tabula",FALSE,31,59065,62067
"11413",2023-11-18,0,9,"tabula",FALSE,9,59074,62076
"11414",2023-11-19,0,10,"tabula",FALSE,10,59084,62086
"11415",2023-11-20,0,21,"tabula",FALSE,21,59105,62107
"11416",2023-11-21,0,11,"tabula",FALSE,11,59116,62118
"11417",2023-11-22,1,19,"tabula",FALSE,18,59134,62137
"11418",2023-11-23,0,9,"tabula",FALSE,9,59143,62146
"11419",2023-11-24,0,13,"tabula",FALSE,13,59156,62159
"11420",2023-11-25,0,8,"tabula",FALSE,8,59164,62167
"11421",2023-11-26,0,15,"tabula",FALSE,15,59179,62182
"11422",2023-11-27,0,21,"tabula",FALSE,21,59200,62203
"11423",2023-11-28,0,21,"tabula",TRUE,2,59202,62224
"11424",2023-11-29,3,59,"tabula",FALSE,2,59204,62283
"11425",2023-11-30,0,36,"tabula",FALSE,36,59240,62319
"11426",2023-12-01,0,20,"tabula",FALSE,20,59260,62339
"11427",2023-12-02,0,26,"tabula",FALSE,26,59286,62365
"11428",2023-12-03,0,23,"tabula",FALSE,23,59309,62388
"11429",2023-12-04,0,21,"tabula",FALSE,21,59330,62409
"11430",2023-12-05,0,22,"tabula",FALSE,22,59352,62431
"11431",2023-12-06,2,57,"tabula",FALSE,55,59407,62488
"11432",2023-12-07,0,22,"tabula",FALSE,22,59429,62510
"11433",2023-12-08,0,15,"tabula",FALSE,15,59444,62525
"11434",2023-12-09,0,12,"tabula",FALSE,12,59456,62537
"11435",2023-12-10,0,19,"tabula",FALSE,19,59475,62556
"11436",2023-12-11,0,10,"tabula",FALSE,10,59485,62566
"11437",2023-12-12,0,20,"tabula",FALSE,20,59505,62586
"11438",2023-12-13,0,11,"tabula",FALSE,11,59516,62597
"11439",2023-12-14,0,19,"tabula",FALSE,19,59535,62616
"11440",2023-12-15,2,37,"tabula",FALSE,35,59570,62653
"11441",2023-12-16,0,7,"tabula",FALSE,7,59577,62660
"11442",2023-12-17,0,7,"tabula",FALSE,7,59584,62667
"11443",2023-12-18,0,13,"tabula",FALSE,13,59597,62680
"11444",2023-12-19,0,14,"tabula",FALSE,14,59611,62694
"11445",2023-12-20,0,9,"tabula",FALSE,9,59620,62703
"11446",2023-12-21,0,36,"tabula",FALSE,36,59656,62739
"11447",2023-12-22,0,7,"tabula",FALSE,7,59663,62746
"11448",2023-12-23,0,8,"tabula",FALSE,8,59671,62754
"11449",2023-12-24,0,18,"tabula",FALSE,18,59689,62772
"11450",2023-12-25,0,10,"tabula",FALSE,10,59699,62782
"11451",2023-12-26,0,8,"tabula",FALSE,8,59707,62790
"11452",2023-12-27,2,32,"tabula",FALSE,30,59737,62822
"11453",2023-12-28,0,11,"tabula",FALSE,11,59748,62833
"11454",2023-12-29,0,11,"tabula",FALSE,11,59759,62844
"11455",2023-12-30,0,3,"tabula",FALSE,3,59762,62847
"11456",2023-12-31,0,8,"tabula",FALSE,8,59770,62855
"11457",2024-01-01,0,7,"tabula",FALSE,7,59777,62862
"11458",2024-01-02,0,12,"tabula",FALSE,12,59789,62874
"11459",2024-01-03,1,27,"tabula",FALSE,26,59815,62901
"11460",2024-01-04,0,9,"tabula",FALSE,9,59824,62910
"11461",2024-01-05,0,8,"tabula",FALSE,8,59832,62918
"11462",2024-01-06,0,11,"tabula",FALSE,11,59843,62929
"11463",2024-01-07,0,8,"tabula",FALSE,8,59851,62937
"11464",2024-01-08,0,13,"tabula",FALSE,13,59864,62950
"11465",2024-01-09,0,8,"tabula",FALSE,8,59872,62958
"11466",2024-01-10,2,36,"tabula",FALSE,34,59906,62994
"11467",2024-01-11,0,20,"tabula",FALSE,20,59926,63014
"11468",2024-01-12,0,42,"tabula",FALSE,42,59968,63056
"11469",2024-01-13,0,9,"tabula",FALSE,9,59977,63065
"11470",2024-01-14,0,10,"tabula",FALSE,10,59987,63075
"11471",2024-01-15,0,13,"tabula",FALSE,13,60000,63088
"11472",2024-01-16,0,12,"tabula",FALSE,12,60012,63100
"11473",2024-01-17,2,36,"tabula",FALSE,34,60046,63136
"11474",2024-01-18,0,20,"tabula",FALSE,20,60066,63156
"11475",2024-01-19,0,15,"tabula",FALSE,15,60081,63171
"11476",2024-01-20,0,10,"tabula",FALSE,10,60091,63181
"11477",2024-01-21,0,6,"tabula",FALSE,6,60097,63187
"11478",2024-01-22,0,21,"tabula",FALSE,21,60118,63208
"11479",2024-01-23,0,29,"tabula",FALSE,29,60147,63237
"11480",2024-01-24,6,156,"tabula",FALSE,150,60297,63393
"11481",2024-01-25,1,124,"tabula",FALSE,123,60420,63517
"11482",2024-01-26,0,12,"tabula",FALSE,12,60432,63529
"11483",2024-01-27,0,3,"tabula",FALSE,3,60435,63532
"11484",2024-01-28,0,1,"tabula",FALSE,1,60436,63533
"11485",2024-01-29,0,34,"tabula",FALSE,34,60470,63567
"11486",2024-01-30,0,27,"tabula",FALSE,27,60497,63594
"11487",2024-01-31,2,39,"tabula",FALSE,37,60534,63633
"11488",2024-02-01,0,13,"tabula",FALSE,13,60547,63646
"11489",2024-02-02,0,6,"tabula",FALSE,6,60553,63652
"11490",2024-02-03,0,17,"tabula",FALSE,17,60570,63669
"11491",2024-02-04,0,9,"tabula",FALSE,9,60579,63678
"11492",2024-02-05,0,20,"tabula",FALSE,20,60599,63698
"11493",2024-02-06,0,5,"tabula",FALSE,5,60604,63703
"11494",2024-02-07,2,19,"tabula",FALSE,17,60621,63722
"11495",2024-02-08,0,31,"tabula",FALSE,31,60652,63753
"11496",2024-02-09,0,9,"tabula",FALSE,9,60661,63762
"11497",2024-02-10,0,5,"tabula",FALSE,5,60666,63767
"11498",2024-02-11,0,8,"tabula",FALSE,8,60674,63775
"11499",2024-02-12,0,5,"tabula",FALSE,5,60679,63780
"11500",2024-02-13,0,13,"tabula",FALSE,13,60692,63793
"11501",2024-02-14,2,40,"tabula",FALSE,38,60730,63833
"11502",2024-02-15,0,6,"tabula",FALSE,6,60736,63839
"11503",2024-02-16,0,7,"tabula",FALSE,7,60743,63846
"11504",2024-02-17,0,9,"tabula",FALSE,9,60752,63855
"11505",2024-02-18,0,4,"tabula",FALSE,4,60756,63859
"11506",2024-02-19,0,6,"tabula",FALSE,6,60762,63865
"11507",2024-02-20,0,14,"tabula",FALSE,14,60776,63879
"11508",2024-02-21,2,30,"tabula",FALSE,28,60804,63909
"11509",2024-02-22,0,18,"tabula",FALSE,18,60822,63927
"11510",2024-02-23,0,15,"tabula",FALSE,15,60837,63942
"11511",2024-02-24,1,18,"tabula",FALSE,17,60854,63960
"11512",2024-02-25,0,14,"tabula",FALSE,14,60868,63974
"11513",2024-02-26,0,11,"tabula",FALSE,11,60879,63985
"11514",2024-02-27,0,14,"tabula",FALSE,14,60893,63999
"11515",2024-02-28,2,41,"tabula",FALSE,39,60932,64040
"11516",2024-02-29,0,10,"tabula",FALSE,10,60942,64050
"11517",2024-03-01,0,25,"tabula",FALSE,25,60967,64075
"11518",2024-03-02,0,6,"tabula",FALSE,6,60973,64081
"11519",2024-03-03,0,3,"tabula",FALSE,3,60976,64084
"11520",2024-03-04,0,16,"tabula",FALSE,16,60992,64100
"11521",2024-03-05,0,19,"tabula",FALSE,19,61011,64119
"11522",2024-03-06,2,12,"tabula",FALSE,10,61021,64131
"11523",2024-03-07,0,40,"tabula",FALSE,40,61061,64171
"11524",2024-03-08,0,14,"tabula",FALSE,14,61075,64185
"11525",2024-03-09,0,8,"tabula",FALSE,8,61083,64193
"11526",2024-03-10,0,11,"tabula",FALSE,11,61094,64204
"11527",2024-03-11,0,8,"tabula",FALSE,8,61102,64212
"11528",2024-03-12,0,9,"tabula",FALSE,9,61111,64221
"11529",2024-03-13,2,35,"tabula",FALSE,33,61144,64256
"11530",2024-03-14,0,11,"tabula",FALSE,11,61155,64267
"11531",2024-03-15,0,14,"tabula",FALSE,14,61169,64281
"11532",2024-03-16,0,11,"tabula",FALSE,11,61180,64292
"11533",2024-03-17,0,2,"tabula",FALSE,2,61182,64294
"11534",2024-03-18,0,12,"tabula",FALSE,12,61194,64306
"11535",2024-03-19,0,16,"tabula",FALSE,16,61210,64322
"11536",2024-03-20,0,9,"tabula",FALSE,9,61219,64331
"11537",2024-03-21,2,34,"tabula",FALSE,32,61251,64365
"11538",2024-03-22,0,11,"tabula",FALSE,11,61262,64376
"11539",2024-03-23,0,6,"tabula",FALSE,6,61268,64382
"11540",2024-03-24,0,3,"tabula",FALSE,3,61271,64385
"11541",2024-03-25,0,10,"tabula",FALSE,10,61281,64395
"11542",2024-03-26,0,17,"tabula",FALSE,17,61298,64412
"11543",2024-03-27,2,37,"tabula",FALSE,35,61333,64449
"11544",2024-03-28,0,21,"tabula",FALSE,21,61354,64470
"11545",2024-03-29,0,10,"tabula",FALSE,10,61364,64480
"11546",2024-03-30,0,11,"tabula",FALSE,11,61375,64491
"11547",2024-03-31,0,4,"tabula",FALSE,4,61379,64495
"11548",2024-04-01,0,7,"tabula",FALSE,7,61386,64502
"11549",2024-04-02,0,17,"tabula",FALSE,17,61403,64519
"11550",2024-04-03,2,48,"tabula",FALSE,46,61449,64567
"11551",2024-04-04,0,11,"tabula",FALSE,11,61460,64578
"11552",2024-04-05,0,12,"tabula",FALSE,12,61472,64590
"11553",2024-04-06,0,2,"tabula",FALSE,2,61474,64592
"11554",2024-04-07,0,3,"tabula",FALSE,3,61477,64595
"11555",2024-04-08,0,8,"tabula",FALSE,8,61485,64603
"11556",2024-04-09,0,9,"tabula",FALSE,9,61494,64612
"11557",2024-04-10,2,39,"tabula",FALSE,37,61531,64651
"11558",2024-04-11,0,12,"tabula",FALSE,12,61543,64663
"11559",2024-04-12,0,5,"tabula",FALSE,5,61548,64668
"11560",2024-04-13,0,3,"tabula",FALSE,3,61551,64671
"11561",2024-04-14,0,5,"tabula",FALSE,5,61556,64676
"11562",2024-04-15,0,4,"tabula",FALSE,4,61560,64680
"11563",2024-04-16,0,7,"tabula",FALSE,7,61567,64687
"11564",2024-04-17,2,42,"tabula",FALSE,40,61607,64729
"11565",2024-04-18,0,9,"tabula",FALSE,9,61616,64738
"11566",2024-04-19,0,6,"tabula",FALSE,6,61622,64744
"11567",2024-04-20,0,7,"tabula",FALSE,7,61629,64751
"11568",2024-04-21,0,3,"tabula",FALSE,3,61632,64754
"11569",2024-04-22,0,11,"tabula",FALSE,11,61643,64765
"11570",2024-04-23,0,12,"tabula",FALSE,12,61655,64777
"11571",2024-04-24,0,22,"tabula",FALSE,22,61677,64799
"11572",2024-04-25,0,30,"tabula",FALSE,30,61707,64829
"11573",2024-04-26,0,16,"tabula",FALSE,16,61723,64845
"11574",2024-04-27,0,10,"tabula",FALSE,10,61733,64855
"11575",2024-04-28,0,4,"tabula",FALSE,4,61737,64859
"11576",2024-04-29,0,17,"tabula",FALSE,17,61754,64876
"11577",2024-04-30,0,17,"tabula",FALSE,17,61771,64893
"11578",2024-05-01,2,34,"tabula",FALSE,32,61803,64927
"11579",2024-05-02,0,19,"tabula",FALSE,19,61822,64946
"11580",2024-05-03,0,9,"tabula",FALSE,9,61831,64955
"11581",2024-05-04,0,11,"tabula",FALSE,11,61842,64966
"11582",2024-05-05,0,10,"tabula",FALSE,10,61852,64976
"11583",2024-05-06,0,17,"tabula",FALSE,17,61869,64993
"11584",2024-05-07,0,8,"tabula",FALSE,8,61877,65001
"11585",2024-05-08,2,42,"tabula",FALSE,40,61917,65043
"11586",2024-05-09,0,16,"tabula",FALSE,16,61933,65059
"11587",2024-05-10,0,13,"tabula",FALSE,13,61946,65072
"11588",2024-05-11,0,8,"tabula",FALSE,8,61954,65080
"11589",2024-05-12,0,11,"tabula",FALSE,11,61965,65091
"11590",2024-05-13,0,7,"tabula",FALSE,7,61972,65098
"11591",2024-05-14,0,12,"tabula",FALSE,12,61984,65110
"11592",2024-05-15,2,33,"tabula",FALSE,31,62015,65143
"11593",2024-05-16,0,19,"tabula",TRUE,2,62017,65162
"11594",2024-05-17,0,19,"tabula",FALSE,2,62019,65181
"11595",2024-05-18,0,13,"tabula",FALSE,13,62032,65194
"11596",2024-05-19,0,72,"tabula",FALSE,72,62104,65266
"11597",2024-05-20,0,14,"tabula",FALSE,14,62118,65280
"11598",2024-05-21,0,16,"tabula",FALSE,16,62134,65296
"11599",2024-05-22,2,87,"tabula",FALSE,85,62219,65383
"11600",2024-05-23,0,20,"tabula",FALSE,20,62239,65403
"11601",2024-05-24,0,15,"tabula",FALSE,15,62254,65418
"11602",2024-05-25,0,49,"tabula",FALSE,49,62303,65467
"11603",2024-05-26,0,45,"tabula",FALSE,45,62348,65512
"11604",2024-05-27,0,7,"tabula",FALSE,7,62355,65519
"11605",2024-05-28,0,12,"tabula",FALSE,12,62367,65531
"11606",2024-05-29,2,66,"tabula",FALSE,64,62431,65597
"11607",2024-05-30,0,29,"tabula",FALSE,29,62460,65626
"11608",2024-05-31,0,19,"tabula",FALSE,19,62479,65645
"11609",2024-06-01,0,46,"tabula",FALSE,46,62525,65691
"11610",2024-06-02,0,5,"tabula",FALSE,5,62530,65696
"11611",2024-06-03,0,6,"tabula",FALSE,6,62536,65702
"11612",2024-06-04,0,58,"tabula",FALSE,58,62594,65760
"11613",2024-06-05,2,37,"tabula",FALSE,35,62629,65797
"11614",2024-06-06,0,8,"tabula",FALSE,8,62637,65805
"11615",2024-06-07,0,48,"tabula",FALSE,48,62685,65853
"11616",2024-06-08,0,7,"tabula",FALSE,7,62692,65860
"11617",2024-06-09,0,9,"tabula",FALSE,9,62701,65869
"11618",2024-06-10,0,45,"tabula",FALSE,45,62746,65914
"11619",2024-06-11,0,18,"tabula",FALSE,18,62764,65932
"11620",2024-06-12,2,33,"tabula",FALSE,31,62795,65965
"11621",2024-06-13,0,45,"tabula",FALSE,45,62840,66010
"11622",2024-06-14,0,4,"tabula",FALSE,4,62844,66014
"11623",2024-06-15,0,1,"tabula",FALSE,1,62845,66015
"11624",2024-06-16,0,46,"tabula",FALSE,46,62891,66061
"11625",2024-06-17,0,6,"tabula",FALSE,6,62897,66067
"11626",2024-06-18,0,8,"tabula",FALSE,8,62905,66075
"11627",2024-06-19,2,73,"tabula",FALSE,71,62976,66148
"11628",2024-06-20,0,8,"tabula",FALSE,8,62984,66156
"11629",2024-06-21,0,13,"tabula",FALSE,13,62997,66169
"11630",2024-06-22,0,52,"tabula",FALSE,52,63049,66221
"11631",2024-06-23,0,6,"tabula",FALSE,6,63055,66227
"11632",2024-06-24,0,15,"tabula",FALSE,15,63070,66242
"11633",2024-06-25,0,48,"tabula",FALSE,48,63118,66290
"11634",2024-06-26,0,11,"tabula",FALSE,11,63129,66301
"11635",2024-06-27,0,33,"tabula",FALSE,33,63162,66334
"11636",2024-06-28,0,43,"tabula",FALSE,43,63205,66377
"11637",2024-06-29,0,4,"tabula",FALSE,4,63209,66381
"11638",2024-06-30,0,7,"tabula",FALSE,7,63216,66388
"11639",2024-07-01,0,55,"tabula",FALSE,55,63271,66443
"11640",2024-07-02,0,7,"tabula",FALSE,7,63278,66450
"11641",2024-07-03,2,38,"tabula",FALSE,36,63314,66488
"11642",2024-07-04,0,54,"tabula",FALSE,54,63368,66542
"11643",2024-07-05,0,9,"tabula",FALSE,9,63377,66551
"11644",2024-07-06,0,8,"tabula",FALSE,8,63385,66559
"11645",2024-07-07,0,1,"tabula",FALSE,1,63386,66560
"11646",2024-07-08,0,46,"tabula",FALSE,46,63432,66606
"11647",2024-07-09,0,9,"tabula",FALSE,9,63441,66615
"11648",2024-07-10,0,16,"tabula",FALSE,16,63457,66631
"11649",2024-07-11,0,27,"tabula",FALSE,27,63484,66658
"11650",2024-07-12,0,7,"tabula",FALSE,7,63491,66665
"11651",2024-07-13,0,4,"tabula",FALSE,4,63495,66669
"11652",2024-07-14,0,4,"tabula",FALSE,4,63499,66673
"11653",2024-07-15,0,7,"tabula",FALSE,7,63506,66680
"11654",2024-07-16,0,14,"tabula",FALSE,14,63520,66694
"11655",2024-07-17,2,40,"tabula",FALSE,38,63558,66734
"11656",2024-07-18,0,11,"tabula",FALSE,11,63569,66745
"11657",2024-07-19,0,2,"tabula",FALSE,2,63571,66747
"11658",2024-07-20,0,4,"tabula",FALSE,4,63575,66751
"11659",2024-07-21,0,4,"tabula",FALSE,4,63579,66755
"11660",2024-07-22,0,13,"tabula",FALSE,13,63592,66768
"11661",2024-07-23,0,70,"tabula",FALSE,70,63662,66838
"11662",2024-07-24,2,32,"tabula",FALSE,30,63692,66870
"11663",2024-07-25,0,26,"tabula",FALSE,26,63718,66896
"11664",2024-07-26,0,55,"tabula",FALSE,55,63773,66951
"11665",2024-07-27,0,2,"tabula",FALSE,2,63775,66953
"11666",2024-07-28,0,2,"tabula",FALSE,2,63777,66955
"11667",2024-07-29,0,46,"tabula",FALSE,46,63823,67001
"11668",2024-07-30,0,22,"tabula",FALSE,22,63845,67023
"11669",2024-07-31,0,15,"tabula",FALSE,15,63860,67038
"11670",2024-08-01,0,75,"tabula",FALSE,75,63935,67113
"11671",2024-08-02,0,1,"tabula",FALSE,1,63936,67114
"11672",2024-08-03,0,7,"tabula",FALSE,7,63943,67121
"11673",2024-08-04,0,40,"tabula",FALSE,40,63983,67161
"11674",2024-08-05,0,10,"tabula",FALSE,10,63993,67171
"11675",2024-08-06,0,14,"tabula",FALSE,14,64007,67185
"11676",2024-08-07,0,51,"tabula",FALSE,51,64058,67236
"11677",2024-08-08,2,30,"tabula",FALSE,28,64086,67266
"11678",2024-08-09,0,3,"tabula",FALSE,3,64089,67269
"11679",2024-08-10,0,41,"tabula",FALSE,41,64130,67310
"11680",2024-08-11,0,44,"tabula",FALSE,44,64174,67354
"11681",2024-08-12,0,48,"tabula",FALSE,48,64222,67402
"11682",2024-08-13,0,49,"tabula",FALSE,49,64271,67451
"11683",2024-08-14,0,46,"tabula",FALSE,46,64317,67497
"11684",2024-08-15,2,71,"tabula",FALSE,69,64386,67568
"11685",2024-08-16,0,62,"tabula",FALSE,62,64448,67630
"11686",2024-08-17,0,50,"tabula",FALSE,50,64498,67680
"11687",2024-08-18,0,41,"tabula",FALSE,41,64539,67721
"11688",2024-08-19,0,46,"tabula",FALSE,46,64585,67767
"11689",2024-08-20,0,60,"tabula",FALSE,60,64645,67827
"11690",2024-08-21,0,56,"tabula",FALSE,56,64701,67883
"11691",2024-08-22,0,79,"tabula",FALSE,79,64780,67962
"11692",2024-08-23,0,52,"tabula",FALSE,52,64832,68014
"11693",2024-08-24,0,49,"tabula",FALSE,49,64881,68063
"11694",2024-08-25,0,6,"tabula",FALSE,6,64887,68069
"11695",2024-08-26,0,11,"tabula",FALSE,11,64898,68080
"11696",2024-08-27,0,51,"tabula",FALSE,51,64949,68131
"11697",2024-08-28,2,33,"tabula",FALSE,31,64980,68164
"11698",2024-08-29,0,14,"tabula",FALSE,14,64994,68178
"11699",2024-08-30,0,42,"tabula",FALSE,42,65036,68220
"11700",2024-08-31,0,10,"tabula",FALSE,10,65046,68230
"11701",2024-09-01,0,4,"tabula",FALSE,4,65050,68234
"11702",2024-09-02,0,48,"tabula",FALSE,48,65098,68282
"11703",2024-09-03,0,13,"tabula",FALSE,13,65111,68295
"11704",2024-09-04,2,37,"tabula",FALSE,35,65146,68332
"11705",2024-09-05,0,47,"tabula",TRUE,2,65148,68379
"11706",2024-09-06,0,29,"tabula",FALSE,2,65150,68408
"11707",2024-09-07,0,7,"tabula",FALSE,7,65157,68415
"11708",2024-09-08,0,50,"tabula",FALSE,50,65207,68465
"11709",2024-09-09,0,18,"tabula",FALSE,18,65225,68483
"11710",2024-09-10,0,18,"tabula",FALSE,18,65243,68501
"11711",2024-09-11,3,75,"tabula",FALSE,72,65315,68576
"11712",2024-09-12,0,17,"tabula",FALSE,17,65332,68593
"11713",2024-09-13,0,10,"tabula",FALSE,10,65342,68603
"11714",2024-09-14,0,17,"tabula",FALSE,17,65359,68620
"11715",2024-09-15,0,1,"tabula",FALSE,1,65360,68621
"11716",2024-09-16,0,7,"tabula",FALSE,7,65367,68628
"11717",2024-09-17,0,9,"tabula",FALSE,9,65376,68637
"11718",2024-09-18,2,38,"tabula",FALSE,36,65412,68675
"11719",2024-09-19,0,7,"tabula",FALSE,7,65419,68682
"11720",2024-09-20,0,9,"tabula",FALSE,9,65428,68691
"11721",2024-09-21,0,13,"tabula",FALSE,13,65441,68704
"11722",2024-09-22,0,3,"tabula",FALSE,3,65444,68707
"11723",2024-09-23,0,13,"tabula",FALSE,13,65457,68720
"11724",2024-09-24,0,19,"tabula",FALSE,19,65476,68739
"11725",2024-09-25,0,16,"tabula",FALSE,16,65492,68755
"11726",2024-09-26,1,38,"tabula",FALSE,37,65529,68793
"11727",2024-09-27,0,9,"tabula",FALSE,9,65538,68802
"11728",2024-09-28,0,0,"tabula",FALSE,0,65538,68802
"11729",2024-09-29,0,0,"tabula",FALSE,0,65538,68802
"11730",2022-04-27,5,0,"tesselle",FALSE,0,0,0
"11731",2022-04-28,0,7,"tesselle",TRUE,2,2,7
"11732",2022-04-29,0,8,"tesselle",FALSE,2,4,15
"11733",2022-04-30,0,9,"tesselle",FALSE,9,13,24
"11734",2022-05-01,0,5,"tesselle",FALSE,5,18,29
"11735",2022-05-02,0,33,"tesselle",FALSE,33,51,62
"11736",2022-05-03,0,4,"tesselle",FALSE,4,55,66
"11737",2022-05-04,6,18,"tesselle",FALSE,12,67,84
"11738",2022-05-05,0,4,"tesselle",FALSE,4,71,88
"11739",2022-05-06,0,19,"tesselle",FALSE,19,90,107
"11740",2022-05-07,0,3,"tesselle",FALSE,3,93,110
"11741",2022-05-08,0,10,"tesselle",FALSE,10,103,120
"11742",2022-05-09,0,5,"tesselle",FALSE,5,108,125
"11743",2022-05-10,0,9,"tesselle",FALSE,9,117,134
"11744",2022-05-11,2,5,"tesselle",FALSE,3,120,139
"11745",2022-05-12,0,16,"tesselle",FALSE,16,136,155
"11746",2022-05-13,0,4,"tesselle",FALSE,4,140,159
"11747",2022-05-14,0,4,"tesselle",FALSE,4,144,163
"11748",2022-05-15,0,6,"tesselle",FALSE,6,150,169
"11749",2022-05-16,0,7,"tesselle",FALSE,7,157,176
"11750",2022-05-17,0,8,"tesselle",FALSE,8,165,184
"11751",2022-05-18,3,9,"tesselle",FALSE,6,171,193
"11752",2022-05-19,0,11,"tesselle",FALSE,11,182,204
"11753",2022-05-20,0,5,"tesselle",FALSE,5,187,209
"11754",2022-05-21,0,0,"tesselle",FALSE,0,187,209
"11755",2022-05-22,0,7,"tesselle",FALSE,7,194,216
"11756",2022-05-23,0,5,"tesselle",FALSE,5,199,221
"11757",2022-05-24,0,4,"tesselle",FALSE,4,203,225
"11758",2022-05-25,6,8,"tesselle",FALSE,2,205,233
"11759",2022-05-26,0,8,"tesselle",FALSE,8,213,241
"11760",2022-05-27,0,5,"tesselle",FALSE,5,218,246
"11761",2022-05-28,0,5,"tesselle",FALSE,5,223,251
"11762",2022-05-29,0,5,"tesselle",FALSE,5,228,256
"11763",2022-05-30,0,4,"tesselle",FALSE,4,232,260
"11764",2022-05-31,0,9,"tesselle",FALSE,9,241,269
"11765",2022-06-01,2,4,"tesselle",FALSE,2,243,273
"11766",2022-06-02,0,7,"tesselle",FALSE,7,250,280
"11767",2022-06-03,0,2,"tesselle",FALSE,2,252,282
"11768",2022-06-04,0,6,"tesselle",FALSE,6,258,288
"11769",2022-06-05,0,2,"tesselle",FALSE,2,260,290
"11770",2022-06-06,0,5,"tesselle",FALSE,5,265,295
"11771",2022-06-07,0,1,"tesselle",FALSE,1,266,296
"11772",2022-06-08,5,6,"tesselle",FALSE,1,267,302
"11773",2022-06-09,0,3,"tesselle",FALSE,3,270,305
"11774",2022-06-10,0,0,"tesselle",FALSE,0,270,305
"11775",2022-06-11,0,6,"tesselle",FALSE,6,276,311
"11776",2022-06-12,0,3,"tesselle",FALSE,3,279,314
"11777",2022-06-13,0,6,"tesselle",FALSE,6,285,320
"11778",2022-06-14,4,6,"tesselle",FALSE,2,287,326
"11779",2022-06-15,4,4,"tesselle",FALSE,0,287,330
"11780",2022-06-16,0,5,"tesselle",FALSE,5,292,335
"11781",2022-06-17,0,5,"tesselle",FALSE,5,297,340
"11782",2022-06-18,0,4,"tesselle",FALSE,4,301,344
"11783",2022-06-19,0,2,"tesselle",FALSE,2,303,346
"11784",2022-06-20,0,8,"tesselle",FALSE,8,311,354
"11785",2022-06-21,0,4,"tesselle",FALSE,4,315,358
"11786",2022-06-22,1,7,"tesselle",FALSE,6,321,365
"11787",2022-06-23,0,4,"tesselle",FALSE,4,325,369
"11788",2022-06-24,0,9,"tesselle",FALSE,9,334,378
"11789",2022-06-25,0,2,"tesselle",FALSE,2,336,380
"11790",2022-06-26,0,5,"tesselle",FALSE,5,341,385
"11791",2022-06-27,0,8,"tesselle",FALSE,8,349,393
"11792",2022-06-28,0,3,"tesselle",FALSE,3,352,396
"11793",2022-06-29,2,6,"tesselle",FALSE,4,356,402
"11794",2022-06-30,0,8,"tesselle",FALSE,8,364,410
"11795",2022-07-01,0,6,"tesselle",FALSE,6,370,416
"11796",2022-07-02,0,1,"tesselle",FALSE,1,371,417
"11797",2022-07-03,0,9,"tesselle",FALSE,9,380,426
"11798",2022-07-04,0,5,"tesselle",FALSE,5,385,431
"11799",2022-07-05,0,1,"tesselle",FALSE,1,386,432
"11800",2022-07-06,6,9,"tesselle",FALSE,3,389,441
"11801",2022-07-07,0,5,"tesselle",FALSE,5,394,446
"11802",2022-07-08,0,2,"tesselle",FALSE,2,396,448
"11803",2022-07-09,0,8,"tesselle",FALSE,8,404,456
"11804",2022-07-10,0,3,"tesselle",FALSE,3,407,459
"11805",2022-07-11,0,1,"tesselle",FALSE,1,408,460
"11806",2022-07-12,0,12,"tesselle",FALSE,12,420,472
"11807",2022-07-13,2,4,"tesselle",FALSE,2,422,476
"11808",2022-07-14,0,6,"tesselle",FALSE,6,428,482
"11809",2022-07-15,0,6,"tesselle",FALSE,6,434,488
"11810",2022-07-16,0,11,"tesselle",FALSE,11,445,499
"11811",2022-07-17,0,2,"tesselle",FALSE,2,447,501
"11812",2022-07-18,0,6,"tesselle",FALSE,6,453,507
"11813",2022-07-19,0,2,"tesselle",FALSE,2,455,509
"11814",2022-07-20,2,3,"tesselle",FALSE,1,456,512
"11815",2022-07-21,0,5,"tesselle",FALSE,5,461,517
"11816",2022-07-22,0,5,"tesselle",FALSE,5,466,522
"11817",2022-07-23,0,2,"tesselle",FALSE,2,468,524
"11818",2022-07-24,0,8,"tesselle",FALSE,8,476,532
"11819",2022-07-25,0,4,"tesselle",FALSE,4,480,536
"11820",2022-07-26,0,4,"tesselle",FALSE,4,484,540
"11821",2022-07-27,5,12,"tesselle",FALSE,7,491,552
"11822",2022-07-28,0,7,"tesselle",FALSE,7,498,559
"11823",2022-07-29,0,7,"tesselle",FALSE,7,505,566
"11824",2022-07-30,0,10,"tesselle",FALSE,10,515,576
"11825",2022-07-31,0,3,"tesselle",FALSE,3,518,579
"11826",2022-08-01,0,3,"tesselle",FALSE,3,521,582
"11827",2022-08-02,0,6,"tesselle",FALSE,6,527,588
"11828",2022-08-03,5,7,"tesselle",FALSE,2,529,595
"11829",2022-08-04,0,3,"tesselle",FALSE,3,532,598
"11830",2022-08-05,0,4,"tesselle",FALSE,4,536,602
"11831",2022-08-06,0,5,"tesselle",FALSE,5,541,607
"11832",2022-08-07,0,1,"tesselle",FALSE,1,542,608
"11833",2022-08-08,0,0,"tesselle",FALSE,0,542,608
"11834",2022-08-09,0,4,"tesselle",FALSE,4,546,612
"11835",2022-08-10,0,3,"tesselle",FALSE,3,549,615
"11836",2022-08-11,1,2,"tesselle",FALSE,1,550,617
"11837",2022-08-12,0,6,"tesselle",FALSE,6,556,623
"11838",2022-08-13,0,4,"tesselle",FALSE,4,560,627
"11839",2022-08-14,0,1,"tesselle",FALSE,1,561,628
"11840",2022-08-15,0,6,"tesselle",FALSE,6,567,634
"11841",2022-08-16,0,3,"tesselle",FALSE,3,570,637
"11842",2022-08-17,4,2,"tesselle",FALSE,0,570,639
"11843",2022-08-18,0,5,"tesselle",FALSE,5,575,644
"11844",2022-08-19,0,3,"tesselle",FALSE,3,578,647
"11845",2022-08-20,0,0,"tesselle",FALSE,0,578,647
"11846",2022-08-21,0,11,"tesselle",TRUE,2,580,658
"11847",2022-08-22,0,6,"tesselle",FALSE,2,582,664
"11848",2022-08-23,0,10,"tesselle",FALSE,10,592,674
"11849",2022-08-24,7,43,"tesselle",FALSE,36,628,717
"11850",2022-08-25,0,14,"tesselle",FALSE,14,642,731
"11851",2022-08-26,0,4,"tesselle",FALSE,4,646,735
"11852",2022-08-27,0,17,"tesselle",FALSE,17,663,752
"11853",2022-08-28,0,7,"tesselle",FALSE,7,670,759
"11854",2022-08-29,0,6,"tesselle",FALSE,6,676,765
"11855",2022-08-30,0,11,"tesselle",FALSE,11,687,776
"11856",2022-08-31,2,6,"tesselle",FALSE,4,691,782
"11857",2022-09-01,0,3,"tesselle",FALSE,3,694,785
"11858",2022-09-02,0,8,"tesselle",FALSE,8,702,793
"11859",2022-09-03,0,1,"tesselle",FALSE,1,703,794
"11860",2022-09-04,0,4,"tesselle",FALSE,4,707,798
"11861",2022-09-05,0,6,"tesselle",FALSE,6,713,804
"11862",2022-09-06,0,8,"tesselle",FALSE,8,721,812
"11863",2022-09-07,0,4,"tesselle",FALSE,4,725,816
"11864",2022-09-08,4,10,"tesselle",FALSE,6,731,826
"11865",2022-09-09,0,4,"tesselle",FALSE,4,735,830
"11866",2022-09-10,0,6,"tesselle",FALSE,6,741,836
"11867",2022-09-11,0,11,"tesselle",FALSE,11,752,847
"11868",2022-09-12,0,6,"tesselle",FALSE,6,758,853
"11869",2022-09-13,0,6,"tesselle",FALSE,6,764,859
"11870",2022-09-14,5,14,"tesselle",FALSE,9,773,873
"11871",2022-09-15,0,4,"tesselle",FALSE,4,777,877
"11872",2022-09-16,0,6,"tesselle",FALSE,6,783,883
"11873",2022-09-17,0,4,"tesselle",FALSE,4,787,887
"11874",2022-09-18,0,2,"tesselle",FALSE,2,789,889
"11875",2022-09-19,0,2,"tesselle",FALSE,2,791,891
"11876",2022-09-20,0,8,"tesselle",FALSE,8,799,899
"11877",2022-09-21,0,7,"tesselle",FALSE,7,806,906
"11878",2022-09-22,0,6,"tesselle",FALSE,6,812,912
"11879",2022-09-23,0,8,"tesselle",FALSE,8,820,920
"11880",2022-09-24,0,2,"tesselle",FALSE,2,822,922
"11881",2022-09-25,0,4,"tesselle",FALSE,4,826,926
"11882",2022-09-26,0,10,"tesselle",FALSE,10,836,936
"11883",2022-09-27,0,5,"tesselle",FALSE,5,841,941
"11884",2022-09-28,0,7,"tesselle",FALSE,7,848,948
"11885",2022-09-29,0,4,"tesselle",FALSE,4,852,952
"11886",2022-09-30,0,4,"tesselle",FALSE,4,856,956
"11887",2022-10-01,0,3,"tesselle",FALSE,3,859,959
"11888",2022-10-02,0,5,"tesselle",FALSE,5,864,964
"11889",2022-10-03,0,9,"tesselle",FALSE,9,873,973
"11890",2022-10-04,0,5,"tesselle",FALSE,5,878,978
"11891",2022-10-05,0,11,"tesselle",FALSE,11,889,989
"11892",2022-10-06,0,7,"tesselle",FALSE,7,896,996
"11893",2022-10-07,0,14,"tesselle",FALSE,14,910,1010
"11894",2022-10-08,0,8,"tesselle",FALSE,8,918,1018
"11895",2022-10-09,0,6,"tesselle",FALSE,6,924,1024
"11896",2022-10-10,0,5,"tesselle",FALSE,5,929,1029
"11897",2022-10-11,0,6,"tesselle",FALSE,6,935,1035
"11898",2022-10-12,0,11,"tesselle",FALSE,11,946,1046
"11899",2022-10-13,0,4,"tesselle",FALSE,4,950,1050
"11900",2022-10-14,0,4,"tesselle",FALSE,4,954,1054
"11901",2022-10-15,0,7,"tesselle",FALSE,7,961,1061
"11902",2022-10-16,0,2,"tesselle",FALSE,2,963,1063
"11903",2022-10-17,0,36,"tesselle",FALSE,36,999,1099
"11904",2022-10-18,0,7,"tesselle",FALSE,7,1006,1106
"11905",2022-10-19,0,4,"tesselle",FALSE,4,1010,1110
"11906",2022-10-20,0,9,"tesselle",FALSE,9,1019,1119
"11907",2022-10-21,0,11,"tesselle",FALSE,11,1030,1130
"11908",2022-10-22,0,3,"tesselle",FALSE,3,1033,1133
"11909",2022-10-23,0,8,"tesselle",FALSE,8,1041,1141
"11910",2022-10-24,0,6,"tesselle",FALSE,6,1047,1147
"11911",2022-10-25,0,4,"tesselle",FALSE,4,1051,1151
"11912",2022-10-26,0,9,"tesselle",FALSE,9,1060,1160
"11913",2022-10-27,0,4,"tesselle",FALSE,4,1064,1164
"11914",2022-10-28,0,11,"tesselle",FALSE,11,1075,1175
"11915",2022-10-29,0,2,"tesselle",FALSE,2,1077,1177
"11916",2022-10-30,0,2,"tesselle",FALSE,2,1079,1179
"11917",2022-10-31,0,2,"tesselle",FALSE,2,1081,1181
"11918",2022-11-01,0,6,"tesselle",FALSE,6,1087,1187
"11919",2022-11-02,0,7,"tesselle",FALSE,7,1094,1194
"11920",2022-11-03,0,5,"tesselle",FALSE,5,1099,1199
"11921",2022-11-04,0,4,"tesselle",FALSE,4,1103,1203
"11922",2022-11-05,0,5,"tesselle",FALSE,5,1108,1208
"11923",2022-11-06,0,2,"tesselle",FALSE,2,1110,1210
"11924",2022-11-07,0,7,"tesselle",FALSE,7,1117,1217
"11925",2022-11-08,0,12,"tesselle",FALSE,12,1129,1229
"11926",2022-11-09,0,8,"tesselle",FALSE,8,1137,1237
"11927",2022-11-10,0,6,"tesselle",FALSE,6,1143,1243
"11928",2022-11-11,0,4,"tesselle",FALSE,4,1147,1247
"11929",2022-11-12,0,20,"tesselle",TRUE,2,1149,1267
"11930",2022-11-13,0,7,"tesselle",FALSE,2,1151,1274
"11931",2022-11-14,0,25,"tesselle",FALSE,25,1176,1299
"11932",2022-11-15,0,6,"tesselle",FALSE,6,1182,1305
"11933",2022-11-16,0,6,"tesselle",FALSE,6,1188,1311
"11934",2022-11-17,0,26,"tesselle",FALSE,26,1214,1337
"11935",2022-11-18,6,15,"tesselle",FALSE,9,1223,1352
"11936",2022-11-19,0,4,"tesselle",FALSE,4,1227,1356
"11937",2022-11-20,0,14,"tesselle",FALSE,14,1241,1370
"11938",2022-11-21,0,16,"tesselle",FALSE,16,1257,1386
"11939",2022-11-22,0,12,"tesselle",FALSE,12,1269,1398
"11940",2022-11-23,0,6,"tesselle",FALSE,6,1275,1404
"11941",2022-11-24,0,7,"tesselle",FALSE,7,1282,1411
"11942",2022-11-25,0,10,"tesselle",FALSE,10,1292,1421
"11943",2022-11-26,0,11,"tesselle",FALSE,11,1303,1432
"11944",2022-11-27,0,5,"tesselle",FALSE,5,1308,1437
"11945",2022-11-28,1,5,"tesselle",FALSE,4,1312,1442
"11946",2022-11-29,0,2,"tesselle",FALSE,2,1314,1444
"11947",2022-11-30,0,4,"tesselle",FALSE,4,1318,1448
"11948",2022-12-01,0,8,"tesselle",FALSE,8,1326,1456
"11949",2022-12-02,0,6,"tesselle",FALSE,6,1332,1462
"11950",2022-12-03,0,3,"tesselle",FALSE,3,1335,1465
"11951",2022-12-04,0,9,"tesselle",FALSE,9,1344,1474
"11952",2022-12-05,0,8,"tesselle",FALSE,8,1352,1482
"11953",2022-12-06,0,2,"tesselle",FALSE,2,1354,1484
"11954",2022-12-07,0,6,"tesselle",FALSE,6,1360,1490
"11955",2022-12-08,0,3,"tesselle",FALSE,3,1363,1493
"11956",2022-12-09,0,4,"tesselle",FALSE,4,1367,1497
"11957",2022-12-10,0,1,"tesselle",FALSE,1,1368,1498
"11958",2022-12-11,0,4,"tesselle",FALSE,4,1372,1502
"11959",2022-12-12,0,3,"tesselle",FALSE,3,1375,1505
"11960",2022-12-13,0,6,"tesselle",FALSE,6,1381,1511
"11961",2022-12-14,0,2,"tesselle",FALSE,2,1383,1513
"11962",2022-12-15,0,5,"tesselle",FALSE,5,1388,1518
"11963",2022-12-16,4,13,"tesselle",FALSE,9,1397,1531
"11964",2022-12-17,0,2,"tesselle",FALSE,2,1399,1533
"11965",2022-12-18,0,3,"tesselle",FALSE,3,1402,1536
"11966",2022-12-19,0,2,"tesselle",FALSE,2,1404,1538
"11967",2022-12-20,0,4,"tesselle",FALSE,4,1408,1542
"11968",2022-12-21,0,7,"tesselle",FALSE,7,1415,1549
"11969",2022-12-22,0,5,"tesselle",FALSE,5,1420,1554
"11970",2022-12-23,0,14,"tesselle",FALSE,14,1434,1568
"11971",2022-12-24,0,14,"tesselle",FALSE,14,1448,1582
"11972",2022-12-25,0,2,"tesselle",FALSE,2,1450,1584
"11973",2022-12-26,0,2,"tesselle",FALSE,2,1452,1586
"11974",2022-12-27,0,3,"tesselle",FALSE,3,1455,1589
"11975",2022-12-28,0,6,"tesselle",FALSE,6,1461,1595
"11976",2022-12-29,0,3,"tesselle",FALSE,3,1464,1598
"11977",2022-12-30,0,3,"tesselle",FALSE,3,1467,1601
"11978",2022-12-31,0,3,"tesselle",FALSE,3,1470,1604
"11979",2023-01-01,0,1,"tesselle",FALSE,1,1471,1605
"11980",2023-01-02,0,4,"tesselle",FALSE,4,1475,1609
"11981",2023-01-03,0,2,"tesselle",FALSE,2,1477,1611
"11982",2023-01-04,0,5,"tesselle",FALSE,5,1482,1616
"11983",2023-01-05,0,4,"tesselle",FALSE,4,1486,1620
"11984",2023-01-06,0,7,"tesselle",FALSE,7,1493,1627
"11985",2023-01-07,0,4,"tesselle",FALSE,4,1497,1631
"11986",2023-01-08,0,1,"tesselle",FALSE,1,1498,1632
"11987",2023-01-09,0,11,"tesselle",FALSE,11,1509,1643
"11988",2023-01-10,0,3,"tesselle",FALSE,3,1512,1646
"11989",2023-01-11,0,5,"tesselle",FALSE,5,1517,1651
"11990",2023-01-12,0,3,"tesselle",FALSE,3,1520,1654
"11991",2023-01-13,0,7,"tesselle",FALSE,7,1527,1661
"11992",2023-01-14,0,2,"tesselle",FALSE,2,1529,1663
"11993",2023-01-15,0,3,"tesselle",FALSE,3,1532,1666
"11994",2023-01-16,0,3,"tesselle",FALSE,3,1535,1669
"11995",2023-01-17,4,13,"tesselle",FALSE,9,1544,1682
"11996",2023-01-18,2,9,"tesselle",FALSE,7,1551,1691
"11997",2023-01-19,0,8,"tesselle",FALSE,8,1559,1699
"11998",2023-01-20,0,2,"tesselle",FALSE,2,1561,1701
"11999",2023-01-21,0,5,"tesselle",FALSE,5,1566,1706
"12000",2023-01-22,0,6,"tesselle",FALSE,6,1572,1712
"12001",2023-01-23,0,4,"tesselle",FALSE,4,1576,1716
"12002",2023-01-24,0,3,"tesselle",FALSE,3,1579,1719
"12003",2023-01-25,0,3,"tesselle",FALSE,3,1582,1722
"12004",2023-01-26,0,6,"tesselle",FALSE,6,1588,1728
"12005",2023-01-27,0,3,"tesselle",FALSE,3,1591,1731
"12006",2023-01-28,0,3,"tesselle",FALSE,3,1594,1734
"12007",2023-01-29,0,7,"tesselle",FALSE,7,1601,1741
"12008",2023-01-30,0,2,"tesselle",FALSE,2,1603,1743
"12009",2023-01-31,0,5,"tesselle",FALSE,5,1608,1748
"12010",2023-02-01,0,4,"tesselle",FALSE,4,1612,1752
"12011",2023-02-02,5,12,"tesselle",FALSE,7,1619,1764
"12012",2023-02-03,0,8,"tesselle",FALSE,8,1627,1772
"12013",2023-02-04,0,1,"tesselle",FALSE,1,1628,1773
"12014",2023-02-05,0,6,"tesselle",FALSE,6,1634,1779
"12015",2023-02-06,0,4,"tesselle",FALSE,4,1638,1783
"12016",2023-02-07,0,15,"tesselle",FALSE,15,1653,1798
"12017",2023-02-08,0,8,"tesselle",FALSE,8,1661,1806
"12018",2023-02-09,0,10,"tesselle",FALSE,10,1671,1816
"12019",2023-02-10,0,4,"tesselle",FALSE,4,1675,1820
"12020",2023-02-11,0,7,"tesselle",FALSE,7,1682,1827
"12021",2023-02-12,0,4,"tesselle",FALSE,4,1686,1831
"12022",2023-02-13,0,6,"tesselle",FALSE,6,1692,1837
"12023",2023-02-14,0,9,"tesselle",FALSE,9,1701,1846
"12024",2023-02-15,0,10,"tesselle",FALSE,10,1711,1856
"12025",2023-02-16,0,3,"tesselle",FALSE,3,1714,1859
"12026",2023-02-17,0,6,"tesselle",FALSE,6,1720,1865
"12027",2023-02-18,0,3,"tesselle",FALSE,3,1723,1868
"12028",2023-02-19,2,3,"tesselle",FALSE,1,1724,1871
"12029",2023-02-20,0,1,"tesselle",FALSE,1,1725,1872
"12030",2023-02-21,0,4,"tesselle",FALSE,4,1729,1876
"12031",2023-02-22,0,7,"tesselle",FALSE,7,1736,1883
"12032",2023-02-23,1,8,"tesselle",FALSE,7,1743,1891
"12033",2023-02-24,0,3,"tesselle",FALSE,3,1746,1894
"12034",2023-02-25,0,1,"tesselle",FALSE,1,1747,1895
"12035",2023-02-26,0,3,"tesselle",FALSE,3,1750,1898
"12036",2023-02-27,0,5,"tesselle",FALSE,5,1755,1903
"12037",2023-02-28,0,2,"tesselle",FALSE,2,1757,1905
"12038",2023-03-01,0,8,"tesselle",FALSE,8,1765,1913
"12039",2023-03-02,0,15,"tesselle",FALSE,15,1780,1928
"12040",2023-03-03,0,6,"tesselle",FALSE,6,1786,1934
"12041",2023-03-04,0,2,"tesselle",FALSE,2,1788,1936
"12042",2023-03-05,0,3,"tesselle",FALSE,3,1791,1939
"12043",2023-03-06,0,9,"tesselle",FALSE,9,1800,1948
"12044",2023-03-07,0,3,"tesselle",FALSE,3,1803,1951
"12045",2023-03-08,0,4,"tesselle",FALSE,4,1807,1955
"12046",2023-03-09,3,6,"tesselle",FALSE,3,1810,1961
"12047",2023-03-10,2,10,"tesselle",FALSE,8,1818,1971
"12048",2023-03-11,0,4,"tesselle",FALSE,4,1822,1975
"12049",2023-03-12,0,4,"tesselle",FALSE,4,1826,1979
"12050",2023-03-13,0,10,"tesselle",FALSE,10,1836,1989
"12051",2023-03-14,0,5,"tesselle",FALSE,5,1841,1994
"12052",2023-03-15,5,9,"tesselle",FALSE,4,1845,2003
"12053",2023-03-16,1,7,"tesselle",FALSE,6,1851,2010
"12054",2023-03-17,0,2,"tesselle",FALSE,2,1853,2012
"12055",2023-03-18,2,9,"tesselle",FALSE,7,1860,2021
"12056",2023-03-19,0,1,"tesselle",FALSE,1,1861,2022
"12057",2023-03-20,0,16,"tesselle",FALSE,16,1877,2038
"12058",2023-03-21,0,8,"tesselle",FALSE,8,1885,2046
"12059",2023-03-22,2,11,"tesselle",FALSE,9,1894,2057
"12060",2023-03-23,0,3,"tesselle",FALSE,3,1897,2060
"12061",2023-03-24,0,2,"tesselle",FALSE,2,1899,2062
"12062",2023-03-25,0,3,"tesselle",FALSE,3,1902,2065
"12063",2023-03-26,0,10,"tesselle",FALSE,10,1912,2075
"12064",2023-03-27,0,6,"tesselle",FALSE,6,1918,2081
"12065",2023-03-28,0,6,"tesselle",FALSE,6,1924,2087
"12066",2023-03-29,2,9,"tesselle",FALSE,7,1931,2096
"12067",2023-03-30,0,2,"tesselle",FALSE,2,1933,2098
"12068",2023-03-31,0,5,"tesselle",FALSE,5,1938,2103
"12069",2023-04-01,0,2,"tesselle",FALSE,2,1940,2105
"12070",2023-04-02,0,5,"tesselle",FALSE,5,1945,2110
"12071",2023-04-03,0,5,"tesselle",FALSE,5,1950,2115
"12072",2023-04-04,0,4,"tesselle",FALSE,4,1954,2119
"12073",2023-04-05,0,4,"tesselle",FALSE,4,1958,2123
"12074",2023-04-06,0,8,"tesselle",FALSE,8,1966,2131
"12075",2023-04-07,0,18,"tesselle",FALSE,18,1984,2149
"12076",2023-04-08,0,4,"tesselle",FALSE,4,1988,2153
"12077",2023-04-09,0,3,"tesselle",FALSE,3,1991,2156
"12078",2023-04-10,0,4,"tesselle",FALSE,4,1995,2160
"12079",2023-04-11,0,2,"tesselle",FALSE,2,1997,2162
"12080",2023-04-12,2,12,"tesselle",FALSE,10,2007,2174
"12081",2023-04-13,0,7,"tesselle",FALSE,7,2014,2181
"12082",2023-04-14,0,6,"tesselle",FALSE,6,2020,2187
"12083",2023-04-15,0,3,"tesselle",FALSE,3,2023,2190
"12084",2023-04-16,0,4,"tesselle",FALSE,4,2027,2194
"12085",2023-04-17,0,5,"tesselle",FALSE,5,2032,2199
"12086",2023-04-18,0,7,"tesselle",FALSE,7,2039,2206
"12087",2023-04-19,5,15,"tesselle",FALSE,10,2049,2221
"12088",2023-04-20,0,7,"tesselle",FALSE,7,2056,2228
"12089",2023-04-21,0,3,"tesselle",FALSE,3,2059,2231
"12090",2023-04-22,0,5,"tesselle",FALSE,5,2064,2236
"12091",2023-04-23,0,2,"tesselle",FALSE,2,2066,2238
"12092",2023-04-24,0,10,"tesselle",FALSE,10,2076,2248
"12093",2023-04-25,0,6,"tesselle",FALSE,6,2082,2254
"12094",2023-04-26,2,9,"tesselle",FALSE,7,2089,2263
"12095",2023-04-27,0,11,"tesselle",FALSE,11,2100,2274
"12096",2023-04-28,0,5,"tesselle",FALSE,5,2105,2279
"12097",2023-04-29,0,2,"tesselle",FALSE,2,2107,2281
"12098",2023-04-30,0,3,"tesselle",FALSE,3,2110,2284
"12099",2023-05-01,0,4,"tesselle",FALSE,4,2114,2288
"12100",2023-05-02,0,2,"tesselle",FALSE,2,2116,2290
"12101",2023-05-03,2,8,"tesselle",FALSE,6,2122,2298
"12102",2023-05-04,0,1,"tesselle",FALSE,1,2123,2299
"12103",2023-05-05,1,4,"tesselle",FALSE,3,2126,2303
"12104",2023-05-06,0,6,"tesselle",FALSE,6,2132,2309
"12105",2023-05-07,0,4,"tesselle",FALSE,4,2136,2313
"12106",2023-05-08,0,33,"tesselle",FALSE,33,2169,2346
"12107",2023-05-09,0,6,"tesselle",FALSE,6,2175,2352
"12108",2023-05-10,2,12,"tesselle",FALSE,10,2185,2364
"12109",2023-05-11,0,6,"tesselle",FALSE,6,2191,2370
"12110",2023-05-12,0,10,"tesselle",FALSE,10,2201,2380
"12111",2023-05-13,0,6,"tesselle",FALSE,6,2207,2386
"12112",2023-05-14,0,3,"tesselle",FALSE,3,2210,2389
"12113",2023-05-15,1,5,"tesselle",FALSE,4,2214,2394
"12114",2023-05-16,0,8,"tesselle",FALSE,8,2222,2402
"12115",2023-05-17,2,13,"tesselle",FALSE,11,2233,2415
"12116",2023-05-18,0,7,"tesselle",FALSE,7,2240,2422
"12117",2023-05-19,0,7,"tesselle",FALSE,7,2247,2429
"12118",2023-05-20,0,1,"tesselle",FALSE,1,2248,2430
"12119",2023-05-21,0,1,"tesselle",FALSE,1,2249,2431
"12120",2023-05-22,0,6,"tesselle",FALSE,6,2255,2437
"12121",2023-05-23,0,9,"tesselle",FALSE,9,2264,2446
"12122",2023-05-24,2,16,"tesselle",FALSE,14,2278,2462
"12123",2023-05-25,0,7,"tesselle",FALSE,7,2285,2469
"12124",2023-05-26,0,7,"tesselle",FALSE,7,2292,2476
"12125",2023-05-27,0,3,"tesselle",FALSE,3,2295,2479
"12126",2023-05-28,0,1,"tesselle",FALSE,1,2296,2480
"12127",2023-05-29,0,6,"tesselle",FALSE,6,2302,2486
"12128",2023-05-30,0,5,"tesselle",FALSE,5,2307,2491
"12129",2023-05-31,0,3,"tesselle",FALSE,3,2310,2494
"12130",2023-06-01,0,13,"tesselle",FALSE,13,2323,2507
"12131",2023-06-02,0,11,"tesselle",FALSE,11,2334,2518
"12132",2023-06-03,0,1,"tesselle",FALSE,1,2335,2519
"12133",2023-06-04,0,5,"tesselle",FALSE,5,2340,2524
"12134",2023-06-05,0,3,"tesselle",FALSE,3,2343,2527
"12135",2023-06-06,0,4,"tesselle",FALSE,4,2347,2531
"12136",2023-06-07,0,1,"tesselle",FALSE,1,2348,2532
"12137",2023-06-08,2,9,"tesselle",FALSE,7,2355,2541
"12138",2023-06-09,0,5,"tesselle",FALSE,5,2360,2546
"12139",2023-06-10,0,4,"tesselle",FALSE,4,2364,2550
"12140",2023-06-11,0,5,"tesselle",FALSE,5,2369,2555
"12141",2023-06-12,0,7,"tesselle",FALSE,7,2376,2562
"12142",2023-06-13,0,3,"tesselle",FALSE,3,2379,2565
"12143",2023-06-14,0,5,"tesselle",FALSE,5,2384,2570
"12144",2023-06-15,2,6,"tesselle",FALSE,4,2388,2576
"12145",2023-06-16,0,7,"tesselle",FALSE,7,2395,2583
"12146",2023-06-17,0,4,"tesselle",FALSE,4,2399,2587
"12147",2023-06-18,0,5,"tesselle",FALSE,5,2404,2592
"12148",2023-06-19,0,1,"tesselle",FALSE,1,2405,2593
"12149",2023-06-20,0,8,"tesselle",FALSE,8,2413,2601
"12150",2023-06-21,1,13,"tesselle",FALSE,12,2425,2614
"12151",2023-06-22,0,7,"tesselle",FALSE,7,2432,2621
"12152",2023-06-23,0,5,"tesselle",FALSE,5,2437,2626
"12153",2023-06-24,0,6,"tesselle",FALSE,6,2443,2632
"12154",2023-06-25,0,4,"tesselle",FALSE,4,2447,2636
"12155",2023-06-26,0,8,"tesselle",FALSE,8,2455,2644
"12156",2023-06-27,0,8,"tesselle",FALSE,8,2463,2652
"12157",2023-06-28,2,16,"tesselle",FALSE,14,2477,2668
"12158",2023-06-29,0,6,"tesselle",FALSE,6,2483,2674
"12159",2023-06-30,0,4,"tesselle",FALSE,4,2487,2678
"12160",2023-07-01,0,4,"tesselle",FALSE,4,2491,2682
"12161",2023-07-02,0,5,"tesselle",FALSE,5,2496,2687
"12162",2023-07-03,0,9,"tesselle",FALSE,9,2505,2696
"12163",2023-07-04,0,9,"tesselle",FALSE,9,2514,2705
"12164",2023-07-05,1,14,"tesselle",FALSE,13,2527,2719
"12165",2023-07-06,0,10,"tesselle",FALSE,10,2537,2729
"12166",2023-07-07,0,11,"tesselle",FALSE,11,2548,2740
"12167",2023-07-08,0,4,"tesselle",FALSE,4,2552,2744
"12168",2023-07-09,0,1,"tesselle",FALSE,1,2553,2745
"12169",2023-07-10,0,6,"tesselle",FALSE,6,2559,2751
"12170",2023-07-11,0,3,"tesselle",FALSE,3,2562,2754
"12171",2023-07-12,2,12,"tesselle",FALSE,10,2572,2766
"12172",2023-07-13,0,4,"tesselle",FALSE,4,2576,2770
"12173",2023-07-14,0,2,"tesselle",FALSE,2,2578,2772
"12174",2023-07-15,0,1,"tesselle",FALSE,1,2579,2773
"12175",2023-07-16,0,3,"tesselle",FALSE,3,2582,2776
"12176",2023-07-17,0,3,"tesselle",FALSE,3,2585,2779
"12177",2023-07-18,0,8,"tesselle",FALSE,8,2593,2787
"12178",2023-07-19,2,8,"tesselle",FALSE,6,2599,2795
"12179",2023-07-20,0,3,"tesselle",FALSE,3,2602,2798
"12180",2023-07-21,0,5,"tesselle",FALSE,5,2607,2803
"12181",2023-07-22,0,3,"tesselle",FALSE,3,2610,2806
"12182",2023-07-23,0,2,"tesselle",FALSE,2,2612,2808
"12183",2023-07-24,0,2,"tesselle",FALSE,2,2614,2810
"12184",2023-07-25,0,9,"tesselle",FALSE,9,2623,2819
"12185",2023-07-26,2,12,"tesselle",FALSE,10,2633,2831
"12186",2023-07-27,0,3,"tesselle",FALSE,3,2636,2834
"12187",2023-07-28,0,3,"tesselle",FALSE,3,2639,2837
"12188",2023-07-29,0,1,"tesselle",FALSE,1,2640,2838
"12189",2023-07-30,0,1,"tesselle",FALSE,1,2641,2839
"12190",2023-07-31,0,1,"tesselle",FALSE,1,2642,2840
"12191",2023-08-01,0,9,"tesselle",FALSE,9,2651,2849
"12192",2023-08-02,0,8,"tesselle",FALSE,8,2659,2857
"12193",2023-08-03,2,7,"tesselle",FALSE,5,2664,2864
"12194",2023-08-04,0,4,"tesselle",FALSE,4,2668,2868
"12195",2023-08-05,0,2,"tesselle",FALSE,2,2670,2870
"12196",2023-08-06,0,2,"tesselle",FALSE,2,2672,2872
"12197",2023-08-07,0,2,"tesselle",FALSE,2,2674,2874
"12198",2023-08-08,0,7,"tesselle",FALSE,7,2681,2881
"12199",2023-08-09,2,9,"tesselle",FALSE,7,2688,2890
"12200",2023-08-10,0,6,"tesselle",FALSE,6,2694,2896
"12201",2023-08-11,0,2,"tesselle",FALSE,2,2696,2898
"12202",2023-08-12,0,2,"tesselle",FALSE,2,2698,2900
"12203",2023-08-13,0,2,"tesselle",FALSE,2,2700,2902
"12204",2023-08-14,0,3,"tesselle",FALSE,3,2703,2905
"12205",2023-08-15,0,6,"tesselle",FALSE,6,2709,2911
"12206",2023-08-16,1,7,"tesselle",FALSE,6,2715,2918
"12207",2023-08-17,0,5,"tesselle",FALSE,5,2720,2923
"12208",2023-08-18,0,3,"tesselle",FALSE,3,2723,2926
"12209",2023-08-19,0,4,"tesselle",FALSE,4,2727,2930
"12210",2023-08-20,0,4,"tesselle",FALSE,4,2731,2934
"12211",2023-08-21,0,5,"tesselle",FALSE,5,2736,2939
"12212",2023-08-22,0,3,"tesselle",FALSE,3,2739,2942
"12213",2023-08-23,2,6,"tesselle",FALSE,4,2743,2948
"12214",2023-08-24,0,4,"tesselle",FALSE,4,2747,2952
"12215",2023-08-25,0,7,"tesselle",FALSE,7,2754,2959
"12216",2023-08-26,0,3,"tesselle",FALSE,3,2757,2962
"12217",2023-08-27,0,3,"tesselle",FALSE,3,2760,2965
"12218",2023-08-28,0,3,"tesselle",FALSE,3,2763,2968
"12219",2023-08-29,0,3,"tesselle",FALSE,3,2766,2971
"12220",2023-08-30,2,10,"tesselle",FALSE,8,2774,2981
"12221",2023-08-31,0,5,"tesselle",FALSE,5,2779,2986
"12222",2023-09-01,0,4,"tesselle",FALSE,4,2783,2990
"12223",2023-09-02,0,4,"tesselle",FALSE,4,2787,2994
"12224",2023-09-03,0,6,"tesselle",FALSE,6,2793,3000
"12225",2023-09-04,0,5,"tesselle",FALSE,5,2798,3005
"12226",2023-09-05,0,5,"tesselle",FALSE,5,2803,3010
"12227",2023-09-06,1,6,"tesselle",FALSE,5,2808,3016
"12228",2023-09-07,0,4,"tesselle",FALSE,4,2812,3020
"12229",2023-09-08,0,3,"tesselle",FALSE,3,2815,3023
"12230",2023-09-09,0,1,"tesselle",FALSE,1,2816,3024
"12231",2023-09-10,0,7,"tesselle",FALSE,7,2823,3031
"12232",2023-09-11,0,3,"tesselle",FALSE,3,2826,3034
"12233",2023-09-12,0,5,"tesselle",FALSE,5,2831,3039
"12234",2023-09-13,0,4,"tesselle",FALSE,4,2835,3043
"12235",2023-09-14,0,3,"tesselle",FALSE,3,2838,3046
"12236",2023-09-15,0,14,"tesselle",FALSE,14,2852,3060
"12237",2023-09-16,0,5,"tesselle",FALSE,5,2857,3065
"12238",2023-09-17,0,4,"tesselle",FALSE,4,2861,3069
"12239",2023-09-18,0,4,"tesselle",FALSE,4,2865,3073
"12240",2023-09-19,0,10,"tesselle",FALSE,10,2875,3083
"12241",2023-09-20,0,5,"tesselle",FALSE,5,2880,3088
"12242",2023-09-21,0,3,"tesselle",FALSE,3,2883,3091
"12243",2023-09-22,0,4,"tesselle",FALSE,4,2887,3095
"12244",2023-09-23,0,9,"tesselle",FALSE,9,2896,3104
"12245",2023-09-24,0,1,"tesselle",FALSE,1,2897,3105
"12246",2023-09-25,0,3,"tesselle",FALSE,3,2900,3108
"12247",2023-09-26,0,3,"tesselle",FALSE,3,2903,3111
"12248",2023-09-27,2,8,"tesselle",FALSE,6,2909,3119
"12249",2023-09-28,0,7,"tesselle",FALSE,7,2916,3126
"12250",2023-09-29,0,5,"tesselle",FALSE,5,2921,3131
"12251",2023-09-30,0,4,"tesselle",FALSE,4,2925,3135
"12252",2023-10-01,0,1,"tesselle",FALSE,1,2926,3136
"12253",2023-10-02,0,4,"tesselle",FALSE,4,2930,3140
"12254",2023-10-03,0,2,"tesselle",FALSE,2,2932,3142
"12255",2023-10-04,1,5,"tesselle",FALSE,4,2936,3147
"12256",2023-10-05,0,13,"tesselle",FALSE,13,2949,3160
"12257",2023-10-06,0,6,"tesselle",FALSE,6,2955,3166
"12258",2023-10-07,0,2,"tesselle",FALSE,2,2957,3168
"12259",2023-10-08,0,2,"tesselle",FALSE,2,2959,3170
"12260",2023-10-09,0,3,"tesselle",FALSE,3,2962,3173
"12261",2023-10-10,0,6,"tesselle",FALSE,6,2968,3179
"12262",2023-10-11,0,2,"tesselle",FALSE,2,2970,3181
"12263",2023-10-12,0,5,"tesselle",FALSE,5,2975,3186
"12264",2023-10-13,0,2,"tesselle",FALSE,2,2977,3188
"12265",2023-10-14,0,2,"tesselle",FALSE,2,2979,3190
"12266",2023-10-15,0,6,"tesselle",FALSE,6,2985,3196
"12267",2023-10-16,0,9,"tesselle",FALSE,9,2994,3205
"12268",2023-10-17,0,5,"tesselle",FALSE,5,2999,3210
"12269",2023-10-18,1,17,"tesselle",TRUE,2,3001,3227
"12270",2023-10-19,0,22,"tesselle",FALSE,2,3003,3249
"12271",2023-10-20,0,12,"tesselle",FALSE,12,3015,3261
"12272",2023-10-21,0,4,"tesselle",FALSE,4,3019,3265
"12273",2023-10-22,0,38,"tesselle",FALSE,38,3057,3303
"12274",2023-10-23,0,15,"tesselle",FALSE,15,3072,3318
"12275",2023-10-24,0,2,"tesselle",FALSE,2,3074,3320
"12276",2023-10-25,1,9,"tesselle",FALSE,8,3082,3329
"12277",2023-10-26,0,22,"tesselle",FALSE,22,3104,3351
"12278",2023-10-27,0,10,"tesselle",FALSE,10,3114,3361
"12279",2023-10-28,0,5,"tesselle",FALSE,5,3119,3366
"12280",2023-10-29,0,2,"tesselle",FALSE,2,3121,3368
"12281",2023-10-30,0,6,"tesselle",FALSE,6,3127,3374
"12282",2023-10-31,0,8,"tesselle",FALSE,8,3135,3382
"12283",2023-11-01,1,15,"tesselle",FALSE,14,3149,3397
"12284",2023-11-02,0,12,"tesselle",FALSE,12,3161,3409
"12285",2023-11-03,0,6,"tesselle",FALSE,6,3167,3415
"12286",2023-11-04,0,1,"tesselle",FALSE,1,3168,3416
"12287",2023-11-05,0,1,"tesselle",FALSE,1,3169,3417
"12288",2023-11-06,0,9,"tesselle",FALSE,9,3178,3426
"12289",2023-11-07,0,9,"tesselle",FALSE,9,3187,3435
"12290",2023-11-08,2,17,"tesselle",FALSE,15,3202,3452
"12291",2023-11-09,0,6,"tesselle",FALSE,6,3208,3458
"12292",2023-11-10,0,3,"tesselle",FALSE,3,3211,3461
"12293",2023-11-11,0,2,"tesselle",FALSE,2,3213,3463
"12294",2023-11-12,0,3,"tesselle",FALSE,3,3216,3466
"12295",2023-11-13,0,8,"tesselle",FALSE,8,3224,3474
"12296",2023-11-14,0,3,"tesselle",FALSE,3,3227,3477
"12297",2023-11-15,2,16,"tesselle",FALSE,14,3241,3493
"12298",2023-11-16,0,7,"tesselle",FALSE,7,3248,3500
"12299",2023-11-17,0,9,"tesselle",FALSE,9,3257,3509
"12300",2023-11-18,0,4,"tesselle",FALSE,4,3261,3513
"12301",2023-11-19,0,6,"tesselle",FALSE,6,3267,3519
"12302",2023-11-20,0,9,"tesselle",FALSE,9,3276,3528
"12303",2023-11-21,0,3,"tesselle",FALSE,3,3279,3531
"12304",2023-11-22,1,10,"tesselle",FALSE,9,3288,3541
"12305",2023-11-23,0,4,"tesselle",FALSE,4,3292,3545
"12306",2023-11-24,0,9,"tesselle",FALSE,9,3301,3554
"12307",2023-11-25,0,5,"tesselle",FALSE,5,3306,3559
"12308",2023-11-26,0,3,"tesselle",FALSE,3,3309,3562
"12309",2023-11-27,0,2,"tesselle",FALSE,2,3311,3564
"12310",2023-11-28,0,5,"tesselle",FALSE,5,3316,3569
"12311",2023-11-29,3,10,"tesselle",FALSE,7,3323,3579
"12312",2023-11-30,0,11,"tesselle",TRUE,2,3325,3590
"12313",2023-12-01,0,18,"tesselle",FALSE,2,3327,3608
"12314",2023-12-02,0,20,"tesselle",FALSE,20,3347,3628
"12315",2023-12-03,0,12,"tesselle",FALSE,12,3359,3640
"12316",2023-12-04,0,6,"tesselle",FALSE,6,3365,3646
"12317",2023-12-05,0,8,"tesselle",FALSE,8,3373,3654
"12318",2023-12-06,2,38,"tesselle",FALSE,36,3409,3692
"12319",2023-12-07,0,13,"tesselle",FALSE,13,3422,3705
"12320",2023-12-08,0,13,"tesselle",FALSE,13,3435,3718
"12321",2023-12-09,0,5,"tesselle",FALSE,5,3440,3723
"12322",2023-12-10,0,12,"tesselle",FALSE,12,3452,3735
"12323",2023-12-11,0,6,"tesselle",FALSE,6,3458,3741
"12324",2023-12-12,0,10,"tesselle",FALSE,10,3468,3751
"12325",2023-12-13,0,3,"tesselle",FALSE,3,3471,3754
"12326",2023-12-14,0,11,"tesselle",FALSE,11,3482,3765
"12327",2023-12-15,2,12,"tesselle",FALSE,10,3492,3777
"12328",2023-12-16,0,4,"tesselle",FALSE,4,3496,3781
"12329",2023-12-17,0,5,"tesselle",FALSE,5,3501,3786
"12330",2023-12-18,0,5,"tesselle",FALSE,5,3506,3791
"12331",2023-12-19,0,15,"tesselle",FALSE,15,3521,3806
"12332",2023-12-20,0,7,"tesselle",FALSE,7,3528,3813
"12333",2023-12-21,0,11,"tesselle",FALSE,11,3539,3824
"12334",2023-12-22,0,5,"tesselle",FALSE,5,3544,3829
"12335",2023-12-23,0,2,"tesselle",FALSE,2,3546,3831
"12336",2023-12-24,0,8,"tesselle",FALSE,8,3554,3839
"12337",2023-12-25,0,13,"tesselle",FALSE,13,3567,3852
"12338",2023-12-26,0,4,"tesselle",FALSE,4,3571,3856
"12339",2023-12-27,2,11,"tesselle",FALSE,9,3580,3867
"12340",2023-12-28,0,3,"tesselle",FALSE,3,3583,3870
"12341",2023-12-29,0,2,"tesselle",FALSE,2,3585,3872
"12342",2023-12-30,0,4,"tesselle",FALSE,4,3589,3876
"12343",2023-12-31,0,2,"tesselle",FALSE,2,3591,3878
"12344",2024-01-01,0,4,"tesselle",FALSE,4,3595,3882
"12345",2024-01-02,0,4,"tesselle",FALSE,4,3599,3886
"12346",2024-01-03,1,8,"tesselle",FALSE,7,3606,3894
"12347",2024-01-04,0,3,"tesselle",FALSE,3,3609,3897
"12348",2024-01-05,0,2,"tesselle",FALSE,2,3611,3899
"12349",2024-01-06,0,4,"tesselle",FALSE,4,3615,3903
"12350",2024-01-07,0,4,"tesselle",FALSE,4,3619,3907
"12351",2024-01-08,0,6,"tesselle",FALSE,6,3625,3913
"12352",2024-01-09,0,2,"tesselle",FALSE,2,3627,3915
"12353",2024-01-10,2,18,"tesselle",FALSE,16,3643,3933
"12354",2024-01-11,0,6,"tesselle",FALSE,6,3649,3939
"12355",2024-01-12,0,39,"tesselle",FALSE,39,3688,3978
"12356",2024-01-13,0,2,"tesselle",FALSE,2,3690,3980
"12357",2024-01-14,0,2,"tesselle",FALSE,2,3692,3982
"12358",2024-01-15,0,7,"tesselle",FALSE,7,3699,3989
"12359",2024-01-16,0,6,"tesselle",FALSE,6,3705,3995
"12360",2024-01-17,2,13,"tesselle",FALSE,11,3716,4008
"12361",2024-01-18,0,11,"tesselle",FALSE,11,3727,4019
"12362",2024-01-19,0,4,"tesselle",FALSE,4,3731,4023
"12363",2024-01-20,0,4,"tesselle",FALSE,4,3735,4027
"12364",2024-01-21,0,1,"tesselle",FALSE,1,3736,4028
"12365",2024-01-22,0,5,"tesselle",FALSE,5,3741,4033
"12366",2024-01-23,0,16,"tesselle",FALSE,16,3757,4049
"12367",2024-01-24,6,105,"tesselle",FALSE,99,3856,4154
"12368",2024-01-25,1,92,"tesselle",FALSE,91,3947,4246
"12369",2024-01-26,0,2,"tesselle",FALSE,2,3949,4248
"12370",2024-01-27,0,2,"tesselle",FALSE,2,3951,4250
"12371",2024-01-28,0,1,"tesselle",FALSE,1,3952,4251
"12372",2024-01-29,0,16,"tesselle",FALSE,16,3968,4267
"12373",2024-01-30,0,16,"tesselle",FALSE,16,3984,4283
"12374",2024-01-31,2,16,"tesselle",FALSE,14,3998,4299
"12375",2024-02-01,0,2,"tesselle",FALSE,2,4000,4301
"12376",2024-02-02,0,9,"tesselle",FALSE,9,4009,4310
"12377",2024-02-03,0,16,"tesselle",FALSE,16,4025,4326
"12378",2024-02-04,0,2,"tesselle",FALSE,2,4027,4328
"12379",2024-02-05,0,2,"tesselle",FALSE,2,4029,4330
"12380",2024-02-06,0,2,"tesselle",FALSE,2,4031,4332
"12381",2024-02-07,2,8,"tesselle",FALSE,6,4037,4340
"12382",2024-02-08,0,9,"tesselle",FALSE,9,4046,4349
"12383",2024-02-09,0,1,"tesselle",FALSE,1,4047,4350
"12384",2024-02-10,0,3,"tesselle",FALSE,3,4050,4353
"12385",2024-02-11,0,0,"tesselle",FALSE,0,4050,4353
"12386",2024-02-12,0,2,"tesselle",FALSE,2,4052,4355
"12387",2024-02-13,0,6,"tesselle",FALSE,6,4058,4361
"12388",2024-02-14,2,12,"tesselle",FALSE,10,4068,4373
"12389",2024-02-15,0,3,"tesselle",FALSE,3,4071,4376
"12390",2024-02-16,0,2,"tesselle",FALSE,2,4073,4378
"12391",2024-02-17,0,2,"tesselle",FALSE,2,4075,4380
"12392",2024-02-18,0,1,"tesselle",FALSE,1,4076,4381
"12393",2024-02-19,0,2,"tesselle",FALSE,2,4078,4383
"12394",2024-02-20,0,2,"tesselle",FALSE,2,4080,4385
"12395",2024-02-21,2,10,"tesselle",FALSE,8,4088,4395
"12396",2024-02-22,0,4,"tesselle",FALSE,4,4092,4399
"12397",2024-02-23,0,4,"tesselle",FALSE,4,4096,4403
"12398",2024-02-24,1,7,"tesselle",FALSE,6,4102,4410
"12399",2024-02-25,0,4,"tesselle",FALSE,4,4106,4414
"12400",2024-02-26,0,6,"tesselle",FALSE,6,4112,4420
"12401",2024-02-27,0,4,"tesselle",FALSE,4,4116,4424
"12402",2024-02-28,2,15,"tesselle",FALSE,13,4129,4439
"12403",2024-02-29,0,4,"tesselle",FALSE,4,4133,4443
"12404",2024-03-01,0,9,"tesselle",FALSE,9,4142,4452
"12405",2024-03-02,0,4,"tesselle",FALSE,4,4146,4456
"12406",2024-03-03,0,2,"tesselle",FALSE,2,4148,4458
"12407",2024-03-04,0,1,"tesselle",FALSE,1,4149,4459
"12408",2024-03-05,0,8,"tesselle",FALSE,8,4157,4467
"12409",2024-03-06,2,6,"tesselle",FALSE,4,4161,4473
"12410",2024-03-07,0,13,"tesselle",FALSE,13,4174,4486
"12411",2024-03-08,0,7,"tesselle",FALSE,7,4181,4493
"12412",2024-03-09,0,5,"tesselle",FALSE,5,4186,4498
"12413",2024-03-10,0,6,"tesselle",FALSE,6,4192,4504
"12414",2024-03-11,0,3,"tesselle",FALSE,3,4195,4507
"12415",2024-03-12,0,3,"tesselle",FALSE,3,4198,4510
"12416",2024-03-13,2,12,"tesselle",FALSE,10,4208,4522
"12417",2024-03-14,0,8,"tesselle",FALSE,8,4216,4530
"12418",2024-03-15,0,6,"tesselle",FALSE,6,4222,4536
"12419",2024-03-16,0,8,"tesselle",FALSE,8,4230,4544
"12420",2024-03-17,0,1,"tesselle",FALSE,1,4231,4545
"12421",2024-03-18,0,4,"tesselle",FALSE,4,4235,4549
"12422",2024-03-19,0,4,"tesselle",FALSE,4,4239,4553
"12423",2024-03-20,0,5,"tesselle",FALSE,5,4244,4558
"12424",2024-03-21,2,14,"tesselle",FALSE,12,4256,4572
"12425",2024-03-22,0,6,"tesselle",FALSE,6,4262,4578
"12426",2024-03-23,0,4,"tesselle",FALSE,4,4266,4582
"12427",2024-03-24,0,2,"tesselle",FALSE,2,4268,4584
"12428",2024-03-25,0,2,"tesselle",FALSE,2,4270,4586
"12429",2024-03-26,0,5,"tesselle",FALSE,5,4275,4591
"12430",2024-03-27,2,13,"tesselle",FALSE,11,4286,4604
"12431",2024-03-28,0,4,"tesselle",FALSE,4,4290,4608
"12432",2024-03-29,0,6,"tesselle",FALSE,6,4296,4614
"12433",2024-03-30,0,10,"tesselle",FALSE,10,4306,4624
"12434",2024-03-31,0,2,"tesselle",FALSE,2,4308,4626
"12435",2024-04-01,0,4,"tesselle",FALSE,4,4312,4630
"12436",2024-04-02,0,1,"tesselle",FALSE,1,4313,4631
"12437",2024-04-03,2,13,"tesselle",FALSE,11,4324,4644
"12438",2024-04-04,0,7,"tesselle",FALSE,7,4331,4651
"12439",2024-04-05,0,4,"tesselle",FALSE,4,4335,4655
"12440",2024-04-06,0,0,"tesselle",FALSE,0,4335,4655
"12441",2024-04-07,0,0,"tesselle",FALSE,0,4335,4655
"12442",2024-04-08,0,1,"tesselle",FALSE,1,4336,4656
"12443",2024-04-09,0,2,"tesselle",FALSE,2,4338,4658
"12444",2024-04-10,2,12,"tesselle",FALSE,10,4348,4670
"12445",2024-04-11,0,2,"tesselle",FALSE,2,4350,4672
"12446",2024-04-12,0,0,"tesselle",FALSE,0,4350,4672
"12447",2024-04-13,0,2,"tesselle",FALSE,2,4352,4674
"12448",2024-04-14,0,3,"tesselle",FALSE,3,4355,4677
"12449",2024-04-15,0,2,"tesselle",FALSE,2,4357,4679
"12450",2024-04-16,0,3,"tesselle",FALSE,3,4360,4682
"12451",2024-04-17,2,17,"tesselle",FALSE,15,4375,4699
"12452",2024-04-18,0,5,"tesselle",FALSE,5,4380,4704
"12453",2024-04-19,0,3,"tesselle",FALSE,3,4383,4707
"12454",2024-04-20,0,1,"tesselle",FALSE,1,4384,4708
"12455",2024-04-21,0,3,"tesselle",FALSE,3,4387,4711
"12456",2024-04-22,0,8,"tesselle",FALSE,8,4395,4719
"12457",2024-04-23,0,5,"tesselle",FALSE,5,4400,4724
"12458",2024-04-24,0,7,"tesselle",FALSE,7,4407,4731
"12459",2024-04-25,0,13,"tesselle",FALSE,13,4420,4744
"12460",2024-04-26,0,11,"tesselle",FALSE,11,4431,4755
"12461",2024-04-27,0,8,"tesselle",FALSE,8,4439,4763
"12462",2024-04-28,0,1,"tesselle",FALSE,1,4440,4764
"12463",2024-04-29,0,10,"tesselle",FALSE,10,4450,4774
"12464",2024-04-30,0,3,"tesselle",FALSE,3,4453,4777
"12465",2024-05-01,2,14,"tesselle",FALSE,12,4465,4791
"12466",2024-05-02,0,8,"tesselle",FALSE,8,4473,4799
"12467",2024-05-03,0,2,"tesselle",FALSE,2,4475,4801
"12468",2024-05-04,0,9,"tesselle",FALSE,9,4484,4810
"12469",2024-05-05,0,2,"tesselle",FALSE,2,4486,4812
"12470",2024-05-06,0,11,"tesselle",FALSE,11,4497,4823
"12471",2024-05-07,0,4,"tesselle",FALSE,4,4501,4827
"12472",2024-05-08,2,17,"tesselle",FALSE,15,4516,4844
"12473",2024-05-09,0,2,"tesselle",FALSE,2,4518,4846
"12474",2024-05-10,0,8,"tesselle",FALSE,8,4526,4854
"12475",2024-05-11,0,3,"tesselle",FALSE,3,4529,4857
"12476",2024-05-12,0,3,"tesselle",FALSE,3,4532,4860
"12477",2024-05-13,0,3,"tesselle",FALSE,3,4535,4863
"12478",2024-05-14,0,9,"tesselle",FALSE,9,4544,4872
"12479",2024-05-15,2,14,"tesselle",FALSE,12,4556,4886
"12480",2024-05-16,0,3,"tesselle",FALSE,3,4559,4889
"12481",2024-05-17,0,4,"tesselle",FALSE,4,4563,4893
"12482",2024-05-18,0,1,"tesselle",FALSE,1,4564,4894
"12483",2024-05-19,0,4,"tesselle",FALSE,4,4568,4898
"12484",2024-05-20,0,1,"tesselle",FALSE,1,4569,4899
"12485",2024-05-21,0,5,"tesselle",FALSE,5,4574,4904
"12486",2024-05-22,2,24,"tesselle",FALSE,22,4596,4928
"12487",2024-05-23,0,5,"tesselle",FALSE,5,4601,4933
"12488",2024-05-24,0,4,"tesselle",FALSE,4,4605,4937
"12489",2024-05-25,0,1,"tesselle",FALSE,1,4606,4938
"12490",2024-05-26,0,3,"tesselle",FALSE,3,4609,4941
"12491",2024-05-27,0,6,"tesselle",FALSE,6,4615,4947
"12492",2024-05-28,0,3,"tesselle",FALSE,3,4618,4950
"12493",2024-05-29,2,9,"tesselle",FALSE,7,4625,4959
"12494",2024-05-30,0,14,"tesselle",FALSE,14,4639,4973
"12495",2024-05-31,0,10,"tesselle",FALSE,10,4649,4983
"12496",2024-06-01,0,2,"tesselle",FALSE,2,4651,4985
"12497",2024-06-02,0,5,"tesselle",FALSE,5,4656,4990
"12498",2024-06-03,0,0,"tesselle",FALSE,0,4656,4990
"12499",2024-06-04,0,15,"tesselle",FALSE,15,4671,5005
"12500",2024-06-05,2,20,"tesselle",FALSE,18,4689,5025
"12501",2024-06-06,0,1,"tesselle",FALSE,1,4690,5026
"12502",2024-06-07,0,1,"tesselle",FALSE,1,4691,5027
"12503",2024-06-08,0,3,"tesselle",FALSE,3,4694,5030
"12504",2024-06-09,0,0,"tesselle",FALSE,0,4694,5030
"12505",2024-06-10,0,3,"tesselle",FALSE,3,4697,5033
"12506",2024-06-11,0,8,"tesselle",FALSE,8,4705,5041
"12507",2024-06-12,2,12,"tesselle",FALSE,10,4715,5053
"12508",2024-06-13,0,1,"tesselle",FALSE,1,4716,5054
"12509",2024-06-14,0,3,"tesselle",FALSE,3,4719,5057
"12510",2024-06-15,0,0,"tesselle",FALSE,0,4719,5057
"12511",2024-06-16,0,7,"tesselle",FALSE,7,4726,5064
"12512",2024-06-17,0,4,"tesselle",FALSE,4,4730,5068
"12513",2024-06-18,0,5,"tesselle",FALSE,5,4735,5073
"12514",2024-06-19,2,14,"tesselle",FALSE,12,4747,5087
"12515",2024-06-20,0,2,"tesselle",FALSE,2,4749,5089
"12516",2024-06-21,0,5,"tesselle",FALSE,5,4754,5094
"12517",2024-06-22,0,3,"tesselle",FALSE,3,4757,5097
"12518",2024-06-23,0,6,"tesselle",FALSE,6,4763,5103
"12519",2024-06-24,0,8,"tesselle",FALSE,8,4771,5111
"12520",2024-06-25,0,3,"tesselle",FALSE,3,4774,5114
"12521",2024-06-26,0,1,"tesselle",FALSE,1,4775,5115
"12522",2024-06-27,0,13,"tesselle",FALSE,13,4788,5128
"12523",2024-06-28,0,1,"tesselle",FALSE,1,4789,5129
"12524",2024-06-29,0,3,"tesselle",FALSE,3,4792,5132
"12525",2024-06-30,0,0,"tesselle",FALSE,0,4792,5132
"12526",2024-07-01,0,10,"tesselle",FALSE,10,4802,5142
"12527",2024-07-02,0,3,"tesselle",FALSE,3,4805,5145
"12528",2024-07-03,2,19,"tesselle",FALSE,17,4822,5164
"12529",2024-07-04,0,5,"tesselle",FALSE,5,4827,5169
"12530",2024-07-05,0,5,"tesselle",FALSE,5,4832,5174
"12531",2024-07-06,0,2,"tesselle",FALSE,2,4834,5176
"12532",2024-07-07,0,0,"tesselle",FALSE,0,4834,5176
"12533",2024-07-08,0,5,"tesselle",FALSE,5,4839,5181
"12534",2024-07-09,0,4,"tesselle",FALSE,4,4843,5185
"12535",2024-07-10,0,5,"tesselle",FALSE,5,4848,5190
"12536",2024-07-11,0,9,"tesselle",FALSE,9,4857,5199
"12537",2024-07-12,0,2,"tesselle",FALSE,2,4859,5201
"12538",2024-07-13,0,3,"tesselle",FALSE,3,4862,5204
"12539",2024-07-14,0,6,"tesselle",FALSE,6,4868,5210
"12540",2024-07-15,0,2,"tesselle",FALSE,2,4870,5212
"12541",2024-07-16,0,5,"tesselle",FALSE,5,4875,5217
"12542",2024-07-17,2,17,"tesselle",FALSE,15,4890,5234
"12543",2024-07-18,0,5,"tesselle",FALSE,5,4895,5239
"12544",2024-07-19,0,2,"tesselle",FALSE,2,4897,5241
"12545",2024-07-20,0,2,"tesselle",FALSE,2,4899,5243
"12546",2024-07-21,0,2,"tesselle",FALSE,2,4901,5245
"12547",2024-07-22,0,5,"tesselle",FALSE,5,4906,5250
"12548",2024-07-23,0,7,"tesselle",FALSE,7,4913,5257
"12549",2024-07-24,2,16,"tesselle",FALSE,14,4927,5273
"12550",2024-07-25,0,7,"tesselle",FALSE,7,4934,5280
"12551",2024-07-26,0,9,"tesselle",FALSE,9,4943,5289
"12552",2024-07-27,0,1,"tesselle",FALSE,1,4944,5290
"12553",2024-07-28,0,1,"tesselle",FALSE,1,4945,5291
"12554",2024-07-29,0,0,"tesselle",FALSE,0,4945,5291
"12555",2024-07-30,0,13,"tesselle",FALSE,13,4958,5304
"12556",2024-07-31,0,7,"tesselle",FALSE,7,4965,5311
"12557",2024-08-01,0,13,"tesselle",FALSE,13,4978,5324
"12558",2024-08-02,0,1,"tesselle",FALSE,1,4979,5325
"12559",2024-08-03,0,2,"tesselle",FALSE,2,4981,5327
"12560",2024-08-04,0,1,"tesselle",FALSE,1,4982,5328
"12561",2024-08-05,0,4,"tesselle",FALSE,4,4986,5332
"12562",2024-08-06,0,10,"tesselle",FALSE,10,4996,5342
"12563",2024-08-07,0,10,"tesselle",FALSE,10,5006,5352
"12564",2024-08-08,2,11,"tesselle",FALSE,9,5015,5363
"12565",2024-08-09,0,0,"tesselle",FALSE,0,5015,5363
"12566",2024-08-10,0,2,"tesselle",FALSE,2,5017,5365
"12567",2024-08-11,0,4,"tesselle",FALSE,4,5021,5369
"12568",2024-08-12,0,6,"tesselle",FALSE,6,5027,5375
"12569",2024-08-13,0,5,"tesselle",FALSE,5,5032,5380
"12570",2024-08-14,0,5,"tesselle",FALSE,5,5037,5385
"12571",2024-08-15,2,11,"tesselle",FALSE,9,5046,5396
"12572",2024-08-16,0,5,"tesselle",FALSE,5,5051,5401
"12573",2024-08-17,0,7,"tesselle",FALSE,7,5058,5408
"12574",2024-08-18,0,0,"tesselle",FALSE,0,5058,5408
"12575",2024-08-19,0,2,"tesselle",FALSE,2,5060,5410
"12576",2024-08-20,0,5,"tesselle",FALSE,5,5065,5415
"12577",2024-08-21,0,7,"tesselle",FALSE,7,5072,5422
"12578",2024-08-22,0,22,"tesselle",FALSE,22,5094,5444
"12579",2024-08-23,0,10,"tesselle",FALSE,10,5104,5454
"12580",2024-08-24,0,4,"tesselle",FALSE,4,5108,5458
"12581",2024-08-25,0,2,"tesselle",FALSE,2,5110,5460
"12582",2024-08-26,0,4,"tesselle",FALSE,4,5114,5464
"12583",2024-08-27,0,6,"tesselle",FALSE,6,5120,5470
"12584",2024-08-28,2,14,"tesselle",FALSE,12,5132,5484
"12585",2024-08-29,0,3,"tesselle",FALSE,3,5135,5487
"12586",2024-08-30,0,2,"tesselle",FALSE,2,5137,5489
"12587",2024-08-31,0,0,"tesselle",FALSE,0,5137,5489
"12588",2024-09-01,0,3,"tesselle",FALSE,3,5140,5492
"12589",2024-09-02,0,1,"tesselle",FALSE,1,5141,5493
"12590",2024-09-03,0,3,"tesselle",FALSE,3,5144,5496
"12591",2024-09-04,2,19,"tesselle",FALSE,17,5161,5515
"12592",2024-09-05,0,7,"tesselle",FALSE,7,5168,5522
"12593",2024-09-06,0,6,"tesselle",FALSE,6,5174,5528
"12594",2024-09-07,0,0,"tesselle",FALSE,0,5174,5528
"12595",2024-09-08,0,2,"tesselle",FALSE,2,5176,5530
"12596",2024-09-09,0,9,"tesselle",FALSE,9,5185,5539
"12597",2024-09-10,0,10,"tesselle",FALSE,10,5195,5549
"12598",2024-09-11,3,32,"tesselle",FALSE,29,5224,5581
"12599",2024-09-12,0,10,"tesselle",FALSE,10,5234,5591
"12600",2024-09-13,0,4,"tesselle",FALSE,4,5238,5595
"12601",2024-09-14,0,7,"tesselle",FALSE,7,5245,5602
"12602",2024-09-15,0,5,"tesselle",FALSE,5,5250,5607
"12603",2024-09-16,0,0,"tesselle",FALSE,0,5250,5607
"12604",2024-09-17,0,1,"tesselle",FALSE,1,5251,5608
"12605",2024-09-18,2,10,"tesselle",FALSE,8,5259,5618
"12606",2024-09-19,0,2,"tesselle",FALSE,2,5261,5620
"12607",2024-09-20,0,2,"tesselle",FALSE,2,5263,5622
"12608",2024-09-21,0,10,"tesselle",FALSE,10,5273,5632
"12609",2024-09-22,0,0,"tesselle",FALSE,0,5273,5632
"12610",2024-09-23,0,6,"tesselle",FALSE,6,5279,5638
"12611",2024-09-24,0,5,"tesselle",FALSE,5,5284,5643
"12612",2024-09-25,0,8,"tesselle",FALSE,8,5292,5651
"12613",2024-09-26,1,10,"tesselle",FALSE,9,5301,5661
"12614",2024-09-27,0,4,"tesselle",FALSE,4,5305,5665
"12615",2024-09-28,0,0,"tesselle",FALSE,0,5305,5665
"12616",2024-09-29,0,0,"tesselle",FALSE,0,5305,5665
