"date","mindownloads","count","package","updateday","adjusted_downloads","adjusted_total_downloads","total_downloads"
2023-06-12,0,0,"aion",FALSE,0,0,0
2023-06-13,0,50,"aion",TRUE,1,1,50
2023-06-14,0,10,"aion",FALSE,1,2,60
2023-06-15,2,8,"aion",FALSE,6,8,68
2023-06-16,0,39,"aion",FALSE,39,47,107
2023-06-17,0,6,"aion",FALSE,6,53,113
2023-06-18,0,13,"aion",FALSE,13,66,126
2023-06-19,0,23,"aion",FALSE,23,89,149
2023-06-20,0,18,"aion",FALSE,18,107,167
2023-06-21,2,12,"aion",FALSE,10,117,179
2023-06-22,0,10,"aion",FALSE,10,127,189
2023-06-23,0,8,"aion",FALSE,8,135,197
2023-06-24,0,4,"aion",FALSE,4,139,201
2023-06-25,0,7,"aion",FALSE,7,146,208
2023-06-26,0,9,"aion",FALSE,9,155,217
2023-06-27,0,30,"aion",FALSE,30,185,247
2023-06-28,2,16,"aion",FALSE,14,199,263
2023-06-29,0,13,"aion",FALSE,13,212,276
2023-06-30,0,4,"aion",FALSE,4,216,280
2023-07-01,0,6,"aion",FALSE,6,222,286
2023-07-02,0,3,"aion",FALSE,3,225,289
2023-07-03,0,13,"aion",FALSE,13,238,302
2023-07-04,0,13,"aion",FALSE,13,251,315
2023-07-05,1,15,"aion",FALSE,14,265,330
2023-07-06,0,14,"aion",FALSE,14,279,344
2023-07-07,0,17,"aion",FALSE,17,296,361
2023-07-08,0,7,"aion",FALSE,7,303,368
2023-07-09,0,5,"aion",FALSE,5,308,373
2023-07-10,0,13,"aion",FALSE,13,321,386
2023-07-11,0,10,"aion",FALSE,10,331,396
2023-07-12,2,13,"aion",FALSE,11,342,409
2023-07-13,0,8,"aion",FALSE,8,350,417
2023-07-14,0,10,"aion",FALSE,10,360,427
2023-07-15,0,7,"aion",FALSE,7,367,434
2023-07-16,0,6,"aion",FALSE,6,373,440
2023-07-17,0,9,"aion",FALSE,9,382,449
2023-07-18,0,13,"aion",FALSE,13,395,462
2023-07-19,2,8,"aion",FALSE,6,401,470
2023-07-20,0,2,"aion",FALSE,2,403,472
2023-07-21,0,10,"aion",FALSE,10,413,482
2023-07-22,0,4,"aion",FALSE,4,417,486
2023-07-23,0,8,"aion",FALSE,8,425,494
2023-07-24,0,8,"aion",FALSE,8,433,502
2023-07-25,0,11,"aion",FALSE,11,444,513
2023-07-26,3,13,"aion",FALSE,10,454,526
2023-07-27,0,16,"aion",FALSE,16,470,542
2023-07-28,0,8,"aion",FALSE,8,478,550
2023-07-29,0,6,"aion",FALSE,6,484,556
2023-07-30,0,6,"aion",FALSE,6,490,562
2023-07-31,0,10,"aion",FALSE,10,500,572
2023-08-01,0,10,"aion",FALSE,10,510,582
2023-08-02,0,7,"aion",FALSE,7,517,589
2023-08-03,2,9,"aion",FALSE,7,524,598
2023-08-04,0,8,"aion",FALSE,8,532,606
2023-08-05,0,5,"aion",FALSE,5,537,611
2023-08-06,0,10,"aion",FALSE,10,547,621
2023-08-07,0,6,"aion",FALSE,6,553,627
2023-08-08,0,10,"aion",FALSE,10,563,637
2023-08-09,2,10,"aion",FALSE,8,571,647
2023-08-10,0,8,"aion",FALSE,8,579,655
2023-08-11,0,8,"aion",FALSE,8,587,663
2023-08-12,0,8,"aion",FALSE,8,595,671
2023-08-13,0,2,"aion",FALSE,2,597,673
2023-08-14,0,8,"aion",FALSE,8,605,681
2023-08-15,0,11,"aion",FALSE,11,616,692
2023-08-16,2,13,"aion",FALSE,11,627,705
2023-08-17,0,11,"aion",FALSE,11,638,716
2023-08-18,0,8,"aion",FALSE,8,646,724
2023-08-19,0,6,"aion",FALSE,6,652,730
2023-08-20,0,4,"aion",FALSE,4,656,734
2023-08-21,0,3,"aion",FALSE,3,659,737
2023-08-22,0,15,"aion",TRUE,1,660,752
2023-08-23,2,33,"aion",FALSE,1,661,785
2023-08-24,0,44,"aion",FALSE,44,705,829
2023-08-25,0,22,"aion",FALSE,22,727,851
2023-08-26,0,17,"aion",FALSE,17,744,868
2023-08-27,0,11,"aion",FALSE,11,755,879
2023-08-28,0,29,"aion",FALSE,29,784,908
2023-08-29,0,28,"aion",FALSE,28,812,936
2023-08-30,2,49,"aion",FALSE,47,859,985
2023-08-31,0,16,"aion",FALSE,16,875,1001
2023-09-01,0,14,"aion",FALSE,14,889,1015
2023-09-02,0,9,"aion",FALSE,9,898,1024
2023-09-03,0,10,"aion",FALSE,10,908,1034
2023-09-04,0,19,"aion",FALSE,19,927,1053
2023-09-05,0,14,"aion",FALSE,14,941,1067
2023-09-06,1,9,"aion",FALSE,8,949,1076
2023-09-07,0,18,"aion",FALSE,18,967,1094
2023-09-08,0,17,"aion",FALSE,17,984,1111
2023-09-09,0,5,"aion",FALSE,5,989,1116
2023-09-10,0,10,"aion",FALSE,10,999,1126
2023-09-11,0,7,"aion",FALSE,7,1006,1133
2023-09-12,0,9,"aion",FALSE,9,1015,1142
2023-09-13,0,12,"aion",FALSE,12,1027,1154
2023-09-14,0,8,"aion",FALSE,8,1035,1162
2023-09-15,0,20,"aion",FALSE,20,1055,1182
2023-09-16,0,10,"aion",FALSE,10,1065,1192
2023-09-17,0,3,"aion",FALSE,3,1068,1195
2023-09-18,0,8,"aion",FALSE,8,1076,1203
2023-09-19,0,14,"aion",FALSE,14,1090,1217
2023-09-20,0,16,"aion",FALSE,16,1106,1233
2023-09-21,0,10,"aion",FALSE,10,1116,1243
2023-09-22,0,18,"aion",FALSE,18,1134,1261
2023-09-23,0,6,"aion",FALSE,6,1140,1267
2023-09-24,0,3,"aion",FALSE,3,1143,1270
2023-09-25,0,15,"aion",FALSE,15,1158,1285
2023-09-26,0,6,"aion",FALSE,6,1164,1291
2023-09-27,2,11,"aion",FALSE,9,1173,1302
2023-09-28,0,15,"aion",FALSE,15,1188,1317
2023-09-29,0,5,"aion",FALSE,5,1193,1322
2023-09-30,0,5,"aion",FALSE,5,1198,1327
2023-10-01,0,8,"aion",FALSE,8,1206,1335
2023-10-02,0,11,"aion",FALSE,11,1217,1346
2023-10-03,0,11,"aion",FALSE,11,1228,1357
2023-10-04,1,22,"aion",FALSE,21,1249,1379
2023-10-05,0,15,"aion",FALSE,15,1264,1394
2023-10-06,0,11,"aion",FALSE,11,1275,1405
2023-10-07,0,10,"aion",FALSE,10,1285,1415
2023-10-08,0,4,"aion",FALSE,4,1289,1419
2023-10-09,0,7,"aion",FALSE,7,1296,1426
2023-10-10,0,10,"aion",FALSE,10,1306,1436
2023-10-11,0,9,"aion",FALSE,9,1315,1445
2023-10-12,0,15,"aion",FALSE,15,1330,1460
2023-10-13,0,9,"aion",FALSE,9,1339,1469
2023-10-14,0,17,"aion",FALSE,17,1356,1486
2023-10-15,0,8,"aion",FALSE,8,1364,1494
2023-10-16,0,15,"aion",FALSE,15,1379,1509
2023-10-17,0,12,"aion",FALSE,12,1391,1521
2023-10-18,1,18,"aion",FALSE,17,1408,1539
2023-10-19,0,15,"aion",FALSE,15,1423,1554
2023-10-20,0,20,"aion",FALSE,20,1443,1574
2023-10-21,0,8,"aion",FALSE,8,1451,1582
2023-10-22,0,6,"aion",FALSE,6,1457,1588
2023-10-23,0,7,"aion",FALSE,7,1464,1595
2023-10-24,0,9,"aion",FALSE,9,1473,1604
2023-10-25,1,18,"aion",FALSE,17,1490,1622
2023-10-26,0,20,"aion",TRUE,1,1491,1642
2023-10-27,0,42,"aion",FALSE,1,1492,1684
2023-10-28,0,11,"aion",FALSE,11,1503,1695
2023-10-29,0,10,"aion",FALSE,10,1513,1705
2023-10-30,0,48,"aion",FALSE,48,1561,1753
2023-10-31,0,18,"aion",FALSE,18,1579,1771
2023-11-01,1,19,"aion",FALSE,18,1597,1790
2023-11-02,0,23,"aion",FALSE,23,1620,1813
2023-11-03,0,31,"aion",FALSE,31,1651,1844
2023-11-04,0,9,"aion",FALSE,9,1660,1853
2023-11-05,0,15,"aion",FALSE,15,1675,1868
2023-11-06,0,24,"aion",FALSE,24,1699,1892
2023-11-07,0,13,"aion",FALSE,13,1712,1905
2023-11-08,2,32,"aion",FALSE,30,1742,1937
2023-11-09,0,16,"aion",FALSE,16,1758,1953
2023-11-10,0,7,"aion",FALSE,7,1765,1960
2023-11-11,0,4,"aion",FALSE,4,1769,1964
2023-11-12,0,5,"aion",FALSE,5,1774,1969
2023-11-13,0,18,"aion",FALSE,18,1792,1987
2023-11-14,0,10,"aion",FALSE,10,1802,1997
2023-11-15,2,17,"aion",FALSE,15,1817,2014
2023-11-16,0,9,"aion",FALSE,9,1826,2023
2023-11-17,0,21,"aion",FALSE,21,1847,2044
2023-11-18,0,12,"aion",FALSE,12,1859,2056
2023-11-19,0,12,"aion",FALSE,12,1871,2068
2023-11-20,0,25,"aion",FALSE,25,1896,2093
2023-11-21,0,9,"aion",FALSE,9,1905,2102
2023-11-22,1,14,"aion",FALSE,13,1918,2116
2023-11-23,0,13,"aion",FALSE,13,1931,2129
2023-11-24,0,26,"aion",FALSE,26,1957,2155
2023-11-25,0,11,"aion",FALSE,11,1968,2166
2023-11-26,0,12,"aion",FALSE,12,1980,2178
2023-11-27,0,8,"aion",FALSE,8,1988,2186
2023-11-28,0,13,"aion",FALSE,13,2001,2199
2023-11-29,3,22,"aion",FALSE,19,2020,2221
2023-11-30,0,18,"aion",FALSE,18,2038,2239
2023-12-01,0,17,"aion",FALSE,17,2055,2256
2023-12-02,0,9,"aion",FALSE,9,2064,2265
2023-12-03,0,5,"aion",FALSE,5,2069,2270
2023-12-04,0,14,"aion",FALSE,14,2083,2284
2023-12-05,0,12,"aion",FALSE,12,2095,2296
2023-12-06,2,15,"aion",FALSE,13,2108,2311
2023-12-07,0,16,"aion",FALSE,16,2124,2327
2023-12-08,0,7,"aion",FALSE,7,2131,2334
2023-12-09,0,12,"aion",FALSE,12,2143,2346
2023-12-10,0,7,"aion",FALSE,7,2150,2353
2023-12-11,0,10,"aion",FALSE,10,2160,2363
2023-12-12,0,11,"aion",FALSE,11,2171,2374
2023-12-13,0,10,"aion",FALSE,10,2181,2384
2023-12-14,0,7,"aion",FALSE,7,2188,2391
2023-12-15,2,22,"aion",FALSE,20,2208,2413
2023-12-16,0,5,"aion",FALSE,5,2213,2418
2023-12-17,0,7,"aion",FALSE,7,2220,2425
2023-12-18,0,5,"aion",FALSE,5,2225,2430
2023-12-19,0,24,"aion",FALSE,24,2249,2454
2023-12-20,0,17,"aion",FALSE,17,2266,2471
2023-12-21,0,7,"aion",FALSE,7,2273,2478
2023-12-22,0,6,"aion",FALSE,6,2279,2484
2023-12-23,0,1,"aion",FALSE,1,2280,2485
2023-12-24,0,12,"aion",FALSE,12,2292,2497
2023-12-25,0,14,"aion",FALSE,14,2306,2511
2023-12-26,0,6,"aion",FALSE,6,2312,2517
2023-12-27,2,12,"aion",FALSE,10,2322,2529
2023-12-28,0,7,"aion",FALSE,7,2329,2536
2023-12-29,0,7,"aion",FALSE,7,2336,2543
2023-12-30,0,3,"aion",FALSE,3,2339,2546
2023-12-31,0,3,"aion",FALSE,3,2342,2549
2024-01-01,0,3,"aion",FALSE,3,2345,2552
2024-01-02,0,7,"aion",FALSE,7,2352,2559
2024-01-03,1,17,"aion",FALSE,16,2368,2576
2024-01-04,0,9,"aion",FALSE,9,2377,2585
2024-01-05,0,6,"aion",FALSE,6,2383,2591
2024-01-06,0,4,"aion",FALSE,4,2387,2595
2024-01-07,0,5,"aion",FALSE,5,2392,2600
2024-01-08,0,10,"aion",FALSE,10,2402,2610
2024-01-09,0,10,"aion",FALSE,10,2412,2620
2024-01-10,2,16,"aion",FALSE,14,2426,2636
2024-01-11,0,7,"aion",FALSE,7,2433,2643
2024-01-12,0,40,"aion",FALSE,40,2473,2683
2024-01-13,0,9,"aion",FALSE,9,2482,2692
2024-01-14,0,8,"aion",FALSE,8,2490,2700
2024-01-15,0,7,"aion",FALSE,7,2497,2707
2024-01-16,0,14,"aion",FALSE,14,2511,2721
2024-01-17,2,14,"aion",FALSE,12,2523,2735
2024-01-18,0,18,"aion",FALSE,18,2541,2753
2024-01-19,0,5,"aion",FALSE,5,2546,2758
2024-01-20,0,7,"aion",FALSE,7,2553,2765
2024-01-21,0,4,"aion",FALSE,4,2557,2769
2024-01-22,0,15,"aion",FALSE,15,2572,2784
2024-01-23,0,24,"aion",FALSE,24,2596,2808
2024-01-24,10,92,"aion",FALSE,82,2678,2900
2024-01-25,1,85,"aion",FALSE,84,2762,2985
2024-01-26,0,9,"aion",FALSE,9,2771,2994
2024-01-27,0,1,"aion",FALSE,1,2772,2995
2024-01-28,0,2,"aion",FALSE,2,2774,2997
2024-01-29,0,17,"aion",FALSE,17,2791,3014
2024-01-30,0,18,"aion",FALSE,18,2809,3032
2024-01-31,2,21,"aion",FALSE,19,2828,3053
2024-02-01,0,4,"aion",FALSE,4,2832,3057
2024-02-02,0,16,"aion",FALSE,16,2848,3073
2024-02-03,0,21,"aion",FALSE,21,2869,3094
2024-02-04,0,9,"aion",FALSE,9,2878,3103
2024-02-05,0,9,"aion",FALSE,9,2887,3112
2024-02-06,0,12,"aion",FALSE,12,2899,3124
2024-02-07,2,13,"aion",FALSE,11,2910,3137
2024-02-08,0,8,"aion",FALSE,8,2918,3145
2024-02-09,0,7,"aion",FALSE,7,2925,3152
2024-02-10,0,3,"aion",FALSE,3,2928,3155
2024-02-11,0,3,"aion",FALSE,3,2931,3158
2024-02-12,0,8,"aion",FALSE,8,2939,3166
2024-02-13,0,14,"aion",FALSE,14,2953,3180
2024-02-14,2,11,"aion",FALSE,9,2962,3191
2024-02-15,0,6,"aion",FALSE,6,2968,3197
2024-02-16,0,11,"aion",FALSE,11,2979,3208
2024-02-17,0,8,"aion",FALSE,8,2987,3216
2024-02-18,0,9,"aion",FALSE,9,2996,3225
2024-02-19,0,11,"aion",FALSE,11,3007,3236
2024-02-20,0,9,"aion",FALSE,9,3016,3245
2024-02-21,2,11,"aion",FALSE,9,3025,3256
2024-02-22,0,12,"aion",FALSE,12,3037,3268
2024-02-23,0,14,"aion",FALSE,14,3051,3282
2024-02-24,0,6,"aion",FALSE,6,3057,3288
2024-02-25,0,4,"aion",FALSE,4,3061,3292
2024-02-26,0,10,"aion",FALSE,10,3071,3302
2024-02-27,0,13,"aion",FALSE,13,3084,3315
2024-02-28,2,20,"aion",FALSE,18,3102,3335
2024-02-29,0,13,"aion",FALSE,13,3115,3348
2024-03-01,1,17,"aion",FALSE,16,3131,3365
2024-03-02,0,7,"aion",FALSE,7,3138,3372
2024-03-03,0,9,"aion",FALSE,9,3147,3381
2024-03-04,0,22,"aion",FALSE,22,3169,3403
2024-03-05,0,15,"aion",FALSE,15,3184,3418
2024-03-06,1,14,"aion",FALSE,13,3197,3432
2024-03-07,0,10,"aion",FALSE,10,3207,3442
2024-03-08,0,12,"aion",FALSE,12,3219,3454
2024-03-09,0,8,"aion",FALSE,8,3227,3462
2024-03-10,0,12,"aion",FALSE,12,3239,3474
2024-03-11,0,7,"aion",FALSE,7,3246,3481
2024-03-12,0,9,"aion",FALSE,9,3255,3490
2024-03-13,2,16,"aion",FALSE,14,3269,3506
2024-03-14,0,9,"aion",FALSE,9,3278,3515
2024-03-15,0,10,"aion",FALSE,10,3288,3525
2024-03-16,0,10,"aion",FALSE,10,3298,3535
2024-03-17,0,4,"aion",FALSE,4,3302,3539
2024-03-18,0,13,"aion",FALSE,13,3315,3552
2024-03-19,0,12,"aion",FALSE,12,3327,3564
2024-03-20,0,9,"aion",FALSE,9,3336,3573
2024-03-21,2,17,"aion",FALSE,15,3351,3590
2024-03-22,0,12,"aion",FALSE,12,3363,3602
2024-03-23,0,7,"aion",FALSE,7,3370,3609
2024-03-24,0,7,"aion",FALSE,7,3377,3616
2024-03-25,0,9,"aion",FALSE,9,3386,3625
2024-03-26,0,11,"aion",FALSE,11,3397,3636
2024-03-27,2,21,"aion",FALSE,19,3416,3657
2024-03-28,0,32,"aion",FALSE,32,3448,3689
2024-03-29,0,13,"aion",FALSE,13,3461,3702
2024-03-30,0,8,"aion",FALSE,8,3469,3710
2024-03-31,0,7,"aion",FALSE,7,3476,3717
2024-04-01,0,15,"aion",FALSE,15,3491,3732
2024-04-02,0,11,"aion",FALSE,11,3502,3743
2024-04-03,2,21,"aion",FALSE,19,3521,3764
2024-04-04,0,14,"aion",FALSE,14,3535,3778
2024-04-05,0,12,"aion",FALSE,12,3547,3790
2024-04-06,0,2,"aion",FALSE,2,3549,3792
2024-04-07,0,3,"aion",FALSE,3,3552,3795
2024-04-08,0,7,"aion",FALSE,7,3559,3802
2024-04-09,0,10,"aion",FALSE,10,3569,3812
2024-04-10,2,12,"aion",FALSE,10,3579,3824
2024-04-11,0,7,"aion",FALSE,7,3586,3831
2024-04-12,0,6,"aion",FALSE,6,3592,3837
2024-04-13,0,7,"aion",FALSE,7,3599,3844
2024-04-14,0,2,"aion",FALSE,2,3601,3846
2024-04-15,0,13,"aion",FALSE,13,3614,3859
2024-04-16,0,8,"aion",FALSE,8,3622,3867
2024-04-17,2,18,"aion",FALSE,16,3638,3885
2024-04-18,0,17,"aion",FALSE,17,3655,3902
2024-04-19,0,6,"aion",FALSE,6,3661,3908
2024-04-20,0,11,"aion",FALSE,11,3672,3919
2024-04-21,0,9,"aion",FALSE,9,3681,3928
2024-04-22,0,12,"aion",FALSE,12,3693,3940
2024-04-23,0,5,"aion",FALSE,5,3698,3945
2024-04-24,0,15,"aion",FALSE,15,3713,3960
2024-04-25,0,13,"aion",FALSE,13,3726,3973
2024-04-26,0,18,"aion",FALSE,18,3744,3991
2024-04-27,0,11,"aion",FALSE,11,3755,4002
2024-04-28,0,14,"aion",FALSE,14,3769,4016
2024-04-29,0,16,"aion",FALSE,16,3785,4032
2024-04-30,0,11,"aion",FALSE,11,3796,4043
2024-05-01,2,9,"aion",FALSE,7,3803,4052
2024-05-02,0,18,"aion",FALSE,18,3821,4070
2024-05-03,0,16,"aion",FALSE,16,3837,4086
2024-05-04,0,6,"aion",FALSE,6,3843,4092
2024-05-05,0,3,"aion",FALSE,3,3846,4095
2024-05-06,0,16,"aion",FALSE,16,3862,4111
2024-05-07,0,16,"aion",FALSE,16,3878,4127
2024-05-08,2,30,"aion",FALSE,28,3906,4157
2024-05-09,0,11,"aion",FALSE,11,3917,4168
2024-05-10,0,10,"aion",FALSE,10,3927,4178
2024-05-11,0,11,"aion",FALSE,11,3938,4189
2024-05-12,0,10,"aion",FALSE,10,3948,4199
2024-05-13,0,13,"aion",FALSE,13,3961,4212
2024-05-14,0,11,"aion",FALSE,11,3972,4223
2024-05-15,2,21,"aion",FALSE,19,3991,4244
2024-05-16,0,16,"aion",FALSE,16,4007,4260
2024-05-17,0,9,"aion",FALSE,9,4016,4269
2024-05-18,0,7,"aion",FALSE,7,4023,4276
2024-05-19,0,4,"aion",FALSE,4,4027,4280
2024-05-20,0,8,"aion",FALSE,8,4035,4288
2024-05-21,0,9,"aion",FALSE,9,4044,4297
2024-05-22,2,24,"aion",FALSE,22,4066,4321
2024-05-23,0,8,"aion",FALSE,8,4074,4329
2024-05-24,0,9,"aion",FALSE,9,4083,4338
2024-05-25,0,5,"aion",FALSE,5,4088,4343
2024-05-26,0,4,"aion",FALSE,4,4092,4347
2024-05-27,0,7,"aion",FALSE,7,4099,4354
2024-05-28,0,13,"aion",FALSE,13,4112,4367
2024-05-29,3,22,"aion",FALSE,19,4131,4389
2024-05-30,0,13,"aion",FALSE,13,4144,4402
2024-05-31,0,16,"aion",FALSE,16,4160,4418
2024-06-01,0,15,"aion",FALSE,15,4175,4433
2024-06-02,0,21,"aion",FALSE,21,4196,4454
2024-06-03,0,12,"aion",FALSE,12,4208,4466
2024-06-04,0,24,"aion",FALSE,24,4232,4490
2024-06-05,2,25,"aion",FALSE,23,4255,4515
2024-06-06,0,7,"aion",FALSE,7,4262,4522
2024-06-07,0,9,"aion",FALSE,9,4271,4531
2024-06-08,0,6,"aion",FALSE,6,4277,4537
2024-06-09,0,3,"aion",FALSE,3,4280,4540
2024-06-10,0,7,"aion",FALSE,7,4287,4547
2024-06-11,0,15,"aion",FALSE,15,4302,4562
2024-06-12,2,11,"aion",FALSE,9,4311,4573
2024-06-13,0,4,"aion",FALSE,4,4315,4577
2024-06-14,0,12,"aion",FALSE,12,4327,4589
2024-06-15,0,6,"aion",FALSE,6,4333,4595
2024-06-16,0,11,"aion",FALSE,11,4344,4606
2024-06-17,0,18,"aion",FALSE,18,4362,4624
2024-06-18,0,12,"aion",FALSE,12,4374,4636
2024-06-19,2,27,"aion",FALSE,25,4399,4663
2024-06-20,0,8,"aion",FALSE,8,4407,4671
2024-06-21,0,12,"aion",FALSE,12,4419,4683
2024-06-22,0,5,"aion",FALSE,5,4424,4688
2024-06-23,0,12,"aion",FALSE,12,4436,4700
2024-06-24,0,11,"aion",FALSE,11,4447,4711
2024-06-25,0,20,"aion",FALSE,20,4467,4731
2024-06-26,0,16,"aion",FALSE,16,4483,4747
2024-06-27,0,17,"aion",FALSE,17,4500,4764
2024-06-28,0,8,"aion",FALSE,8,4508,4772
2024-06-29,0,6,"aion",FALSE,6,4514,4778
2024-06-30,0,6,"aion",FALSE,6,4520,4784
2024-07-01,0,20,"aion",FALSE,20,4540,4804
2024-07-02,0,9,"aion",FALSE,9,4549,4813
2024-07-03,2,15,"aion",FALSE,13,4562,4828
2024-07-04,0,16,"aion",FALSE,16,4578,4844
2024-07-05,0,10,"aion",FALSE,10,4588,4854
2024-07-06,0,5,"aion",FALSE,5,4593,4859
2024-07-07,0,3,"aion",FALSE,3,4596,4862
2024-07-08,0,6,"aion",FALSE,6,4602,4868
2024-07-09,0,8,"aion",FALSE,8,4610,4876
2024-07-10,0,12,"aion",FALSE,12,4622,4888
2024-07-11,0,11,"aion",FALSE,11,4633,4899
2024-07-12,0,11,"aion",FALSE,11,4644,4910
2024-07-13,0,8,"aion",FALSE,8,4652,4918
2024-07-14,0,9,"aion",FALSE,9,4661,4927
2024-07-15,0,13,"aion",FALSE,13,4674,4940
2024-07-16,0,10,"aion",FALSE,10,4684,4950
2024-07-17,3,17,"aion",FALSE,14,4698,4967
2024-07-18,0,12,"aion",FALSE,12,4710,4979
2024-07-19,0,9,"aion",FALSE,9,4719,4988
2024-07-20,0,3,"aion",FALSE,3,4722,4991
2024-07-21,0,5,"aion",FALSE,5,4727,4996
2024-07-22,0,15,"aion",FALSE,15,4742,5011
2024-07-23,0,23,"aion",FALSE,23,4765,5034
2024-07-24,2,26,"aion",FALSE,24,4789,5060
2024-07-25,0,17,"aion",FALSE,17,4806,5077
2024-07-26,0,33,"aion",TRUE,1,4807,5110
2024-07-27,0,29,"aion",FALSE,1,4808,5139
2024-07-28,0,21,"aion",FALSE,21,4829,5160
2024-07-29,0,57,"aion",FALSE,57,4886,5217
2024-07-30,0,21,"aion",FALSE,21,4907,5238
2024-07-31,0,31,"aion",FALSE,31,4938,5269
2024-08-01,1,32,"aion",FALSE,31,4969,5301
2024-08-02,0,11,"aion",FALSE,11,4980,5312
2024-08-03,0,9,"aion",FALSE,9,4989,5321
2024-08-04,0,24,"aion",FALSE,24,5013,5345
2024-08-05,0,27,"aion",FALSE,27,5040,5372
2024-08-06,0,22,"aion",FALSE,22,5062,5394
2024-08-07,0,18,"aion",FALSE,18,5080,5412
2024-08-08,2,16,"aion",FALSE,14,5094,5428
2024-08-09,0,9,"aion",FALSE,9,5103,5437
2024-08-10,0,7,"aion",FALSE,7,5110,5444
2024-08-11,0,7,"aion",FALSE,7,5117,5451
2024-08-12,0,17,"aion",FALSE,17,5134,5468
2024-08-13,0,13,"aion",FALSE,13,5147,5481
2024-08-14,0,18,"aion",FALSE,18,5165,5499
2024-08-15,2,28,"aion",FALSE,26,5191,5527
2024-08-16,0,16,"aion",FALSE,16,5207,5543
2024-08-17,0,7,"aion",FALSE,7,5214,5550
2024-08-18,0,8,"aion",FALSE,8,5222,5558
2024-08-19,0,19,"aion",FALSE,19,5241,5577
2024-08-20,0,20,"aion",FALSE,20,5261,5597
2024-08-21,0,26,"aion",FALSE,26,5287,5623
2024-08-22,0,32,"aion",FALSE,32,5319,5655
2024-08-23,0,19,"aion",FALSE,19,5338,5674
2024-08-24,0,13,"aion",FALSE,13,5351,5687
2024-08-25,0,8,"aion",FALSE,8,5359,5695
2024-08-26,0,14,"aion",FALSE,14,5373,5709
2024-08-27,0,39,"aion",FALSE,39,5412,5748
2024-08-28,2,66,"aion",FALSE,64,5476,5814
2024-08-29,0,13,"aion",FALSE,13,5489,5827
2024-08-30,0,24,"aion",FALSE,24,5513,5851
2024-08-31,0,5,"aion",FALSE,5,5518,5856
2024-09-01,0,7,"aion",FALSE,7,5525,5863
2024-09-02,0,11,"aion",FALSE,11,5536,5874
2024-09-03,0,28,"aion",FALSE,28,5564,5902
2024-09-04,2,23,"aion",FALSE,21,5585,5925
2024-09-05,0,20,"aion",FALSE,20,5605,5945
2024-09-06,0,13,"aion",FALSE,13,5618,5958
2024-09-07,0,12,"aion",FALSE,12,5630,5970
2024-09-08,0,4,"aion",FALSE,4,5634,5974
2024-09-09,0,9,"aion",FALSE,9,5643,5983
2024-09-10,0,27,"aion",FALSE,27,5670,6010
2024-09-11,3,35,"aion",FALSE,32,5702,6045
2024-09-12,0,16,"aion",FALSE,16,5718,6061
2024-09-13,0,9,"aion",FALSE,9,5727,6070
2024-09-14,0,8,"aion",FALSE,8,5735,6078
2024-09-15,0,5,"aion",FALSE,5,5740,6083
2024-09-16,0,12,"aion",FALSE,12,5752,6095
2024-09-17,0,6,"aion",FALSE,6,5758,6101
2024-09-18,2,20,"aion",FALSE,18,5776,6121
2024-09-19,0,18,"aion",FALSE,18,5794,6139
2024-09-20,0,19,"aion",FALSE,19,5813,6158
2024-09-21,0,14,"aion",FALSE,14,5827,6172
2024-09-22,0,4,"aion",FALSE,4,5831,6176
2024-09-23,0,12,"aion",FALSE,12,5843,6188
2024-09-24,0,26,"aion",FALSE,26,5869,6214
2024-09-25,0,18,"aion",FALSE,18,5887,6232
2024-09-26,1,24,"aion",FALSE,23,5910,6256
2024-09-27,0,17,"aion",FALSE,17,5927,6273
2024-09-28,1,16,"aion",FALSE,15,5942,6289
2024-09-29,0,0,"aion",FALSE,0,5942,6289
2024-09-30,0,0,"aion",FALSE,0,5942,6289
2022-09-14,9,0,"alkahest",FALSE,0,0,0
2022-09-15,0,4,"alkahest",TRUE,1,1,4
2022-09-16,0,10,"alkahest",FALSE,1,2,14
2022-09-17,3,18,"alkahest",FALSE,15,17,32
2022-09-18,0,7,"alkahest",FALSE,7,24,39
2022-09-19,0,11,"alkahest",FALSE,11,35,50
2022-09-20,3,29,"alkahest",FALSE,26,61,79
2022-09-21,0,7,"alkahest",FALSE,7,68,86
2022-09-22,0,19,"alkahest",FALSE,19,87,105
2022-09-23,3,24,"alkahest",FALSE,21,108,129
2022-09-24,0,3,"alkahest",FALSE,3,111,132
2022-09-25,0,11,"alkahest",FALSE,11,122,143
2022-09-26,3,21,"alkahest",FALSE,18,140,164
2022-09-27,0,7,"alkahest",FALSE,7,147,171
2022-09-28,0,4,"alkahest",FALSE,4,151,175
2022-09-29,3,14,"alkahest",FALSE,11,162,189
2022-09-30,0,3,"alkahest",FALSE,3,165,192
2022-10-01,0,6,"alkahest",FALSE,6,171,198
2022-10-02,3,6,"alkahest",FALSE,3,174,204
2022-10-03,1,10,"alkahest",FALSE,9,183,214
2022-10-04,0,16,"alkahest",FALSE,16,199,230
2022-10-05,3,8,"alkahest",FALSE,5,204,238
2022-10-06,0,9,"alkahest",FALSE,9,213,247
2022-10-07,0,12,"alkahest",FALSE,12,225,259
2022-10-08,3,11,"alkahest",FALSE,8,233,270
2022-10-09,0,2,"alkahest",FALSE,2,235,272
2022-10-10,0,12,"alkahest",FALSE,12,247,284
2022-10-11,0,14,"alkahest",FALSE,14,261,298
2022-10-12,3,13,"alkahest",FALSE,10,271,311
2022-10-13,0,11,"alkahest",FALSE,11,282,322
2022-10-14,0,10,"alkahest",FALSE,10,292,332
2022-10-15,3,9,"alkahest",FALSE,6,298,341
2022-10-16,0,4,"alkahest",FALSE,4,302,345
2022-10-17,0,39,"alkahest",FALSE,39,341,384
2022-10-18,3,15,"alkahest",FALSE,12,353,399
2022-10-19,0,7,"alkahest",FALSE,7,360,406
2022-10-20,3,10,"alkahest",FALSE,7,367,416
2022-10-21,0,6,"alkahest",FALSE,6,373,422
2022-10-22,0,16,"alkahest",FALSE,16,389,438
2022-10-23,3,6,"alkahest",FALSE,3,392,444
2022-10-24,0,15,"alkahest",FALSE,15,407,459
2022-10-25,0,11,"alkahest",FALSE,11,418,470
2022-10-26,3,8,"alkahest",FALSE,5,423,478
2022-10-27,0,4,"alkahest",FALSE,4,427,482
2022-10-28,0,17,"alkahest",FALSE,17,444,499
2022-10-29,0,13,"alkahest",FALSE,13,457,512
2022-10-30,0,3,"alkahest",FALSE,3,460,515
2022-10-31,0,6,"alkahest",FALSE,6,466,521
2022-11-01,0,7,"alkahest",FALSE,7,473,528
2022-11-02,1,10,"alkahest",FALSE,9,482,538
2022-11-03,3,10,"alkahest",FALSE,7,489,548
2022-11-04,0,3,"alkahest",FALSE,3,492,551
2022-11-05,3,5,"alkahest",FALSE,2,494,556
2022-11-06,0,4,"alkahest",FALSE,4,498,560
2022-11-07,3,10,"alkahest",FALSE,7,505,570
2022-11-08,0,17,"alkahest",FALSE,17,522,587
2022-11-09,0,12,"alkahest",FALSE,12,534,599
2022-11-10,3,8,"alkahest",FALSE,5,539,607
2022-11-11,0,6,"alkahest",FALSE,6,545,613
2022-11-12,0,12,"alkahest",FALSE,12,557,625
2022-11-13,0,7,"alkahest",FALSE,7,564,632
2022-11-14,3,6,"alkahest",FALSE,3,567,638
2022-11-15,0,9,"alkahest",FALSE,9,576,647
2022-11-16,0,5,"alkahest",FALSE,5,581,652
2022-11-17,3,8,"alkahest",FALSE,5,586,660
2022-11-18,7,13,"alkahest",FALSE,6,592,673
2022-11-19,0,5,"alkahest",FALSE,5,597,678
2022-11-20,0,6,"alkahest",FALSE,6,603,684
2022-11-21,3,10,"alkahest",FALSE,7,610,694
2022-11-22,1,5,"alkahest",FALSE,4,614,699
2022-11-23,0,11,"alkahest",FALSE,11,625,710
2022-11-24,0,6,"alkahest",FALSE,6,631,716
2022-11-25,0,12,"alkahest",FALSE,12,643,728
2022-11-26,0,12,"alkahest",FALSE,12,655,740
2022-11-27,0,10,"alkahest",FALSE,10,665,750
2022-11-28,3,6,"alkahest",FALSE,3,668,756
2022-11-29,0,5,"alkahest",FALSE,5,673,761
2022-11-30,0,7,"alkahest",FALSE,7,680,768
2022-12-01,0,12,"alkahest",FALSE,12,692,780
2022-12-02,0,4,"alkahest",FALSE,4,696,784
2022-12-03,0,2,"alkahest",FALSE,2,698,786
2022-12-04,0,3,"alkahest",FALSE,3,701,789
2022-12-05,0,7,"alkahest",FALSE,7,708,796
2022-12-06,2,3,"alkahest",FALSE,1,709,799
2022-12-07,0,8,"alkahest",FALSE,8,717,807
2022-12-08,0,6,"alkahest",FALSE,6,723,813
2022-12-09,0,8,"alkahest",FALSE,8,731,821
2022-12-10,0,2,"alkahest",FALSE,2,733,823
2022-12-11,0,6,"alkahest",FALSE,6,739,829
2022-12-12,0,5,"alkahest",FALSE,5,744,834
2022-12-13,0,7,"alkahest",FALSE,7,751,841
2022-12-14,0,2,"alkahest",FALSE,2,753,843
2022-12-15,0,10,"alkahest",FALSE,10,763,853
2022-12-16,4,7,"alkahest",FALSE,3,766,860
2022-12-17,0,4,"alkahest",FALSE,4,770,864
2022-12-18,0,3,"alkahest",FALSE,3,773,867
2022-12-19,0,3,"alkahest",FALSE,3,776,870
2022-12-20,0,7,"alkahest",FALSE,7,783,877
2022-12-21,0,15,"alkahest",FALSE,15,798,892
2022-12-22,0,4,"alkahest",FALSE,4,802,896
2022-12-23,0,12,"alkahest",FALSE,12,814,908
2022-12-24,2,1,"alkahest",FALSE,0,814,909
2022-12-25,1,9,"alkahest",FALSE,8,822,918
2022-12-26,0,2,"alkahest",FALSE,2,824,920
2022-12-27,0,7,"alkahest",FALSE,7,831,927
2022-12-28,0,5,"alkahest",FALSE,5,836,932
2022-12-29,0,6,"alkahest",FALSE,6,842,938
2022-12-30,0,5,"alkahest",FALSE,5,847,943
2022-12-31,0,6,"alkahest",FALSE,6,853,949
2023-01-01,0,2,"alkahest",FALSE,2,855,951
2023-01-02,0,4,"alkahest",FALSE,4,859,955
2023-01-03,0,8,"alkahest",FALSE,8,867,963
2023-01-04,3,9,"alkahest",FALSE,6,873,972
2023-01-05,0,9,"alkahest",FALSE,9,882,981
2023-01-06,1,5,"alkahest",FALSE,4,886,986
2023-01-07,0,8,"alkahest",FALSE,8,894,994
2023-01-08,0,4,"alkahest",FALSE,4,898,998
2023-01-09,0,9,"alkahest",FALSE,9,907,1007
2023-01-10,0,5,"alkahest",FALSE,5,912,1012
2023-01-11,0,7,"alkahest",FALSE,7,919,1019
2023-01-12,0,6,"alkahest",FALSE,6,925,1025
2023-01-13,0,8,"alkahest",FALSE,8,933,1033
2023-01-14,0,7,"alkahest",FALSE,7,940,1040
2023-01-15,0,12,"alkahest",FALSE,12,952,1052
2023-01-16,3,4,"alkahest",FALSE,1,953,1056
2023-01-17,7,13,"alkahest",FALSE,6,959,1069
2023-01-18,2,8,"alkahest",FALSE,6,965,1077
2023-01-19,0,15,"alkahest",FALSE,15,980,1092
2023-01-20,0,6,"alkahest",FALSE,6,986,1098
2023-01-21,2,6,"alkahest",FALSE,4,990,1104
2023-01-22,0,6,"alkahest",FALSE,6,996,1110
2023-01-23,0,9,"alkahest",FALSE,9,1005,1119
2023-01-24,0,8,"alkahest",FALSE,8,1013,1127
2023-01-25,0,6,"alkahest",FALSE,6,1019,1133
2023-01-26,0,9,"alkahest",FALSE,9,1028,1142
2023-01-27,0,5,"alkahest",FALSE,5,1033,1147
2023-01-28,0,5,"alkahest",FALSE,5,1038,1152
2023-01-29,0,4,"alkahest",FALSE,4,1042,1156
2023-01-30,0,5,"alkahest",FALSE,5,1047,1161
2023-01-31,0,5,"alkahest",FALSE,5,1052,1166
2023-02-01,0,6,"alkahest",FALSE,6,1058,1172
2023-02-02,5,9,"alkahest",FALSE,4,1062,1181
2023-02-03,0,3,"alkahest",FALSE,3,1065,1184
2023-02-04,0,5,"alkahest",FALSE,5,1070,1189
2023-02-05,0,6,"alkahest",FALSE,6,1076,1195
2023-02-06,0,8,"alkahest",FALSE,8,1084,1203
2023-02-07,0,18,"alkahest",FALSE,18,1102,1221
2023-02-08,0,13,"alkahest",FALSE,13,1115,1234
2023-02-09,0,8,"alkahest",FALSE,8,1123,1242
2023-02-10,0,9,"alkahest",FALSE,9,1132,1251
2023-02-11,0,8,"alkahest",FALSE,8,1140,1259
2023-02-12,0,5,"alkahest",FALSE,5,1145,1264
2023-02-13,0,5,"alkahest",FALSE,5,1150,1269
2023-02-14,0,14,"alkahest",FALSE,14,1164,1283
2023-02-15,3,11,"alkahest",FALSE,8,1172,1294
2023-02-16,0,4,"alkahest",FALSE,4,1176,1298
2023-02-17,0,8,"alkahest",FALSE,8,1184,1306
2023-02-18,0,1,"alkahest",FALSE,1,1185,1307
2023-02-19,2,1,"alkahest",FALSE,0,1185,1308
2023-02-20,0,3,"alkahest",FALSE,3,1188,1311
2023-02-21,0,7,"alkahest",FALSE,7,1195,1318
2023-02-22,0,11,"alkahest",FALSE,11,1206,1329
2023-02-23,1,9,"alkahest",FALSE,8,1214,1338
2023-02-24,0,5,"alkahest",FALSE,5,1219,1343
2023-02-25,0,1,"alkahest",FALSE,1,1220,1344
2023-02-26,0,3,"alkahest",FALSE,3,1223,1347
2023-02-27,0,14,"alkahest",FALSE,14,1237,1361
2023-02-28,0,10,"alkahest",FALSE,10,1247,1371
2023-03-01,0,18,"alkahest",FALSE,18,1265,1389
2023-03-02,0,4,"alkahest",FALSE,4,1269,1393
2023-03-03,0,8,"alkahest",FALSE,8,1277,1401
2023-03-04,0,4,"alkahest",FALSE,4,1281,1405
2023-03-05,0,5,"alkahest",FALSE,5,1286,1410
2023-03-06,3,6,"alkahest",FALSE,3,1289,1416
2023-03-07,0,8,"alkahest",FALSE,8,1297,1424
2023-03-08,0,6,"alkahest",FALSE,6,1303,1430
2023-03-09,3,7,"alkahest",FALSE,4,1307,1437
2023-03-10,2,8,"alkahest",FALSE,6,1313,1445
2023-03-11,0,9,"alkahest",FALSE,9,1322,1454
2023-03-12,0,6,"alkahest",FALSE,6,1328,1460
2023-03-13,0,15,"alkahest",FALSE,15,1343,1475
2023-03-14,0,4,"alkahest",FALSE,4,1347,1479
2023-03-15,5,7,"alkahest",FALSE,2,1349,1486
2023-03-16,3,14,"alkahest",FALSE,11,1360,1500
2023-03-17,0,4,"alkahest",FALSE,4,1364,1504
2023-03-18,2,3,"alkahest",FALSE,1,1365,1507
2023-03-19,0,7,"alkahest",FALSE,7,1372,1514
2023-03-20,8,19,"alkahest",FALSE,11,1383,1533
2023-03-21,0,14,"alkahest",FALSE,14,1397,1547
2023-03-22,2,9,"alkahest",FALSE,7,1404,1556
2023-03-23,0,7,"alkahest",FALSE,7,1411,1563
2023-03-24,0,8,"alkahest",FALSE,8,1419,1571
2023-03-25,1,4,"alkahest",FALSE,3,1422,1575
2023-03-26,0,9,"alkahest",FALSE,9,1431,1584
2023-03-27,4,12,"alkahest",FALSE,8,1439,1596
2023-03-28,0,16,"alkahest",FALSE,16,1455,1612
2023-03-29,2,9,"alkahest",FALSE,7,1462,1621
2023-03-30,0,6,"alkahest",FALSE,6,1468,1627
2023-03-31,0,5,"alkahest",FALSE,5,1473,1632
2023-04-01,0,4,"alkahest",FALSE,4,1477,1636
2023-04-02,3,5,"alkahest",FALSE,2,1479,1641
2023-04-03,0,7,"alkahest",FALSE,7,1486,1648
2023-04-04,0,5,"alkahest",FALSE,5,1491,1653
2023-04-05,0,8,"alkahest",FALSE,8,1499,1661
2023-04-06,0,10,"alkahest",FALSE,10,1509,1671
2023-04-07,0,10,"alkahest",FALSE,10,1519,1681
2023-04-08,3,7,"alkahest",FALSE,4,1523,1688
2023-04-09,0,7,"alkahest",FALSE,7,1530,1695
2023-04-10,0,6,"alkahest",FALSE,6,1536,1701
2023-04-11,0,9,"alkahest",FALSE,9,1545,1710
2023-04-12,2,14,"alkahest",FALSE,12,1557,1724
2023-04-13,1,7,"alkahest",FALSE,6,1563,1731
2023-04-14,3,9,"alkahest",FALSE,6,1569,1740
2023-04-15,0,6,"alkahest",FALSE,6,1575,1746
2023-04-16,0,1,"alkahest",FALSE,1,1576,1747
2023-04-17,0,10,"alkahest",FALSE,10,1586,1757
2023-04-18,0,10,"alkahest",FALSE,10,1596,1767
2023-04-19,9,19,"alkahest",FALSE,10,1606,1786
2023-04-20,0,11,"alkahest",FALSE,11,1617,1797
2023-04-21,3,7,"alkahest",FALSE,4,1621,1804
2023-04-22,0,13,"alkahest",FALSE,13,1634,1817
2023-04-23,0,3,"alkahest",FALSE,3,1637,1820
2023-04-24,0,13,"alkahest",FALSE,13,1650,1833
2023-04-25,0,5,"alkahest",FALSE,5,1655,1838
2023-04-26,2,10,"alkahest",FALSE,8,1663,1848
2023-04-27,0,13,"alkahest",FALSE,13,1676,1861
2023-04-28,0,9,"alkahest",FALSE,9,1685,1870
2023-04-29,0,4,"alkahest",FALSE,4,1689,1874
2023-04-30,0,3,"alkahest",FALSE,3,1692,1877
2023-05-01,0,5,"alkahest",FALSE,5,1697,1882
2023-05-02,0,4,"alkahest",FALSE,4,1701,1886
2023-05-03,2,6,"alkahest",FALSE,4,1705,1892
2023-05-04,0,4,"alkahest",FALSE,4,1709,1896
2023-05-05,0,6,"alkahest",FALSE,6,1715,1902
2023-05-06,0,10,"alkahest",FALSE,10,1725,1912
2023-05-07,0,5,"alkahest",FALSE,5,1730,1917
2023-05-08,0,20,"alkahest",FALSE,20,1750,1937
2023-05-09,0,7,"alkahest",FALSE,7,1757,1944
2023-05-10,2,14,"alkahest",FALSE,12,1769,1958
2023-05-11,0,12,"alkahest",FALSE,12,1781,1970
2023-05-12,0,11,"alkahest",FALSE,11,1792,1981
2023-05-13,0,11,"alkahest",FALSE,11,1803,1992
2023-05-14,0,7,"alkahest",FALSE,7,1810,1999
2023-05-15,2,4,"alkahest",FALSE,2,1812,2003
2023-05-16,0,14,"alkahest",FALSE,14,1826,2017
2023-05-17,2,10,"alkahest",FALSE,8,1834,2027
2023-05-18,0,15,"alkahest",TRUE,1,1835,2042
2023-05-19,0,7,"alkahest",FALSE,1,1836,2049
2023-05-20,0,31,"alkahest",FALSE,31,1867,2080
2023-05-21,0,6,"alkahest",FALSE,6,1873,2086
2023-05-22,0,17,"alkahest",FALSE,17,1890,2103
2023-05-23,0,23,"alkahest",FALSE,23,1913,2126
2023-05-24,2,27,"alkahest",FALSE,25,1938,2153
2023-05-25,0,15,"alkahest",FALSE,15,1953,2168
2023-05-26,0,12,"alkahest",FALSE,12,1965,2180
2023-05-27,0,6,"alkahest",FALSE,6,1971,2186
2023-05-28,0,6,"alkahest",FALSE,6,1977,2192
2023-05-29,0,6,"alkahest",FALSE,6,1983,2198
2023-05-30,0,10,"alkahest",FALSE,10,1993,2208
2023-05-31,0,11,"alkahest",FALSE,11,2004,2219
2023-06-01,1,20,"alkahest",FALSE,19,2023,2239
2023-06-02,0,14,"alkahest",FALSE,14,2037,2253
2023-06-03,0,6,"alkahest",FALSE,6,2043,2259
2023-06-04,0,9,"alkahest",FALSE,9,2052,2268
2023-06-05,0,6,"alkahest",FALSE,6,2058,2274
2023-06-06,0,8,"alkahest",FALSE,8,2066,2282
2023-06-07,0,4,"alkahest",FALSE,4,2070,2286
2023-06-08,2,12,"alkahest",FALSE,10,2080,2298
2023-06-09,0,14,"alkahest",FALSE,14,2094,2312
2023-06-10,0,4,"alkahest",FALSE,4,2098,2316
2023-06-11,0,9,"alkahest",FALSE,9,2107,2325
2023-06-12,0,9,"alkahest",FALSE,9,2116,2334
2023-06-13,0,18,"alkahest",TRUE,1,2117,2352
2023-06-14,0,11,"alkahest",FALSE,1,2118,2363
2023-06-15,2,17,"alkahest",FALSE,15,2133,2380
2023-06-16,0,41,"alkahest",FALSE,41,2174,2421
2023-06-17,0,10,"alkahest",FALSE,10,2184,2431
2023-06-18,0,5,"alkahest",FALSE,5,2189,2436
2023-06-19,0,20,"alkahest",FALSE,20,2209,2456
2023-06-20,0,17,"alkahest",FALSE,17,2226,2473
2023-06-21,2,14,"alkahest",FALSE,12,2238,2487
2023-06-22,0,13,"alkahest",FALSE,13,2251,2500
2023-06-23,0,8,"alkahest",FALSE,8,2259,2508
2023-06-24,0,5,"alkahest",FALSE,5,2264,2513
2023-06-25,0,13,"alkahest",FALSE,13,2277,2526
2023-06-26,0,12,"alkahest",FALSE,12,2289,2538
2023-06-27,0,10,"alkahest",FALSE,10,2299,2548
2023-06-28,2,15,"alkahest",FALSE,13,2312,2563
2023-06-29,0,24,"alkahest",FALSE,24,2336,2587
2023-06-30,0,9,"alkahest",FALSE,9,2345,2596
2023-07-01,0,6,"alkahest",FALSE,6,2351,2602
2023-07-02,0,3,"alkahest",FALSE,3,2354,2605
2023-07-03,0,12,"alkahest",FALSE,12,2366,2617
2023-07-04,0,7,"alkahest",FALSE,7,2373,2624
2023-07-05,1,13,"alkahest",FALSE,12,2385,2637
2023-07-06,0,21,"alkahest",FALSE,21,2406,2658
2023-07-07,0,20,"alkahest",FALSE,20,2426,2678
2023-07-08,0,6,"alkahest",FALSE,6,2432,2684
2023-07-09,0,4,"alkahest",FALSE,4,2436,2688
2023-07-10,0,11,"alkahest",FALSE,11,2447,2699
2023-07-11,0,6,"alkahest",FALSE,6,2453,2705
2023-07-12,2,13,"alkahest",FALSE,11,2464,2718
2023-07-13,0,5,"alkahest",FALSE,5,2469,2723
2023-07-14,0,9,"alkahest",FALSE,9,2478,2732
2023-07-15,0,5,"alkahest",FALSE,5,2483,2737
2023-07-16,0,5,"alkahest",FALSE,5,2488,2742
2023-07-17,0,11,"alkahest",FALSE,11,2499,2753
2023-07-18,0,16,"alkahest",FALSE,16,2515,2769
2023-07-19,2,13,"alkahest",FALSE,11,2526,2782
2023-07-20,0,7,"alkahest",FALSE,7,2533,2789
2023-07-21,0,10,"alkahest",FALSE,10,2543,2799
2023-07-22,0,4,"alkahest",FALSE,4,2547,2803
2023-07-23,0,1,"alkahest",FALSE,1,2548,2804
2023-07-24,0,5,"alkahest",FALSE,5,2553,2809
2023-07-25,0,12,"alkahest",FALSE,12,2565,2821
2023-07-26,3,13,"alkahest",FALSE,10,2575,2834
2023-07-27,0,8,"alkahest",FALSE,8,2583,2842
2023-07-28,0,6,"alkahest",FALSE,6,2589,2848
2023-07-29,0,6,"alkahest",FALSE,6,2595,2854
2023-07-30,0,7,"alkahest",FALSE,7,2602,2861
2023-07-31,0,10,"alkahest",FALSE,10,2612,2871
2023-08-01,0,9,"alkahest",FALSE,9,2621,2880
2023-08-02,0,5,"alkahest",FALSE,5,2626,2885
2023-08-03,2,11,"alkahest",FALSE,9,2635,2896
2023-08-04,0,4,"alkahest",FALSE,4,2639,2900
2023-08-05,0,4,"alkahest",FALSE,4,2643,2904
2023-08-06,0,8,"alkahest",FALSE,8,2651,2912
2023-08-07,0,5,"alkahest",FALSE,5,2656,2917
2023-08-08,0,10,"alkahest",FALSE,10,2666,2927
2023-08-09,2,12,"alkahest",FALSE,10,2676,2939
2023-08-10,0,7,"alkahest",FALSE,7,2683,2946
2023-08-11,0,14,"alkahest",FALSE,14,2697,2960
2023-08-12,0,6,"alkahest",FALSE,6,2703,2966
2023-08-13,0,2,"alkahest",FALSE,2,2705,2968
2023-08-14,0,7,"alkahest",FALSE,7,2712,2975
2023-08-15,0,10,"alkahest",FALSE,10,2722,2985
2023-08-16,2,17,"alkahest",FALSE,15,2737,3002
2023-08-17,0,11,"alkahest",FALSE,11,2748,3013
2023-08-18,0,8,"alkahest",FALSE,8,2756,3021
2023-08-19,0,7,"alkahest",FALSE,7,2763,3028
2023-08-20,0,4,"alkahest",FALSE,4,2767,3032
2023-08-21,0,3,"alkahest",FALSE,3,2770,3035
2023-08-22,0,4,"alkahest",FALSE,4,2774,3039
2023-08-23,2,13,"alkahest",FALSE,11,2785,3052
2023-08-24,0,9,"alkahest",FALSE,9,2794,3061
2023-08-25,0,9,"alkahest",FALSE,9,2803,3070
2023-08-26,0,3,"alkahest",FALSE,3,2806,3073
2023-08-27,0,7,"alkahest",FALSE,7,2813,3080
2023-08-28,0,7,"alkahest",FALSE,7,2820,3087
2023-08-29,0,8,"alkahest",FALSE,8,2828,3095
2023-08-30,2,14,"alkahest",FALSE,12,2840,3109
2023-08-31,0,7,"alkahest",FALSE,7,2847,3116
2023-09-01,0,7,"alkahest",FALSE,7,2854,3123
2023-09-02,0,4,"alkahest",FALSE,4,2858,3127
2023-09-03,0,7,"alkahest",FALSE,7,2865,3134
2023-09-04,0,5,"alkahest",FALSE,5,2870,3139
2023-09-05,0,6,"alkahest",FALSE,6,2876,3145
2023-09-06,1,8,"alkahest",FALSE,7,2883,3153
2023-09-07,0,11,"alkahest",FALSE,11,2894,3164
2023-09-08,0,7,"alkahest",FALSE,7,2901,3171
2023-09-09,0,4,"alkahest",FALSE,4,2905,3175
2023-09-10,0,7,"alkahest",FALSE,7,2912,3182
2023-09-11,0,5,"alkahest",FALSE,5,2917,3187
2023-09-12,0,5,"alkahest",FALSE,5,2922,3192
2023-09-13,0,8,"alkahest",FALSE,8,2930,3200
2023-09-14,0,6,"alkahest",FALSE,6,2936,3206
2023-09-15,0,14,"alkahest",FALSE,14,2950,3220
2023-09-16,0,6,"alkahest",FALSE,6,2956,3226
2023-09-17,0,1,"alkahest",FALSE,1,2957,3227
2023-09-18,0,9,"alkahest",FALSE,9,2966,3236
2023-09-19,0,10,"alkahest",FALSE,10,2976,3246
2023-09-20,0,10,"alkahest",FALSE,10,2986,3256
2023-09-21,0,7,"alkahest",FALSE,7,2993,3263
2023-09-22,0,13,"alkahest",FALSE,13,3006,3276
2023-09-23,0,3,"alkahest",FALSE,3,3009,3279
2023-09-24,0,2,"alkahest",FALSE,2,3011,3281
2023-09-25,0,7,"alkahest",FALSE,7,3018,3288
2023-09-26,0,3,"alkahest",FALSE,3,3021,3291
2023-09-27,2,13,"alkahest",FALSE,11,3032,3304
2023-09-28,0,12,"alkahest",FALSE,12,3044,3316
2023-09-29,0,6,"alkahest",FALSE,6,3050,3322
2023-09-30,0,4,"alkahest",FALSE,4,3054,3326
2023-10-01,0,4,"alkahest",FALSE,4,3058,3330
2023-10-02,0,8,"alkahest",FALSE,8,3066,3338
2023-10-03,0,2,"alkahest",FALSE,2,3068,3340
2023-10-04,1,13,"alkahest",FALSE,12,3080,3353
2023-10-05,0,12,"alkahest",FALSE,12,3092,3365
2023-10-06,0,7,"alkahest",FALSE,7,3099,3372
2023-10-07,0,2,"alkahest",FALSE,2,3101,3374
2023-10-08,0,4,"alkahest",FALSE,4,3105,3378
2023-10-09,0,8,"alkahest",FALSE,8,3113,3386
2023-10-10,0,5,"alkahest",FALSE,5,3118,3391
2023-10-11,0,9,"alkahest",FALSE,9,3127,3400
2023-10-12,0,8,"alkahest",FALSE,8,3135,3408
2023-10-13,0,2,"alkahest",FALSE,2,3137,3410
2023-10-14,0,9,"alkahest",FALSE,9,3146,3419
2023-10-15,0,5,"alkahest",FALSE,5,3151,3424
2023-10-16,0,14,"alkahest",FALSE,14,3165,3438
2023-10-17,0,11,"alkahest",FALSE,11,3176,3449
2023-10-18,1,10,"alkahest",FALSE,9,3185,3459
2023-10-19,0,11,"alkahest",FALSE,11,3196,3470
2023-10-20,0,4,"alkahest",FALSE,4,3200,3474
2023-10-21,0,5,"alkahest",FALSE,5,3205,3479
2023-10-22,0,9,"alkahest",FALSE,9,3214,3488
2023-10-23,0,8,"alkahest",FALSE,8,3222,3496
2023-10-24,0,4,"alkahest",FALSE,4,3226,3500
2023-10-25,1,12,"alkahest",FALSE,11,3237,3512
2023-10-26,0,14,"alkahest",FALSE,14,3251,3526
2023-10-27,0,6,"alkahest",FALSE,6,3257,3532
2023-10-28,0,8,"alkahest",FALSE,8,3265,3540
2023-10-29,0,6,"alkahest",FALSE,6,3271,3546
2023-10-30,0,3,"alkahest",FALSE,3,3274,3549
2023-10-31,0,14,"alkahest",FALSE,14,3288,3563
2023-11-01,1,8,"alkahest",FALSE,7,3295,3571
2023-11-02,0,17,"alkahest",FALSE,17,3312,3588
2023-11-03,0,10,"alkahest",FALSE,10,3322,3598
2023-11-04,0,10,"alkahest",FALSE,10,3332,3608
2023-11-05,0,6,"alkahest",FALSE,6,3338,3614
2023-11-06,0,11,"alkahest",FALSE,11,3349,3625
2023-11-07,0,10,"alkahest",FALSE,10,3359,3635
2023-11-08,2,18,"alkahest",FALSE,16,3375,3653
2023-11-09,0,11,"alkahest",FALSE,11,3386,3664
2023-11-10,0,5,"alkahest",FALSE,5,3391,3669
2023-11-11,0,4,"alkahest",FALSE,4,3395,3673
2023-11-12,0,2,"alkahest",FALSE,2,3397,3675
2023-11-13,0,12,"alkahest",FALSE,12,3409,3687
2023-11-14,0,7,"alkahest",FALSE,7,3416,3694
2023-11-15,2,18,"alkahest",FALSE,16,3432,3712
2023-11-16,0,10,"alkahest",FALSE,10,3442,3722
2023-11-17,0,9,"alkahest",FALSE,9,3451,3731
2023-11-18,0,8,"alkahest",FALSE,8,3459,3739
2023-11-19,0,6,"alkahest",FALSE,6,3465,3745
2023-11-20,0,9,"alkahest",FALSE,9,3474,3754
2023-11-21,0,6,"alkahest",FALSE,6,3480,3760
2023-11-22,1,7,"alkahest",FALSE,6,3486,3767
2023-11-23,0,4,"alkahest",FALSE,4,3490,3771
2023-11-24,0,5,"alkahest",FALSE,5,3495,3776
2023-11-25,0,2,"alkahest",FALSE,2,3497,3778
2023-11-26,0,2,"alkahest",FALSE,2,3499,3780
2023-11-27,0,3,"alkahest",FALSE,3,3502,3783
2023-11-28,0,8,"alkahest",FALSE,8,3510,3791
2023-11-29,3,12,"alkahest",FALSE,9,3519,3803
2023-11-30,0,11,"alkahest",FALSE,11,3530,3814
2023-12-01,0,8,"alkahest",FALSE,8,3538,3822
2023-12-02,0,1,"alkahest",FALSE,1,3539,3823
2023-12-03,0,5,"alkahest",FALSE,5,3544,3828
2023-12-04,0,5,"alkahest",FALSE,5,3549,3833
2023-12-05,0,5,"alkahest",FALSE,5,3554,3838
2023-12-06,2,14,"alkahest",FALSE,12,3566,3852
2023-12-07,0,12,"alkahest",FALSE,12,3578,3864
2023-12-08,0,4,"alkahest",FALSE,4,3582,3868
2023-12-09,0,7,"alkahest",FALSE,7,3589,3875
2023-12-10,0,9,"alkahest",FALSE,9,3598,3884
2023-12-11,0,9,"alkahest",FALSE,9,3607,3893
2023-12-12,0,9,"alkahest",FALSE,9,3616,3902
2023-12-13,0,7,"alkahest",FALSE,7,3623,3909
2023-12-14,0,5,"alkahest",FALSE,5,3628,3914
2023-12-15,2,12,"alkahest",FALSE,10,3638,3926
2023-12-16,0,4,"alkahest",FALSE,4,3642,3930
2023-12-17,0,6,"alkahest",FALSE,6,3648,3936
2023-12-18,0,4,"alkahest",FALSE,4,3652,3940
2023-12-19,0,2,"alkahest",FALSE,2,3654,3942
2023-12-20,0,18,"alkahest",FALSE,18,3672,3960
2023-12-21,0,5,"alkahest",FALSE,5,3677,3965
2023-12-22,0,7,"alkahest",FALSE,7,3684,3972
2023-12-23,0,2,"alkahest",FALSE,2,3686,3974
2023-12-24,0,6,"alkahest",FALSE,6,3692,3980
2023-12-25,0,4,"alkahest",FALSE,4,3696,3984
2023-12-26,0,5,"alkahest",FALSE,5,3701,3989
2023-12-27,2,10,"alkahest",FALSE,8,3709,3999
2023-12-28,0,3,"alkahest",FALSE,3,3712,4002
2023-12-29,0,1,"alkahest",FALSE,1,3713,4003
2023-12-30,0,2,"alkahest",FALSE,2,3715,4005
2023-12-31,0,3,"alkahest",FALSE,3,3718,4008
2024-01-01,0,2,"alkahest",FALSE,2,3720,4010
2024-01-02,0,3,"alkahest",FALSE,3,3723,4013
2024-01-03,1,6,"alkahest",FALSE,5,3728,4019
2024-01-04,0,3,"alkahest",FALSE,3,3731,4022
2024-01-05,0,2,"alkahest",FALSE,2,3733,4024
2024-01-06,0,10,"alkahest",FALSE,10,3743,4034
2024-01-07,0,4,"alkahest",FALSE,4,3747,4038
2024-01-08,0,8,"alkahest",FALSE,8,3755,4046
2024-01-09,0,9,"alkahest",FALSE,9,3764,4055
2024-01-10,2,12,"alkahest",FALSE,10,3774,4067
2024-01-11,0,4,"alkahest",FALSE,4,3778,4071
2024-01-12,0,8,"alkahest",FALSE,8,3786,4079
2024-01-13,0,10,"alkahest",FALSE,10,3796,4089
2024-01-14,0,6,"alkahest",FALSE,6,3802,4095
2024-01-15,0,7,"alkahest",FALSE,7,3809,4102
2024-01-16,0,14,"alkahest",FALSE,14,3823,4116
2024-01-17,2,13,"alkahest",FALSE,11,3834,4129
2024-01-18,0,17,"alkahest",FALSE,17,3851,4146
2024-01-19,0,7,"alkahest",FALSE,7,3858,4153
2024-01-20,0,8,"alkahest",FALSE,8,3866,4161
2024-01-21,0,3,"alkahest",FALSE,3,3869,4164
2024-01-22,0,9,"alkahest",FALSE,9,3878,4173
2024-01-23,0,20,"alkahest",FALSE,20,3898,4193
2024-01-24,10,108,"alkahest",FALSE,98,3996,4301
2024-01-25,1,96,"alkahest",FALSE,95,4091,4397
2024-01-26,0,7,"alkahest",FALSE,7,4098,4404
2024-01-27,0,2,"alkahest",FALSE,2,4100,4406
2024-01-28,0,1,"alkahest",FALSE,1,4101,4407
2024-01-29,0,18,"alkahest",FALSE,18,4119,4425
2024-01-30,0,20,"alkahest",FALSE,20,4139,4445
2024-01-31,2,13,"alkahest",FALSE,11,4150,4458
2024-02-01,0,9,"alkahest",FALSE,9,4159,4467
2024-02-02,0,7,"alkahest",FALSE,7,4166,4474
2024-02-03,0,3,"alkahest",FALSE,3,4169,4477
2024-02-04,0,8,"alkahest",FALSE,8,4177,4485
2024-02-05,0,6,"alkahest",FALSE,6,4183,4491
2024-02-06,0,6,"alkahest",FALSE,6,4189,4497
2024-02-07,2,10,"alkahest",FALSE,8,4197,4507
2024-02-08,0,6,"alkahest",FALSE,6,4203,4513
2024-02-09,0,5,"alkahest",FALSE,5,4208,4518
2024-02-10,0,3,"alkahest",FALSE,3,4211,4521
2024-02-11,0,1,"alkahest",FALSE,1,4212,4522
2024-02-12,0,5,"alkahest",FALSE,5,4217,4527
2024-02-13,0,9,"alkahest",FALSE,9,4226,4536
2024-02-14,2,10,"alkahest",FALSE,8,4234,4546
2024-02-15,0,5,"alkahest",FALSE,5,4239,4551
2024-02-16,0,7,"alkahest",FALSE,7,4246,4558
2024-02-17,0,5,"alkahest",FALSE,5,4251,4563
2024-02-18,0,4,"alkahest",FALSE,4,4255,4567
2024-02-19,0,7,"alkahest",FALSE,7,4262,4574
2024-02-20,0,8,"alkahest",FALSE,8,4270,4582
2024-02-21,2,9,"alkahest",FALSE,7,4277,4591
2024-02-22,0,7,"alkahest",FALSE,7,4284,4598
2024-02-23,0,7,"alkahest",FALSE,7,4291,4605
2024-02-24,0,4,"alkahest",FALSE,4,4295,4609
2024-02-25,0,3,"alkahest",FALSE,3,4298,4612
2024-02-26,0,7,"alkahest",FALSE,7,4305,4619
2024-02-27,0,9,"alkahest",FALSE,9,4314,4628
2024-02-28,2,15,"alkahest",FALSE,13,4327,4643
2024-02-29,0,11,"alkahest",FALSE,11,4338,4654
2024-03-01,1,12,"alkahest",FALSE,11,4349,4666
2024-03-02,0,5,"alkahest",FALSE,5,4354,4671
2024-03-03,0,5,"alkahest",FALSE,5,4359,4676
2024-03-04,0,10,"alkahest",FALSE,10,4369,4686
2024-03-05,0,13,"alkahest",FALSE,13,4382,4699
2024-03-06,1,14,"alkahest",FALSE,13,4395,4713
2024-03-07,0,10,"alkahest",FALSE,10,4405,4723
2024-03-08,0,6,"alkahest",FALSE,6,4411,4729
2024-03-09,0,7,"alkahest",FALSE,7,4418,4736
2024-03-10,0,8,"alkahest",FALSE,8,4426,4744
2024-03-11,0,7,"alkahest",FALSE,7,4433,4751
2024-03-12,0,10,"alkahest",FALSE,10,4443,4761
2024-03-13,2,13,"alkahest",FALSE,11,4454,4774
2024-03-14,0,8,"alkahest",FALSE,8,4462,4782
2024-03-15,0,9,"alkahest",FALSE,9,4471,4791
2024-03-16,0,10,"alkahest",FALSE,10,4481,4801
2024-03-17,0,4,"alkahest",FALSE,4,4485,4805
2024-03-18,0,6,"alkahest",FALSE,6,4491,4811
2024-03-19,0,8,"alkahest",FALSE,8,4499,4819
2024-03-20,0,8,"alkahest",FALSE,8,4507,4827
2024-03-21,2,13,"alkahest",FALSE,11,4518,4840
2024-03-22,0,8,"alkahest",FALSE,8,4526,4848
2024-03-23,0,5,"alkahest",FALSE,5,4531,4853
2024-03-24,0,9,"alkahest",FALSE,9,4540,4862
2024-03-25,0,8,"alkahest",FALSE,8,4548,4870
2024-03-26,0,7,"alkahest",FALSE,7,4555,4877
2024-03-27,2,12,"alkahest",FALSE,10,4565,4889
2024-03-28,0,17,"alkahest",FALSE,17,4582,4906
2024-03-29,0,8,"alkahest",FALSE,8,4590,4914
2024-03-30,0,8,"alkahest",FALSE,8,4598,4922
2024-03-31,0,5,"alkahest",FALSE,5,4603,4927
2024-04-01,0,14,"alkahest",FALSE,14,4617,4941
2024-04-02,0,14,"alkahest",FALSE,14,4631,4955
2024-04-03,2,17,"alkahest",FALSE,15,4646,4972
2024-04-04,0,12,"alkahest",FALSE,12,4658,4984
2024-04-05,0,8,"alkahest",FALSE,8,4666,4992
2024-04-06,0,1,"alkahest",FALSE,1,4667,4993
2024-04-07,0,9,"alkahest",FALSE,9,4676,5002
2024-04-08,0,7,"alkahest",FALSE,7,4683,5009
2024-04-09,0,6,"alkahest",FALSE,6,4689,5015
2024-04-10,2,11,"alkahest",FALSE,9,4698,5026
2024-04-11,0,4,"alkahest",FALSE,4,4702,5030
2024-04-12,0,5,"alkahest",FALSE,5,4707,5035
2024-04-13,0,6,"alkahest",FALSE,6,4713,5041
2024-04-14,0,1,"alkahest",FALSE,1,4714,5042
2024-04-15,0,10,"alkahest",FALSE,10,4724,5052
2024-04-16,0,5,"alkahest",FALSE,5,4729,5057
2024-04-17,2,15,"alkahest",FALSE,13,4742,5072
2024-04-18,0,12,"alkahest",FALSE,12,4754,5084
2024-04-19,0,4,"alkahest",FALSE,4,4758,5088
2024-04-20,0,8,"alkahest",FALSE,8,4766,5096
2024-04-21,0,10,"alkahest",FALSE,10,4776,5106
2024-04-22,0,10,"alkahest",FALSE,10,4786,5116
2024-04-23,0,11,"alkahest",FALSE,11,4797,5127
2024-04-24,0,13,"alkahest",FALSE,13,4810,5140
2024-04-25,0,15,"alkahest",FALSE,15,4825,5155
2024-04-26,0,13,"alkahest",FALSE,13,4838,5168
2024-04-27,0,6,"alkahest",FALSE,6,4844,5174
2024-04-28,0,7,"alkahest",FALSE,7,4851,5181
2024-04-29,0,15,"alkahest",FALSE,15,4866,5196
2024-04-30,0,9,"alkahest",FALSE,9,4875,5205
2024-05-01,2,13,"alkahest",FALSE,11,4886,5218
2024-05-02,0,12,"alkahest",FALSE,12,4898,5230
2024-05-03,0,11,"alkahest",FALSE,11,4909,5241
2024-05-04,0,5,"alkahest",FALSE,5,4914,5246
2024-05-05,0,3,"alkahest",FALSE,3,4917,5249
2024-05-06,0,15,"alkahest",FALSE,15,4932,5264
2024-05-07,0,10,"alkahest",FALSE,10,4942,5274
2024-05-08,2,25,"alkahest",FALSE,23,4965,5299
2024-05-09,0,5,"alkahest",FALSE,5,4970,5304
2024-05-10,0,7,"alkahest",FALSE,7,4977,5311
2024-05-11,0,7,"alkahest",FALSE,7,4984,5318
2024-05-12,0,4,"alkahest",FALSE,4,4988,5322
2024-05-13,0,8,"alkahest",FALSE,8,4996,5330
2024-05-14,0,6,"alkahest",FALSE,6,5002,5336
2024-05-15,2,13,"alkahest",FALSE,11,5013,5349
2024-05-16,0,9,"alkahest",FALSE,9,5022,5358
2024-05-17,0,7,"alkahest",FALSE,7,5029,5365
2024-05-18,0,5,"alkahest",FALSE,5,5034,5370
2024-05-19,0,2,"alkahest",FALSE,2,5036,5372
2024-05-20,0,8,"alkahest",FALSE,8,5044,5380
2024-05-21,0,9,"alkahest",FALSE,9,5053,5389
2024-05-22,2,11,"alkahest",FALSE,9,5062,5400
2024-05-23,0,7,"alkahest",FALSE,7,5069,5407
2024-05-24,0,5,"alkahest",FALSE,5,5074,5412
2024-05-25,0,5,"alkahest",FALSE,5,5079,5417
2024-05-26,0,4,"alkahest",FALSE,4,5083,5421
2024-05-27,0,6,"alkahest",FALSE,6,5089,5427
2024-05-28,0,7,"alkahest",FALSE,7,5096,5434
2024-05-29,3,14,"alkahest",FALSE,11,5107,5448
2024-05-30,0,10,"alkahest",FALSE,10,5117,5458
2024-05-31,0,11,"alkahest",FALSE,11,5128,5469
2024-06-01,0,6,"alkahest",FALSE,6,5134,5475
2024-06-02,0,9,"alkahest",FALSE,9,5143,5484
2024-06-03,0,4,"alkahest",FALSE,4,5147,5488
2024-06-04,0,5,"alkahest",FALSE,5,5152,5493
2024-06-05,2,10,"alkahest",FALSE,8,5160,5503
2024-06-06,0,5,"alkahest",FALSE,5,5165,5508
2024-06-07,0,5,"alkahest",FALSE,5,5170,5513
2024-06-08,0,3,"alkahest",FALSE,3,5173,5516
2024-06-09,0,5,"alkahest",FALSE,5,5178,5521
2024-06-10,0,7,"alkahest",FALSE,7,5185,5528
2024-06-11,0,10,"alkahest",FALSE,10,5195,5538
2024-06-12,2,8,"alkahest",FALSE,6,5201,5546
2024-06-13,0,4,"alkahest",FALSE,4,5205,5550
2024-06-14,0,6,"alkahest",FALSE,6,5211,5556
2024-06-15,0,4,"alkahest",FALSE,4,5215,5560
2024-06-16,0,5,"alkahest",FALSE,5,5220,5565
2024-06-17,0,7,"alkahest",FALSE,7,5227,5572
2024-06-18,0,4,"alkahest",FALSE,4,5231,5576
2024-06-19,2,12,"alkahest",FALSE,10,5241,5588
2024-06-20,0,4,"alkahest",FALSE,4,5245,5592
2024-06-21,0,8,"alkahest",FALSE,8,5253,5600
2024-06-22,0,5,"alkahest",FALSE,5,5258,5605
2024-06-23,0,7,"alkahest",FALSE,7,5265,5612
2024-06-24,0,6,"alkahest",FALSE,6,5271,5618
2024-06-25,0,16,"alkahest",FALSE,16,5287,5634
2024-06-26,0,12,"alkahest",FALSE,12,5299,5646
2024-06-27,0,11,"alkahest",FALSE,11,5310,5657
2024-06-28,0,5,"alkahest",FALSE,5,5315,5662
2024-06-29,0,5,"alkahest",FALSE,5,5320,5667
2024-06-30,0,6,"alkahest",FALSE,6,5326,5673
2024-07-01,0,14,"alkahest",FALSE,14,5340,5687
2024-07-02,0,6,"alkahest",FALSE,6,5346,5693
2024-07-03,2,9,"alkahest",FALSE,7,5353,5702
2024-07-04,0,11,"alkahest",FALSE,11,5364,5713
2024-07-05,0,8,"alkahest",FALSE,8,5372,5721
2024-07-06,0,4,"alkahest",FALSE,4,5376,5725
2024-07-07,0,4,"alkahest",FALSE,4,5380,5729
2024-07-08,0,6,"alkahest",FALSE,6,5386,5735
2024-07-09,0,5,"alkahest",FALSE,5,5391,5740
2024-07-10,0,13,"alkahest",FALSE,13,5404,5753
2024-07-11,0,10,"alkahest",FALSE,10,5414,5763
2024-07-12,0,5,"alkahest",FALSE,5,5419,5768
2024-07-13,0,6,"alkahest",FALSE,6,5425,5774
2024-07-14,0,6,"alkahest",FALSE,6,5431,5780
2024-07-15,0,6,"alkahest",FALSE,6,5437,5786
2024-07-16,0,7,"alkahest",FALSE,7,5444,5793
2024-07-17,3,15,"alkahest",FALSE,12,5456,5808
2024-07-18,0,9,"alkahest",FALSE,9,5465,5817
2024-07-19,0,5,"alkahest",FALSE,5,5470,5822
2024-07-20,0,3,"alkahest",FALSE,3,5473,5825
2024-07-21,0,3,"alkahest",FALSE,3,5476,5828
2024-07-22,0,16,"alkahest",FALSE,16,5492,5844
2024-07-23,0,28,"alkahest",FALSE,28,5520,5872
2024-07-24,2,31,"alkahest",FALSE,29,5549,5903
2024-07-25,0,17,"alkahest",FALSE,17,5566,5920
2024-07-26,0,10,"alkahest",TRUE,1,5567,5930
2024-07-27,0,14,"alkahest",FALSE,1,5568,5944
2024-07-28,0,17,"alkahest",FALSE,17,5585,5961
2024-07-29,0,44,"alkahest",FALSE,44,5629,6005
2024-07-30,0,12,"alkahest",FALSE,12,5641,6017
2024-07-31,0,17,"alkahest",FALSE,17,5658,6034
2024-08-01,1,25,"alkahest",FALSE,24,5682,6059
2024-08-02,0,8,"alkahest",FALSE,8,5690,6067
2024-08-03,0,8,"alkahest",FALSE,8,5698,6075
2024-08-04,0,19,"alkahest",FALSE,19,5717,6094
2024-08-05,0,18,"alkahest",FALSE,18,5735,6112
2024-08-06,0,10,"alkahest",FALSE,10,5745,6122
2024-08-07,0,12,"alkahest",FALSE,12,5757,6134
2024-08-08,2,13,"alkahest",FALSE,11,5768,6147
2024-08-09,0,5,"alkahest",FALSE,5,5773,6152
2024-08-10,0,4,"alkahest",FALSE,4,5777,6156
2024-08-11,0,8,"alkahest",FALSE,8,5785,6164
2024-08-12,0,7,"alkahest",FALSE,7,5792,6171
2024-08-13,0,6,"alkahest",FALSE,6,5798,6177
2024-08-14,0,12,"alkahest",FALSE,12,5810,6189
2024-08-15,2,22,"alkahest",FALSE,20,5830,6211
2024-08-16,0,10,"alkahest",FALSE,10,5840,6221
2024-08-17,0,4,"alkahest",FALSE,4,5844,6225
2024-08-18,0,4,"alkahest",FALSE,4,5848,6229
2024-08-19,0,14,"alkahest",FALSE,14,5862,6243
2024-08-20,0,10,"alkahest",FALSE,10,5872,6253
2024-08-21,0,15,"alkahest",FALSE,15,5887,6268
2024-08-22,0,24,"alkahest",FALSE,24,5911,6292
2024-08-23,0,12,"alkahest",FALSE,12,5923,6304
2024-08-24,0,9,"alkahest",FALSE,9,5932,6313
2024-08-25,0,6,"alkahest",FALSE,6,5938,6319
2024-08-26,0,10,"alkahest",FALSE,10,5948,6329
2024-08-27,0,27,"alkahest",FALSE,27,5975,6356
2024-08-28,2,61,"alkahest",FALSE,59,6034,6417
2024-08-29,0,9,"alkahest",FALSE,9,6043,6426
2024-08-30,0,14,"alkahest",FALSE,14,6057,6440
2024-08-31,0,5,"alkahest",FALSE,5,6062,6445
2024-09-01,0,4,"alkahest",FALSE,4,6066,6449
2024-09-02,0,7,"alkahest",FALSE,7,6073,6456
2024-09-03,0,16,"alkahest",FALSE,16,6089,6472
2024-09-04,2,19,"alkahest",FALSE,17,6106,6491
2024-09-05,0,7,"alkahest",FALSE,7,6113,6498
2024-09-06,0,10,"alkahest",FALSE,10,6123,6508
2024-09-07,0,6,"alkahest",FALSE,6,6129,6514
2024-09-08,0,12,"alkahest",FALSE,12,6141,6526
2024-09-09,0,9,"alkahest",FALSE,9,6150,6535
2024-09-10,0,22,"alkahest",FALSE,22,6172,6557
2024-09-11,3,28,"alkahest",FALSE,25,6197,6585
2024-09-12,0,6,"alkahest",FALSE,6,6203,6591
2024-09-13,0,5,"alkahest",FALSE,5,6208,6596
2024-09-14,0,9,"alkahest",FALSE,9,6217,6605
2024-09-15,0,4,"alkahest",FALSE,4,6221,6609
2024-09-16,0,6,"alkahest",FALSE,6,6227,6615
2024-09-17,0,5,"alkahest",FALSE,5,6232,6620
2024-09-18,2,13,"alkahest",FALSE,11,6243,6633
2024-09-19,0,6,"alkahest",FALSE,6,6249,6639
2024-09-20,0,13,"alkahest",FALSE,13,6262,6652
2024-09-21,0,13,"alkahest",FALSE,13,6275,6665
2024-09-22,0,7,"alkahest",FALSE,7,6282,6672
2024-09-23,0,11,"alkahest",FALSE,11,6293,6683
2024-09-24,0,11,"alkahest",FALSE,11,6304,6694
2024-09-25,0,20,"alkahest",FALSE,20,6324,6714
2024-09-26,1,17,"alkahest",FALSE,16,6340,6731
2024-09-27,0,11,"alkahest",FALSE,11,6351,6742
2024-09-28,1,13,"alkahest",FALSE,12,6363,6755
2024-09-29,0,0,"alkahest",FALSE,0,6363,6755
2024-09-30,0,0,"alkahest",FALSE,0,6363,6755
2019-12-17,1,0,"arkhe",FALSE,0,0,0
2019-12-18,6,11,"arkhe",TRUE,1,1,11
2019-12-19,3,8,"arkhe",FALSE,1,2,19
2019-12-20,10,20,"arkhe",FALSE,10,12,39
2019-12-21,7,56,"arkhe",FALSE,49,61,95
2019-12-22,13,31,"arkhe",FALSE,18,79,126
2019-12-23,10,31,"arkhe",FALSE,21,100,157
2019-12-24,5,26,"arkhe",FALSE,21,121,183
2019-12-25,10,25,"arkhe",FALSE,15,136,208
2019-12-26,11,26,"arkhe",FALSE,15,151,234
2019-12-27,9,16,"arkhe",FALSE,7,158,250
2019-12-28,8,16,"arkhe",FALSE,8,166,266
2019-12-29,9,17,"arkhe",FALSE,8,174,283
2019-12-30,13,24,"arkhe",FALSE,11,185,307
2019-12-31,11,20,"arkhe",FALSE,9,194,327
2020-01-01,13,23,"arkhe",FALSE,10,204,350
2020-01-02,11,18,"arkhe",FALSE,7,211,368
2020-01-03,12,19,"arkhe",FALSE,7,218,387
2020-01-04,12,20,"arkhe",FALSE,8,226,407
2020-01-05,10,15,"arkhe",FALSE,5,231,422
2020-01-06,12,23,"arkhe",FALSE,11,242,445
2020-01-07,15,21,"arkhe",FALSE,6,248,466
2020-01-08,21,29,"arkhe",FALSE,8,256,495
2020-01-09,13,20,"arkhe",FALSE,7,263,515
2020-01-10,13,14,"arkhe",FALSE,1,264,529
2020-01-11,12,19,"arkhe",FALSE,7,271,548
2020-01-12,9,17,"arkhe",FALSE,8,279,565
2020-01-13,10,11,"arkhe",FALSE,1,280,576
2020-01-14,9,13,"arkhe",FALSE,4,284,589
2020-01-15,12,21,"arkhe",FALSE,9,293,610
2020-01-16,12,26,"arkhe",FALSE,14,307,636
2020-01-17,13,33,"arkhe",FALSE,20,327,669
2020-01-18,7,11,"arkhe",FALSE,4,331,680
2020-01-19,11,18,"arkhe",FALSE,7,338,698
2020-01-20,11,21,"arkhe",FALSE,10,348,719
2020-01-21,13,28,"arkhe",FALSE,15,363,747
2020-01-22,14,24,"arkhe",FALSE,10,373,771
2020-01-23,10,16,"arkhe",FALSE,6,379,787
2020-01-24,8,19,"arkhe",FALSE,11,390,806
2020-01-25,11,19,"arkhe",FALSE,8,398,825
2020-01-26,11,13,"arkhe",FALSE,2,400,838
2020-01-27,10,19,"arkhe",FALSE,9,409,857
2020-01-28,17,35,"arkhe",FALSE,18,427,892
2020-01-29,20,24,"arkhe",FALSE,4,431,916
2020-01-30,13,20,"arkhe",FALSE,7,438,936
2020-01-31,12,30,"arkhe",FALSE,18,456,966
2020-02-01,12,20,"arkhe",FALSE,8,464,986
2020-02-02,13,16,"arkhe",FALSE,3,467,1002
2020-02-03,8,14,"arkhe",FALSE,6,473,1016
2020-02-04,11,23,"arkhe",FALSE,12,485,1039
2020-02-05,7,23,"arkhe",FALSE,16,501,1062
2020-02-06,8,33,"arkhe",FALSE,25,526,1095
2020-02-07,6,29,"arkhe",FALSE,23,549,1124
2020-02-08,3,27,"arkhe",FALSE,24,573,1151
2020-02-09,3,9,"arkhe",FALSE,6,579,1160
2020-02-10,3,17,"arkhe",FALSE,14,593,1177
2020-02-11,3,24,"arkhe",FALSE,21,614,1201
2020-02-12,9,20,"arkhe",FALSE,11,625,1221
2020-02-13,3,20,"arkhe",FALSE,17,642,1241
2020-02-14,3,19,"arkhe",FALSE,16,658,1260
2020-02-15,5,18,"arkhe",TRUE,1,659,1278
2020-02-16,5,30,"arkhe",FALSE,1,660,1308
2020-02-17,3,34,"arkhe",FALSE,31,691,1342
2020-02-18,4,37,"arkhe",FALSE,33,724,1379
2020-02-19,10,52,"arkhe",FALSE,42,766,1431
2020-02-20,4,40,"arkhe",FALSE,36,802,1471
2020-02-21,3,47,"arkhe",FALSE,44,846,1518
2020-02-22,3,32,"arkhe",FALSE,29,875,1550
2020-02-23,3,27,"arkhe",FALSE,24,899,1577
2020-02-24,3,36,"arkhe",FALSE,33,932,1613
2020-02-25,3,34,"arkhe",FALSE,31,963,1647
2020-02-26,8,35,"arkhe",FALSE,27,990,1682
2020-02-27,3,31,"arkhe",FALSE,28,1018,1713
2020-02-28,4,15,"arkhe",FALSE,11,1029,1728
2020-02-29,0,4,"arkhe",FALSE,4,1033,1732
2020-03-01,4,19,"arkhe",FALSE,15,1048,1751
2020-03-02,5,19,"arkhe",FALSE,14,1062,1770
2020-03-03,6,23,"arkhe",FALSE,17,1079,1793
2020-03-04,8,29,"arkhe",FALSE,21,1100,1822
2020-03-05,3,16,"arkhe",FALSE,13,1113,1838
2020-03-06,4,23,"arkhe",FALSE,19,1132,1861
2020-03-07,3,21,"arkhe",FALSE,18,1150,1882
2020-03-08,4,19,"arkhe",FALSE,15,1165,1901
2020-03-09,6,27,"arkhe",FALSE,21,1186,1928
2020-03-10,3,30,"arkhe",FALSE,27,1213,1958
2020-03-11,4,20,"arkhe",FALSE,16,1229,1978
2020-03-12,3,23,"arkhe",FALSE,20,1249,2001
2020-03-13,4,20,"arkhe",FALSE,16,1265,2021
2020-03-14,3,13,"arkhe",FALSE,10,1275,2034
2020-03-15,3,30,"arkhe",FALSE,27,1302,2064
2020-03-16,3,30,"arkhe",FALSE,27,1329,2094
2020-03-17,3,20,"arkhe",FALSE,17,1346,2114
2020-03-18,5,11,"arkhe",FALSE,6,1352,2125
2020-03-19,3,17,"arkhe",FALSE,14,1366,2142
2020-03-20,3,25,"arkhe",FALSE,22,1388,2167
2020-03-21,3,20,"arkhe",FALSE,17,1405,2187
2020-03-22,4,10,"arkhe",FALSE,6,1411,2197
2020-03-23,5,35,"arkhe",TRUE,1,1412,2232
2020-03-24,1,52,"arkhe",FALSE,1,1413,2284
2020-03-25,6,49,"arkhe",FALSE,43,1456,2333
2020-03-26,0,35,"arkhe",FALSE,35,1491,2368
2020-03-27,0,25,"arkhe",FALSE,25,1516,2393
2020-03-28,3,33,"arkhe",FALSE,30,1546,2426
2020-03-29,3,38,"arkhe",FALSE,35,1581,2464
2020-03-30,4,38,"arkhe",FALSE,34,1615,2502
2020-03-31,4,40,"arkhe",FALSE,36,1651,2542
2020-04-01,9,35,"arkhe",FALSE,26,1677,2577
2020-04-02,1,21,"arkhe",FALSE,20,1697,2598
2020-04-03,3,30,"arkhe",FALSE,27,1724,2628
2020-04-04,3,31,"arkhe",FALSE,28,1752,2659
2020-04-05,3,29,"arkhe",FALSE,26,1778,2688
2020-04-06,3,36,"arkhe",FALSE,33,1811,2724
2020-04-07,3,43,"arkhe",FALSE,40,1851,2767
2020-04-08,8,40,"arkhe",FALSE,32,1883,2807
2020-04-09,3,52,"arkhe",FALSE,49,1932,2859
2020-04-10,4,16,"arkhe",FALSE,12,1944,2875
2020-04-11,1,10,"arkhe",FALSE,9,1953,2885
2020-04-12,4,12,"arkhe",FALSE,8,1961,2897
2020-04-13,3,23,"arkhe",FALSE,20,1981,2920
2020-04-14,4,14,"arkhe",FALSE,10,1991,2934
2020-04-15,8,44,"arkhe",FALSE,36,2027,2978
2020-04-16,0,28,"arkhe",FALSE,28,2055,3006
2020-04-17,3,34,"arkhe",FALSE,31,2086,3040
2020-04-18,0,13,"arkhe",FALSE,13,2099,3053
2020-04-19,0,9,"arkhe",FALSE,9,2108,3062
2020-04-20,0,21,"arkhe",FALSE,21,2129,3083
2020-04-21,1,16,"arkhe",FALSE,15,2144,3099
2020-04-22,8,46,"arkhe",FALSE,38,2182,3145
2020-04-23,2,17,"arkhe",FALSE,15,2197,3162
2020-04-24,3,24,"arkhe",FALSE,21,2218,3186
2020-04-25,3,39,"arkhe",FALSE,36,2254,3225
2020-04-26,0,20,"arkhe",FALSE,20,2274,3245
2020-04-27,3,26,"arkhe",FALSE,23,2297,3271
2020-04-28,3,30,"arkhe",FALSE,27,2324,3301
2020-04-29,8,54,"arkhe",FALSE,46,2370,3355
2020-04-30,3,37,"arkhe",FALSE,34,2404,3392
2020-05-01,3,31,"arkhe",FALSE,28,2432,3423
2020-05-02,3,29,"arkhe",FALSE,26,2458,3452
2020-05-03,3,26,"arkhe",FALSE,23,2481,3478
2020-05-04,3,31,"arkhe",FALSE,28,2509,3509
2020-05-05,3,23,"arkhe",FALSE,20,2529,3532
2020-05-06,9,47,"arkhe",FALSE,38,2567,3579
2020-05-07,3,30,"arkhe",FALSE,27,2594,3609
2020-05-08,3,23,"arkhe",FALSE,20,2614,3632
2020-05-09,3,33,"arkhe",FALSE,30,2644,3665
2020-05-10,3,61,"arkhe",FALSE,58,2702,3726
2020-05-11,3,58,"arkhe",FALSE,55,2757,3784
2020-05-12,3,29,"arkhe",FALSE,26,2783,3813
2020-05-13,9,32,"arkhe",FALSE,23,2806,3845
2020-05-14,3,17,"arkhe",FALSE,14,2820,3862
2020-05-15,3,23,"arkhe",FALSE,20,2840,3885
2020-05-16,3,20,"arkhe",FALSE,17,2857,3905
2020-05-17,3,26,"arkhe",FALSE,23,2880,3931
2020-05-18,3,33,"arkhe",FALSE,30,2910,3964
2020-05-19,3,26,"arkhe",FALSE,23,2933,3990
2020-05-20,9,40,"arkhe",FALSE,31,2964,4030
2020-05-21,3,16,"arkhe",FALSE,13,2977,4046
2020-05-22,3,22,"arkhe",FALSE,19,2996,4068
2020-05-23,3,12,"arkhe",FALSE,9,3005,4080
2020-05-24,3,16,"arkhe",FALSE,13,3018,4096
2020-05-25,3,27,"arkhe",FALSE,24,3042,4123
2020-05-26,3,23,"arkhe",FALSE,20,3062,4146
2020-05-27,9,36,"arkhe",FALSE,27,3089,4182
2020-05-28,3,30,"arkhe",FALSE,27,3116,4212
2020-05-29,3,28,"arkhe",FALSE,25,3141,4240
2020-05-30,3,23,"arkhe",FALSE,20,3161,4263
2020-05-31,3,20,"arkhe",FALSE,17,3178,4283
2020-06-01,3,22,"arkhe",FALSE,19,3197,4305
2020-06-02,3,27,"arkhe",FALSE,24,3221,4332
2020-06-03,10,29,"arkhe",FALSE,19,3240,4361
2020-06-04,5,21,"arkhe",FALSE,16,3256,4382
2020-06-05,5,22,"arkhe",FALSE,17,3273,4404
2020-06-06,3,14,"arkhe",FALSE,11,3284,4418
2020-06-07,4,25,"arkhe",FALSE,21,3305,4443
2020-06-08,3,30,"arkhe",FALSE,27,3332,4473
2020-06-09,3,30,"arkhe",FALSE,27,3359,4503
2020-06-10,10,46,"arkhe",FALSE,36,3395,4549
2020-06-11,5,31,"arkhe",FALSE,26,3421,4580
2020-06-12,4,19,"arkhe",FALSE,15,3436,4599
2020-06-13,3,20,"arkhe",FALSE,17,3453,4619
2020-06-14,3,20,"arkhe",FALSE,17,3470,4639
2020-06-15,3,20,"arkhe",FALSE,17,3487,4659
2020-06-16,3,19,"arkhe",FALSE,16,3503,4678
2020-06-17,6,30,"arkhe",FALSE,24,3527,4708
2020-06-18,5,38,"arkhe",FALSE,33,3560,4746
2020-06-19,5,28,"arkhe",FALSE,23,3583,4774
2020-06-20,3,16,"arkhe",FALSE,13,3596,4790
2020-06-21,3,21,"arkhe",FALSE,18,3614,4811
2020-06-22,3,23,"arkhe",FALSE,20,3634,4834
2020-06-23,3,33,"arkhe",FALSE,30,3664,4867
2020-06-24,11,28,"arkhe",FALSE,17,3681,4895
2020-06-25,7,20,"arkhe",FALSE,13,3694,4915
2020-06-26,5,20,"arkhe",FALSE,15,3709,4935
2020-06-27,0,20,"arkhe",FALSE,20,3729,4955
2020-06-28,4,20,"arkhe",FALSE,16,3745,4975
2020-06-29,3,29,"arkhe",FALSE,26,3771,5004
2020-06-30,3,21,"arkhe",FALSE,18,3789,5025
2020-07-01,7,22,"arkhe",FALSE,15,3804,5047
2020-07-02,3,19,"arkhe",FALSE,16,3820,5066
2020-07-03,3,23,"arkhe",FALSE,20,3840,5089
2020-07-04,3,14,"arkhe",FALSE,11,3851,5103
2020-07-05,3,12,"arkhe",FALSE,9,3860,5115
2020-07-06,3,25,"arkhe",FALSE,22,3882,5140
2020-07-07,3,36,"arkhe",FALSE,33,3915,5176
2020-07-08,10,24,"arkhe",FALSE,14,3929,5200
2020-07-09,4,27,"arkhe",FALSE,23,3952,5227
2020-07-10,4,18,"arkhe",FALSE,14,3966,5245
2020-07-11,3,12,"arkhe",FALSE,9,3975,5257
2020-07-12,4,18,"arkhe",FALSE,14,3989,5275
2020-07-13,4,28,"arkhe",FALSE,24,4013,5303
2020-07-14,4,25,"arkhe",FALSE,21,4034,5328
2020-07-15,11,24,"arkhe",FALSE,13,4047,5352
2020-07-16,3,17,"arkhe",FALSE,14,4061,5369
2020-07-17,3,17,"arkhe",FALSE,14,4075,5386
2020-07-18,3,20,"arkhe",FALSE,17,4092,5406
2020-07-19,3,15,"arkhe",FALSE,12,4104,5421
2020-07-20,3,24,"arkhe",FALSE,21,4125,5445
2020-07-21,3,27,"arkhe",FALSE,24,4149,5472
2020-07-22,11,31,"arkhe",FALSE,20,4169,5503
2020-07-23,3,18,"arkhe",FALSE,15,4184,5521
2020-07-24,3,27,"arkhe",FALSE,24,4208,5548
2020-07-25,3,24,"arkhe",FALSE,21,4229,5572
2020-07-26,3,17,"arkhe",FALSE,14,4243,5589
2020-07-27,3,27,"arkhe",FALSE,24,4267,5616
2020-07-28,4,26,"arkhe",FALSE,22,4289,5642
2020-07-29,7,24,"arkhe",FALSE,17,4306,5666
2020-07-30,6,25,"arkhe",FALSE,19,4325,5691
2020-07-31,0,11,"arkhe",FALSE,11,4336,5702
2020-08-01,0,5,"arkhe",FALSE,5,4341,5707
2020-08-02,4,8,"arkhe",FALSE,4,4345,5715
2020-08-03,4,18,"arkhe",FALSE,14,4359,5733
2020-08-04,3,35,"arkhe",FALSE,32,4391,5768
2020-08-05,9,26,"arkhe",FALSE,17,4408,5794
2020-08-06,3,28,"arkhe",FALSE,25,4433,5822
2020-08-07,3,22,"arkhe",FALSE,19,4452,5844
2020-08-08,4,19,"arkhe",FALSE,15,4467,5863
2020-08-09,3,20,"arkhe",FALSE,17,4484,5883
2020-08-10,3,35,"arkhe",FALSE,32,4516,5918
2020-08-11,3,19,"arkhe",FALSE,16,4532,5937
2020-08-12,9,27,"arkhe",FALSE,18,4550,5964
2020-08-13,3,31,"arkhe",FALSE,28,4578,5995
2020-08-14,3,21,"arkhe",FALSE,18,4596,6016
2020-08-15,3,12,"arkhe",FALSE,9,4605,6028
2020-08-16,3,12,"arkhe",FALSE,9,4614,6040
2020-08-17,3,15,"arkhe",FALSE,12,4626,6055
2020-08-18,3,21,"arkhe",FALSE,18,4644,6076
2020-08-19,10,22,"arkhe",FALSE,12,4656,6098
2020-08-20,3,22,"arkhe",FALSE,19,4675,6120
2020-08-21,3,15,"arkhe",FALSE,12,4687,6135
2020-08-22,3,14,"arkhe",FALSE,11,4698,6149
2020-08-23,3,10,"arkhe",FALSE,7,4705,6159
2020-08-24,3,19,"arkhe",FALSE,16,4721,6178
2020-08-25,3,18,"arkhe",FALSE,15,4736,6196
2020-08-26,9,20,"arkhe",FALSE,11,4747,6216
2020-08-27,3,19,"arkhe",FALSE,16,4763,6235
2020-08-28,3,15,"arkhe",FALSE,12,4775,6250
2020-08-29,3,19,"arkhe",FALSE,16,4791,6269
2020-08-30,3,13,"arkhe",FALSE,10,4801,6282
2020-08-31,3,23,"arkhe",FALSE,20,4821,6305
2020-09-01,3,19,"arkhe",FALSE,16,4837,6324
2020-09-02,9,30,"arkhe",FALSE,21,4858,6354
2020-09-03,3,13,"arkhe",FALSE,10,4868,6367
2020-09-04,3,14,"arkhe",FALSE,11,4879,6381
2020-09-05,3,21,"arkhe",FALSE,18,4897,6402
2020-09-06,3,22,"arkhe",FALSE,19,4916,6424
2020-09-07,3,32,"arkhe",FALSE,29,4945,6456
2020-09-08,3,33,"arkhe",FALSE,30,4975,6489
2020-09-09,9,32,"arkhe",FALSE,23,4998,6521
2020-09-10,0,25,"arkhe",FALSE,25,5023,6546
2020-09-11,4,28,"arkhe",FALSE,24,5047,6574
2020-09-12,3,30,"arkhe",FALSE,27,5074,6604
2020-09-13,3,23,"arkhe",FALSE,20,5094,6627
2020-09-14,3,36,"arkhe",FALSE,33,5127,6663
2020-09-15,4,24,"arkhe",FALSE,20,5147,6687
2020-09-16,7,23,"arkhe",FALSE,16,5163,6710
2020-09-17,3,35,"arkhe",FALSE,32,5195,6745
2020-09-18,3,32,"arkhe",FALSE,29,5224,6777
2020-09-19,3,26,"arkhe",FALSE,23,5247,6803
2020-09-20,3,19,"arkhe",FALSE,16,5263,6822
2020-09-21,3,24,"arkhe",FALSE,21,5284,6846
2020-09-22,3,29,"arkhe",FALSE,26,5310,6875
2020-09-23,9,24,"arkhe",FALSE,15,5325,6899
2020-09-24,0,14,"arkhe",FALSE,14,5339,6913
2020-09-25,3,11,"arkhe",FALSE,8,5347,6924
2020-09-26,3,13,"arkhe",FALSE,10,5357,6937
2020-09-27,3,13,"arkhe",FALSE,10,5367,6950
2020-09-28,3,25,"arkhe",FALSE,22,5389,6975
2020-09-29,3,29,"arkhe",FALSE,26,5415,7004
2020-09-30,9,27,"arkhe",FALSE,18,5433,7031
2020-10-01,4,22,"arkhe",FALSE,18,5451,7053
2020-10-02,4,23,"arkhe",FALSE,19,5470,7076
2020-10-03,6,18,"arkhe",FALSE,12,5482,7094
2020-10-04,3,19,"arkhe",FALSE,16,5498,7113
2020-10-05,3,20,"arkhe",FALSE,17,5515,7133
2020-10-06,3,14,"arkhe",FALSE,11,5526,7147
2020-10-07,6,16,"arkhe",FALSE,10,5536,7163
2020-10-08,3,20,"arkhe",FALSE,17,5553,7183
2020-10-09,3,19,"arkhe",FALSE,16,5569,7202
2020-10-10,3,17,"arkhe",FALSE,14,5583,7219
2020-10-11,3,15,"arkhe",FALSE,12,5595,7234
2020-10-12,3,25,"arkhe",FALSE,22,5617,7259
2020-10-13,3,17,"arkhe",FALSE,14,5631,7276
2020-10-14,9,20,"arkhe",FALSE,11,5642,7296
2020-10-15,3,13,"arkhe",FALSE,10,5652,7309
2020-10-16,3,16,"arkhe",FALSE,13,5665,7325
2020-10-17,0,3,"arkhe",FALSE,3,5668,7328
2020-10-18,3,12,"arkhe",FALSE,9,5677,7340
2020-10-19,3,25,"arkhe",FALSE,22,5699,7365
2020-10-20,3,22,"arkhe",FALSE,19,5718,7387
2020-10-21,9,21,"arkhe",FALSE,12,5730,7408
2020-10-22,3,22,"arkhe",FALSE,19,5749,7430
2020-10-23,3,17,"arkhe",FALSE,14,5763,7447
2020-10-24,4,18,"arkhe",FALSE,14,5777,7465
2020-10-25,3,15,"arkhe",FALSE,12,5789,7480
2020-10-26,3,17,"arkhe",FALSE,14,5803,7497
2020-10-27,3,20,"arkhe",FALSE,17,5820,7517
2020-10-28,6,22,"arkhe",FALSE,16,5836,7539
2020-10-29,3,33,"arkhe",FALSE,30,5866,7572
2020-10-30,0,13,"arkhe",FALSE,13,5879,7585
2020-10-31,3,15,"arkhe",FALSE,12,5891,7600
2020-11-01,4,13,"arkhe",FALSE,9,5900,7613
2020-11-02,1,13,"arkhe",FALSE,12,5912,7626
2020-11-03,3,18,"arkhe",FALSE,15,5927,7644
2020-11-04,4,10,"arkhe",FALSE,6,5933,7654
2020-11-05,3,25,"arkhe",FALSE,22,5955,7679
2020-11-06,5,18,"arkhe",FALSE,13,5968,7697
2020-11-07,4,29,"arkhe",FALSE,25,5993,7726
2020-11-08,3,21,"arkhe",FALSE,18,6011,7747
2020-11-09,3,21,"arkhe",FALSE,18,6029,7768
2020-11-10,3,20,"arkhe",FALSE,17,6046,7788
2020-11-11,9,28,"arkhe",FALSE,19,6065,7816
2020-11-12,3,18,"arkhe",FALSE,15,6080,7834
2020-11-13,3,15,"arkhe",FALSE,12,6092,7849
2020-11-14,3,12,"arkhe",FALSE,9,6101,7861
2020-11-15,3,18,"arkhe",FALSE,15,6116,7879
2020-11-16,3,16,"arkhe",FALSE,13,6129,7895
2020-11-17,9,21,"arkhe",FALSE,12,6141,7916
2020-11-18,13,23,"arkhe",FALSE,10,6151,7939
2020-11-19,4,17,"arkhe",FALSE,13,6164,7956
2020-11-20,3,18,"arkhe",FALSE,15,6179,7974
2020-11-21,5,14,"arkhe",FALSE,9,6188,7988
2020-11-22,6,13,"arkhe",FALSE,7,6195,8001
2020-11-23,3,15,"arkhe",FALSE,12,6207,8016
2020-11-24,4,21,"arkhe",FALSE,17,6224,8037
2020-11-25,8,23,"arkhe",FALSE,15,6239,8060
2020-11-26,1,9,"arkhe",FALSE,8,6247,8069
2020-11-27,3,20,"arkhe",FALSE,17,6264,8089
2020-11-28,3,15,"arkhe",FALSE,12,6276,8104
2020-11-29,3,17,"arkhe",FALSE,14,6290,8121
2020-11-30,4,13,"arkhe",FALSE,9,6299,8134
2020-12-01,4,17,"arkhe",FALSE,13,6312,8151
2020-12-02,10,28,"arkhe",FALSE,18,6330,8179
2020-12-03,3,20,"arkhe",FALSE,17,6347,8199
2020-12-04,3,22,"arkhe",FALSE,19,6366,8221
2020-12-05,3,15,"arkhe",FALSE,12,6378,8236
2020-12-06,3,12,"arkhe",FALSE,9,6387,8248
2020-12-07,4,17,"arkhe",FALSE,13,6400,8265
2020-12-08,0,8,"arkhe",FALSE,8,6408,8273
2020-12-09,9,24,"arkhe",FALSE,15,6423,8297
2020-12-10,3,18,"arkhe",FALSE,15,6438,8315
2020-12-11,3,16,"arkhe",FALSE,13,6451,8331
2020-12-12,3,13,"arkhe",FALSE,10,6461,8344
2020-12-13,4,14,"arkhe",FALSE,10,6471,8358
2020-12-14,4,16,"arkhe",FALSE,12,6483,8374
2020-12-15,12,14,"arkhe",FALSE,2,6485,8388
2020-12-16,16,48,"arkhe",FALSE,32,6517,8436
2020-12-17,3,20,"arkhe",FALSE,17,6534,8456
2020-12-18,3,16,"arkhe",FALSE,13,6547,8472
2020-12-19,3,14,"arkhe",FALSE,11,6558,8486
2020-12-20,4,12,"arkhe",FALSE,8,6566,8498
2020-12-21,4,20,"arkhe",FALSE,16,6582,8518
2020-12-22,4,15,"arkhe",FALSE,11,6593,8533
2020-12-23,9,19,"arkhe",FALSE,10,6603,8552
2020-12-24,3,16,"arkhe",FALSE,13,6616,8568
2020-12-25,3,12,"arkhe",FALSE,9,6625,8580
2020-12-26,3,13,"arkhe",FALSE,10,6635,8593
2020-12-27,3,11,"arkhe",FALSE,8,6643,8604
2020-12-28,4,22,"arkhe",FALSE,18,6661,8626
2020-12-29,4,16,"arkhe",FALSE,12,6673,8642
2020-12-30,9,20,"arkhe",FALSE,11,6684,8662
2020-12-31,4,16,"arkhe",FALSE,12,6696,8678
2021-01-01,3,17,"arkhe",FALSE,14,6710,8695
2021-01-02,4,12,"arkhe",FALSE,8,6718,8707
2021-01-03,4,14,"arkhe",FALSE,10,6728,8721
2021-01-04,5,14,"arkhe",FALSE,9,6737,8735
2021-01-05,3,18,"arkhe",FALSE,15,6752,8753
2021-01-06,9,26,"arkhe",FALSE,17,6769,8779
2021-01-07,4,14,"arkhe",FALSE,10,6779,8793
2021-01-08,3,13,"arkhe",FALSE,10,6789,8806
2021-01-09,3,12,"arkhe",FALSE,9,6798,8818
2021-01-10,3,15,"arkhe",FALSE,12,6810,8833
2021-01-11,3,19,"arkhe",FALSE,16,6826,8852
2021-01-12,3,23,"arkhe",FALSE,20,6846,8875
2021-01-13,11,20,"arkhe",FALSE,9,6855,8895
2021-01-14,4,21,"arkhe",FALSE,17,6872,8916
2021-01-15,3,15,"arkhe",FALSE,12,6884,8931
2021-01-16,3,7,"arkhe",FALSE,4,6888,8938
2021-01-17,3,10,"arkhe",FALSE,7,6895,8948
2021-01-18,3,11,"arkhe",FALSE,8,6903,8959
2021-01-19,3,17,"arkhe",FALSE,14,6917,8976
2021-01-20,7,19,"arkhe",FALSE,12,6929,8995
2021-01-21,3,16,"arkhe",FALSE,13,6942,9011
2021-01-22,0,7,"arkhe",FALSE,7,6949,9018
2021-01-23,3,14,"arkhe",FALSE,11,6960,9032
2021-01-24,0,13,"arkhe",FALSE,13,6973,9045
2021-01-25,3,25,"arkhe",FALSE,22,6995,9070
2021-01-26,0,6,"arkhe",FALSE,6,7001,9076
2021-01-27,7,25,"arkhe",FALSE,18,7019,9101
2021-01-28,0,11,"arkhe",FALSE,11,7030,9112
2021-01-29,4,17,"arkhe",FALSE,13,7043,9129
2021-01-30,4,14,"arkhe",FALSE,10,7053,9143
2021-01-31,3,15,"arkhe",FALSE,12,7065,9158
2021-02-01,3,14,"arkhe",FALSE,11,7076,9172
2021-02-02,4,15,"arkhe",FALSE,11,7087,9187
2021-02-03,7,19,"arkhe",FALSE,12,7099,9206
2021-02-04,3,15,"arkhe",FALSE,12,7111,9221
2021-02-05,0,13,"arkhe",FALSE,13,7124,9234
2021-02-06,4,19,"arkhe",FALSE,15,7139,9253
2021-02-07,6,23,"arkhe",FALSE,17,7156,9276
2021-02-08,5,14,"arkhe",FALSE,9,7165,9290
2021-02-09,5,18,"arkhe",FALSE,13,7178,9308
2021-02-10,10,20,"arkhe",FALSE,10,7188,9328
2021-02-11,4,24,"arkhe",FALSE,20,7208,9352
2021-02-12,3,22,"arkhe",FALSE,19,7227,9374
2021-02-13,4,20,"arkhe",FALSE,16,7243,9394
2021-02-14,1,9,"arkhe",FALSE,8,7251,9403
2021-02-15,4,18,"arkhe",FALSE,14,7265,9421
2021-02-16,2,15,"arkhe",FALSE,13,7278,9436
2021-02-17,11,22,"arkhe",FALSE,11,7289,9458
2021-02-18,6,23,"arkhe",FALSE,17,7306,9481
2021-02-19,4,23,"arkhe",FALSE,19,7325,9504
2021-02-20,4,19,"arkhe",FALSE,15,7340,9523
2021-02-21,3,21,"arkhe",FALSE,18,7358,9544
2021-02-22,3,31,"arkhe",FALSE,28,7386,9575
2021-02-23,0,13,"arkhe",FALSE,13,7399,9588
2021-02-24,11,28,"arkhe",FALSE,17,7416,9616
2021-02-25,7,25,"arkhe",FALSE,18,7434,9641
2021-02-26,8,24,"arkhe",FALSE,16,7450,9665
2021-02-27,3,12,"arkhe",FALSE,9,7459,9677
2021-02-28,4,10,"arkhe",FALSE,6,7465,9687
2021-03-01,3,18,"arkhe",FALSE,15,7480,9705
2021-03-02,3,18,"arkhe",FALSE,15,7495,9723
2021-03-03,9,26,"arkhe",FALSE,17,7512,9749
2021-03-04,3,14,"arkhe",FALSE,11,7523,9763
2021-03-05,4,18,"arkhe",FALSE,14,7537,9781
2021-03-06,3,14,"arkhe",FALSE,11,7548,9795
2021-03-07,4,10,"arkhe",FALSE,6,7554,9805
2021-03-08,4,24,"arkhe",FALSE,20,7574,9829
2021-03-09,4,15,"arkhe",FALSE,11,7585,9844
2021-03-10,11,31,"arkhe",FALSE,20,7605,9875
2021-03-11,3,21,"arkhe",FALSE,18,7623,9896
2021-03-12,3,14,"arkhe",FALSE,11,7634,9910
2021-03-13,3,14,"arkhe",FALSE,11,7645,9924
2021-03-14,3,14,"arkhe",FALSE,11,7656,9938
2021-03-15,3,14,"arkhe",FALSE,11,7667,9952
2021-03-16,3,22,"arkhe",FALSE,19,7686,9974
2021-03-17,7,26,"arkhe",FALSE,19,7705,10000
2021-03-18,4,19,"arkhe",FALSE,15,7720,10019
2021-03-19,0,10,"arkhe",FALSE,10,7730,10029
2021-03-20,3,13,"arkhe",FALSE,10,7740,10042
2021-03-21,0,5,"arkhe",FALSE,5,7745,10047
2021-03-22,3,17,"arkhe",FALSE,14,7759,10064
2021-03-23,0,6,"arkhe",FALSE,6,7765,10070
2021-03-24,9,27,"arkhe",FALSE,18,7783,10097
2021-03-25,0,13,"arkhe",FALSE,13,7796,10110
2021-03-26,3,21,"arkhe",FALSE,18,7814,10131
2021-03-27,0,5,"arkhe",FALSE,5,7819,10136
2021-03-28,3,12,"arkhe",FALSE,9,7828,10148
2021-03-29,0,14,"arkhe",FALSE,14,7842,10162
2021-03-30,3,18,"arkhe",FALSE,15,7857,10180
2021-03-31,4,10,"arkhe",FALSE,6,7863,10190
2021-04-01,3,15,"arkhe",FALSE,12,7875,10205
2021-04-02,0,4,"arkhe",FALSE,4,7879,10209
2021-04-03,3,14,"arkhe",FALSE,11,7890,10223
2021-04-04,0,6,"arkhe",FALSE,6,7896,10229
2021-04-05,3,17,"arkhe",FALSE,14,7910,10246
2021-04-06,0,9,"arkhe",FALSE,9,7919,10255
2021-04-07,9,26,"arkhe",FALSE,17,7936,10281
2021-04-08,3,23,"arkhe",FALSE,20,7956,10304
2021-04-09,0,19,"arkhe",TRUE,1,7957,10323
2021-04-10,5,25,"arkhe",FALSE,1,7958,10348
2021-04-11,3,15,"arkhe",FALSE,12,7970,10363
2021-04-12,5,50,"arkhe",FALSE,45,8015,10413
2021-04-13,0,18,"arkhe",FALSE,18,8033,10431
2021-04-14,6,35,"arkhe",FALSE,29,8062,10466
2021-04-15,0,15,"arkhe",FALSE,15,8077,10481
2021-04-16,3,35,"arkhe",FALSE,32,8109,10516
2021-04-17,2,18,"arkhe",FALSE,16,8125,10534
2021-04-18,3,33,"arkhe",FALSE,30,8155,10567
2021-04-19,0,26,"arkhe",FALSE,26,8181,10593
2021-04-20,4,34,"arkhe",FALSE,30,8211,10627
2021-04-21,5,24,"arkhe",FALSE,19,8230,10651
2021-04-22,3,43,"arkhe",FALSE,40,8270,10694
2021-04-23,1,20,"arkhe",FALSE,19,8289,10714
2021-04-24,3,28,"arkhe",FALSE,25,8314,10742
2021-04-25,0,4,"arkhe",FALSE,4,8318,10746
2021-04-26,6,22,"arkhe",FALSE,16,8334,10768
2021-04-27,1,37,"arkhe",FALSE,36,8370,10805
2021-04-28,6,32,"arkhe",FALSE,26,8396,10837
2021-04-29,0,13,"arkhe",FALSE,13,8409,10850
2021-04-30,0,12,"arkhe",FALSE,12,8421,10862
2021-05-01,4,21,"arkhe",FALSE,17,8438,10883
2021-05-02,1,8,"arkhe",FALSE,7,8445,10891
2021-05-03,4,19,"arkhe",FALSE,15,8460,10910
2021-05-04,1,35,"arkhe",FALSE,34,8494,10945
2021-05-05,4,19,"arkhe",FALSE,15,8509,10964
2021-05-06,3,29,"arkhe",FALSE,26,8535,10993
2021-05-07,0,12,"arkhe",FALSE,12,8547,11005
2021-05-08,3,17,"arkhe",FALSE,14,8561,11022
2021-05-09,0,7,"arkhe",FALSE,7,8568,11029
2021-05-10,3,24,"arkhe",FALSE,21,8589,11053
2021-05-11,0,19,"arkhe",FALSE,19,8608,11072
2021-05-12,10,45,"arkhe",FALSE,35,8643,11117
2021-05-13,0,17,"arkhe",FALSE,17,8660,11134
2021-05-14,3,49,"arkhe",TRUE,1,8661,11183
2021-05-15,1,15,"arkhe",FALSE,1,8662,11198
2021-05-16,4,33,"arkhe",FALSE,29,8691,11231
2021-05-17,1,24,"arkhe",FALSE,23,8714,11255
2021-05-18,7,69,"arkhe",FALSE,62,8776,11324
2021-05-19,5,42,"arkhe",FALSE,37,8813,11366
2021-05-20,5,44,"arkhe",FALSE,39,8852,11410
2021-05-21,2,26,"arkhe",FALSE,24,8876,11436
2021-05-22,3,33,"arkhe",FALSE,30,8906,11469
2021-05-23,0,12,"arkhe",FALSE,12,8918,11481
2021-05-24,0,36,"arkhe",FALSE,36,8954,11517
2021-05-25,3,50,"arkhe",FALSE,47,9001,11567
2021-05-26,5,26,"arkhe",FALSE,21,9022,11593
2021-05-27,0,14,"arkhe",FALSE,14,9036,11607
2021-05-28,3,36,"arkhe",FALSE,33,9069,11643
2021-05-29,0,9,"arkhe",FALSE,9,9078,11652
2021-05-30,3,22,"arkhe",FALSE,19,9097,11674
2021-05-31,0,14,"arkhe",FALSE,14,9111,11688
2021-06-01,3,24,"arkhe",FALSE,21,9132,11712
2021-06-02,4,18,"arkhe",FALSE,14,9146,11730
2021-06-03,3,21,"arkhe",FALSE,18,9164,11751
2021-06-04,0,5,"arkhe",FALSE,5,9169,11756
2021-06-05,0,8,"arkhe",FALSE,8,9177,11764
2021-06-06,3,18,"arkhe",FALSE,15,9192,11782
2021-06-07,0,15,"arkhe",FALSE,15,9207,11797
2021-06-08,5,25,"arkhe",FALSE,20,9227,11822
2021-06-09,6,19,"arkhe",FALSE,13,9240,11841
2021-06-10,1,14,"arkhe",FALSE,13,9253,11855
2021-06-11,3,14,"arkhe",FALSE,11,9264,11869
2021-06-12,0,8,"arkhe",FALSE,8,9272,11877
2021-06-13,4,16,"arkhe",FALSE,12,9284,11893
2021-06-14,0,7,"arkhe",FALSE,7,9291,11900
2021-06-15,0,10,"arkhe",FALSE,10,9301,11910
2021-06-16,6,30,"arkhe",FALSE,24,9325,11940
2021-06-17,0,25,"arkhe",FALSE,25,9350,11965
2021-06-18,3,20,"arkhe",FALSE,17,9367,11985
2021-06-19,0,6,"arkhe",FALSE,6,9373,11991
2021-06-20,3,22,"arkhe",FALSE,19,9392,12013
2021-06-21,0,16,"arkhe",FALSE,16,9408,12029
2021-06-22,7,30,"arkhe",FALSE,23,9431,12059
2021-06-23,5,23,"arkhe",FALSE,18,9449,12082
2021-06-24,3,22,"arkhe",FALSE,19,9468,12104
2021-06-25,0,8,"arkhe",FALSE,8,9476,12112
2021-06-26,3,20,"arkhe",FALSE,17,9493,12132
2021-06-27,0,12,"arkhe",FALSE,12,9505,12144
2021-06-28,3,43,"arkhe",FALSE,40,9545,12187
2021-06-29,0,11,"arkhe",FALSE,11,9556,12198
2021-06-30,6,30,"arkhe",FALSE,24,9580,12228
2021-07-01,0,15,"arkhe",FALSE,15,9595,12243
2021-07-02,3,23,"arkhe",FALSE,20,9615,12266
2021-07-03,3,15,"arkhe",FALSE,12,9627,12281
2021-07-04,0,12,"arkhe",FALSE,12,9639,12293
2021-07-05,3,22,"arkhe",FALSE,19,9658,12315
2021-07-06,4,15,"arkhe",FALSE,11,9669,12330
2021-07-07,6,18,"arkhe",FALSE,12,9681,12348
2021-07-08,4,19,"arkhe",FALSE,15,9696,12367
2021-07-09,1,7,"arkhe",FALSE,6,9702,12374
2021-07-10,4,14,"arkhe",FALSE,10,9712,12388
2021-07-11,0,9,"arkhe",FALSE,9,9721,12397
2021-07-12,3,31,"arkhe",FALSE,28,9749,12428
2021-07-13,1,14,"arkhe",FALSE,13,9762,12442
2021-07-14,12,24,"arkhe",FALSE,12,9774,12466
2021-07-15,2,12,"arkhe",FALSE,10,9784,12478
2021-07-16,4,15,"arkhe",FALSE,11,9795,12493
2021-07-17,0,16,"arkhe",FALSE,16,9811,12509
2021-07-18,3,15,"arkhe",FALSE,12,9823,12524
2021-07-19,1,11,"arkhe",FALSE,10,9833,12535
2021-07-20,3,24,"arkhe",FALSE,21,9854,12559
2021-07-21,7,21,"arkhe",FALSE,14,9868,12580
2021-07-22,5,27,"arkhe",FALSE,22,9890,12607
2021-07-23,1,9,"arkhe",FALSE,8,9898,12616
2021-07-24,3,13,"arkhe",FALSE,10,9908,12629
2021-07-25,0,4,"arkhe",FALSE,4,9912,12633
2021-07-26,3,26,"arkhe",FALSE,23,9935,12659
2021-07-27,0,9,"arkhe",FALSE,9,9944,12668
2021-07-28,9,27,"arkhe",FALSE,18,9962,12695
2021-07-29,0,3,"arkhe",FALSE,3,9965,12698
2021-07-30,3,19,"arkhe",FALSE,16,9981,12717
2021-07-31,0,4,"arkhe",FALSE,4,9985,12721
2021-08-01,3,15,"arkhe",FALSE,12,9997,12736
2021-08-02,1,10,"arkhe",FALSE,9,10006,12746
2021-08-03,3,55,"arkhe",FALSE,52,10058,12801
2021-08-04,4,139,"arkhe",FALSE,135,10193,12940
2021-08-05,3,27,"arkhe",FALSE,24,10217,12967
2021-08-06,0,9,"arkhe",FALSE,9,10226,12976
2021-08-07,3,15,"arkhe",FALSE,12,10238,12991
2021-08-08,0,14,"arkhe",FALSE,14,10252,13005
2021-08-09,8,27,"arkhe",FALSE,19,10271,13032
2021-08-10,2,23,"arkhe",FALSE,21,10292,13055
2021-08-11,9,29,"arkhe",FALSE,20,10312,13084
2021-08-12,0,18,"arkhe",FALSE,18,10330,13102
2021-08-13,3,23,"arkhe",FALSE,20,10350,13125
2021-08-14,0,10,"arkhe",FALSE,10,10360,13135
2021-08-15,3,18,"arkhe",FALSE,15,10375,13153
2021-08-16,0,11,"arkhe",FALSE,11,10386,13164
2021-08-17,0,14,"arkhe",FALSE,14,10400,13178
2021-08-18,4,24,"arkhe",FALSE,20,10420,13202
2021-08-19,4,26,"arkhe",FALSE,22,10442,13228
2021-08-20,0,14,"arkhe",FALSE,14,10456,13242
2021-08-21,0,11,"arkhe",FALSE,11,10467,13253
2021-08-22,0,6,"arkhe",FALSE,6,10473,13259
2021-08-23,4,25,"arkhe",FALSE,21,10494,13284
2021-08-24,0,11,"arkhe",FALSE,11,10505,13295
2021-08-25,7,36,"arkhe",FALSE,29,10534,13331
2021-08-26,0,9,"arkhe",FALSE,9,10543,13340
2021-08-27,0,15,"arkhe",FALSE,15,10558,13355
2021-08-28,3,13,"arkhe",FALSE,10,10568,13368
2021-08-29,1,5,"arkhe",FALSE,4,10572,13373
2021-08-30,1,14,"arkhe",FALSE,13,10585,13387
2021-08-31,4,30,"arkhe",FALSE,26,10611,13417
2021-09-01,6,17,"arkhe",FALSE,11,10622,13434
2021-09-02,0,14,"arkhe",FALSE,14,10636,13448
2021-09-03,3,33,"arkhe",FALSE,30,10666,13481
2021-09-04,0,5,"arkhe",FALSE,5,10671,13486
2021-09-05,1,11,"arkhe",FALSE,10,10681,13497
2021-09-06,3,24,"arkhe",FALSE,21,10702,13521
2021-09-07,2,13,"arkhe",FALSE,11,10713,13534
2021-09-08,4,23,"arkhe",FALSE,19,10732,13557
2021-09-09,0,16,"arkhe",FALSE,16,10748,13573
2021-09-10,3,26,"arkhe",FALSE,23,10771,13599
2021-09-11,2,4,"arkhe",FALSE,2,10773,13603
2021-09-12,6,16,"arkhe",FALSE,10,10783,13619
2021-09-13,1,6,"arkhe",FALSE,5,10788,13625
2021-09-14,3,15,"arkhe",FALSE,12,10800,13640
2021-09-15,3,21,"arkhe",FALSE,18,10818,13661
2021-09-16,5,19,"arkhe",FALSE,14,10832,13680
2021-09-17,0,9,"arkhe",FALSE,9,10841,13689
2021-09-18,3,31,"arkhe",TRUE,1,10842,13720
2021-09-19,0,17,"arkhe",FALSE,1,10843,13737
2021-09-20,3,25,"arkhe",FALSE,22,10865,13762
2021-09-21,0,21,"arkhe",FALSE,21,10886,13783
2021-09-22,7,51,"arkhe",FALSE,44,10930,13834
2021-09-23,0,13,"arkhe",FALSE,13,10943,13847
2021-09-24,3,46,"arkhe",FALSE,43,10986,13893
2021-09-25,0,9,"arkhe",FALSE,9,10995,13902
2021-09-26,3,33,"arkhe",FALSE,30,11025,13935
2021-09-27,0,34,"arkhe",FALSE,34,11059,13969
2021-09-28,3,42,"arkhe",FALSE,39,11098,14011
2021-09-29,3,29,"arkhe",FALSE,26,11124,14040
2021-09-30,3,49,"arkhe",FALSE,46,11170,14089
2021-10-01,0,22,"arkhe",FALSE,22,11192,14111
2021-10-02,3,32,"arkhe",FALSE,29,11221,14143
2021-10-03,0,10,"arkhe",FALSE,10,11231,14153
2021-10-04,3,39,"arkhe",FALSE,36,11267,14192
2021-10-05,4,41,"arkhe",FALSE,37,11304,14233
2021-10-06,3,30,"arkhe",FALSE,27,11331,14263
2021-10-07,3,23,"arkhe",FALSE,20,11351,14286
2021-10-08,0,23,"arkhe",FALSE,23,11374,14309
2021-10-09,3,31,"arkhe",FALSE,28,11402,14340
2021-10-10,0,15,"arkhe",FALSE,15,11417,14355
2021-10-11,4,26,"arkhe",FALSE,22,11439,14381
2021-10-12,0,8,"arkhe",FALSE,8,11447,14389
2021-10-13,6,31,"arkhe",FALSE,25,11472,14420
2021-10-14,0,8,"arkhe",FALSE,8,11480,14428
2021-10-15,3,18,"arkhe",FALSE,15,11495,14446
2021-10-16,0,5,"arkhe",FALSE,5,11500,14451
2021-10-17,4,23,"arkhe",FALSE,19,11519,14474
2021-10-18,0,18,"arkhe",FALSE,18,11537,14492
2021-10-19,4,24,"arkhe",FALSE,20,11557,14516
2021-10-20,6,28,"arkhe",FALSE,22,11579,14544
2021-10-21,3,23,"arkhe",FALSE,20,11599,14567
2021-10-22,0,9,"arkhe",FALSE,9,11608,14576
2021-10-23,3,27,"arkhe",FALSE,24,11632,14603
2021-10-24,0,9,"arkhe",FALSE,9,11641,14612
2021-10-25,4,35,"arkhe",FALSE,31,11672,14647
2021-10-26,0,70,"arkhe",FALSE,70,11742,14717
2021-10-27,6,121,"arkhe",FALSE,115,11857,14838
2021-10-28,0,33,"arkhe",FALSE,33,11890,14871
2021-10-29,3,30,"arkhe",FALSE,27,11917,14901
2021-10-30,0,8,"arkhe",FALSE,8,11925,14909
2021-10-31,3,25,"arkhe",FALSE,22,11947,14934
2021-11-01,0,60,"arkhe",FALSE,60,12007,14994
2021-11-02,3,41,"arkhe",FALSE,38,12045,15035
2021-11-03,3,43,"arkhe",FALSE,40,12085,15078
2021-11-04,4,43,"arkhe",FALSE,39,12124,15121
2021-11-05,0,39,"arkhe",FALSE,39,12163,15160
2021-11-06,0,47,"arkhe",FALSE,47,12210,15207
2021-11-07,4,39,"arkhe",FALSE,35,12245,15246
2021-11-08,0,120,"arkhe",FALSE,120,12365,15366
2021-11-09,3,72,"arkhe",FALSE,69,12434,15438
2021-11-10,0,129,"arkhe",FALSE,129,12563,15567
2021-11-11,3,66,"arkhe",FALSE,63,12626,15633
2021-11-12,0,29,"arkhe",FALSE,29,12655,15662
2021-11-13,3,36,"arkhe",FALSE,33,12688,15698
2021-11-14,0,14,"arkhe",FALSE,14,12702,15712
2021-11-15,3,27,"arkhe",FALSE,24,12726,15739
2021-11-16,0,24,"arkhe",FALSE,24,12750,15763
2021-11-17,3,35,"arkhe",FALSE,32,12782,15798
2021-11-18,0,27,"arkhe",FALSE,27,12809,15825
2021-11-19,3,28,"arkhe",FALSE,25,12834,15853
2021-11-20,0,8,"arkhe",FALSE,8,12842,15861
2021-11-21,14,42,"arkhe",FALSE,28,12870,15903
2021-11-22,0,25,"arkhe",FALSE,25,12895,15928
2021-11-23,3,32,"arkhe",FALSE,29,12924,15960
2021-11-24,3,18,"arkhe",FALSE,15,12939,15978
2021-11-25,3,26,"arkhe",FALSE,23,12962,16004
2021-11-26,0,6,"arkhe",FALSE,6,12968,16010
2021-11-27,3,16,"arkhe",FALSE,13,12981,16026
2021-11-28,0,6,"arkhe",FALSE,6,12987,16032
2021-11-29,4,24,"arkhe",FALSE,20,13007,16056
2021-11-30,0,17,"arkhe",FALSE,17,13024,16073
2021-12-01,6,31,"arkhe",FALSE,25,13049,16104
2021-12-02,0,20,"arkhe",FALSE,20,13069,16124
2021-12-03,3,24,"arkhe",FALSE,21,13090,16148
2021-12-04,0,13,"arkhe",FALSE,13,13103,16161
2021-12-05,0,6,"arkhe",FALSE,6,13109,16167
2021-12-06,3,26,"arkhe",FALSE,23,13132,16193
2021-12-07,0,12,"arkhe",FALSE,12,13144,16205
2021-12-08,7,25,"arkhe",FALSE,18,13162,16230
2021-12-09,4,35,"arkhe",FALSE,31,13193,16265
2021-12-10,0,21,"arkhe",FALSE,21,13214,16286
2021-12-11,3,15,"arkhe",FALSE,12,13226,16301
2021-12-12,0,6,"arkhe",FALSE,6,13232,16307
2021-12-13,4,26,"arkhe",FALSE,22,13254,16333
2021-12-14,3,11,"arkhe",FALSE,8,13262,16344
2021-12-15,8,36,"arkhe",FALSE,28,13290,16380
2021-12-16,1,9,"arkhe",FALSE,8,13298,16389
2021-12-17,4,26,"arkhe",FALSE,22,13320,16415
2021-12-18,1,7,"arkhe",FALSE,6,13326,16422
2021-12-19,3,19,"arkhe",FALSE,16,13342,16441
2021-12-20,0,12,"arkhe",FALSE,12,13354,16453
2021-12-21,3,26,"arkhe",FALSE,23,13377,16479
2021-12-22,4,29,"arkhe",FALSE,25,13402,16508
2021-12-23,0,10,"arkhe",FALSE,10,13412,16518
2021-12-24,3,34,"arkhe",FALSE,31,13443,16552
2021-12-25,1,8,"arkhe",FALSE,7,13450,16560
2021-12-26,4,17,"arkhe",FALSE,13,13463,16577
2021-12-27,0,4,"arkhe",FALSE,4,13467,16581
2021-12-28,4,25,"arkhe",FALSE,21,13488,16606
2021-12-29,4,20,"arkhe",FALSE,16,13504,16626
2021-12-30,3,25,"arkhe",FALSE,22,13526,16651
2021-12-31,0,10,"arkhe",FALSE,10,13536,16661
2022-01-01,0,4,"arkhe",FALSE,4,13540,16665
2022-01-02,0,7,"arkhe",FALSE,7,13547,16672
2022-01-03,0,7,"arkhe",FALSE,7,13554,16679
2022-01-04,0,9,"arkhe",FALSE,9,13563,16688
2022-01-05,3,23,"arkhe",FALSE,20,13583,16711
2022-01-06,0,16,"arkhe",FALSE,16,13599,16727
2022-01-07,0,6,"arkhe",FALSE,6,13605,16733
2022-01-08,0,3,"arkhe",FALSE,3,13608,16736
2022-01-09,0,13,"arkhe",FALSE,13,13621,16749
2022-01-10,0,7,"arkhe",FALSE,7,13628,16756
2022-01-11,3,17,"arkhe",FALSE,14,13642,16773
2022-01-12,3,23,"arkhe",FALSE,20,13662,16796
2022-01-13,3,30,"arkhe",FALSE,27,13689,16826
2022-01-14,0,16,"arkhe",FALSE,16,13705,16842
2022-01-15,3,24,"arkhe",FALSE,21,13726,16866
2022-01-16,0,5,"arkhe",FALSE,5,13731,16871
2022-01-17,0,10,"arkhe",FALSE,10,13741,16881
2022-01-18,0,14,"arkhe",FALSE,14,13755,16895
2022-01-19,0,13,"arkhe",FALSE,13,13768,16908
2022-01-20,3,19,"arkhe",FALSE,16,13784,16927
2022-01-21,1,13,"arkhe",FALSE,12,13796,16940
2022-01-22,3,19,"arkhe",FALSE,16,13812,16959
2022-01-23,0,5,"arkhe",FALSE,5,13817,16964
2022-01-24,3,41,"arkhe",FALSE,38,13855,17005
2022-01-25,0,6,"arkhe",FALSE,6,13861,17011
2022-01-26,0,13,"arkhe",FALSE,13,13874,17024
2022-01-27,0,10,"arkhe",FALSE,10,13884,17034
2022-01-28,3,20,"arkhe",FALSE,17,13901,17054
2022-01-29,0,6,"arkhe",FALSE,6,13907,17060
2022-01-30,3,18,"arkhe",FALSE,15,13922,17078
2022-01-31,0,14,"arkhe",FALSE,14,13936,17092
2022-02-01,3,21,"arkhe",FALSE,18,13954,17113
2022-02-02,0,18,"arkhe",FALSE,18,13972,17131
2022-02-03,0,12,"arkhe",FALSE,12,13984,17143
2022-02-04,0,10,"arkhe",FALSE,10,13994,17153
2022-02-05,0,14,"arkhe",FALSE,14,14008,17167
2022-02-06,3,18,"arkhe",FALSE,15,14023,17185
2022-02-07,0,12,"arkhe",FALSE,12,14035,17197
2022-02-08,13,42,"arkhe",FALSE,29,14064,17239
2022-02-09,6,26,"arkhe",FALSE,20,14084,17265
2022-02-10,3,19,"arkhe",FALSE,16,14100,17284
2022-02-11,0,13,"arkhe",FALSE,13,14113,17297
2022-02-12,3,18,"arkhe",FALSE,15,14128,17315
2022-02-13,0,3,"arkhe",FALSE,3,14131,17318
2022-02-14,3,22,"arkhe",FALSE,19,14150,17340
2022-02-15,0,15,"arkhe",FALSE,15,14165,17355
2022-02-16,9,33,"arkhe",FALSE,24,14189,17388
2022-02-17,0,16,"arkhe",FALSE,16,14205,17404
2022-02-18,3,23,"arkhe",FALSE,20,14225,17427
2022-02-19,0,9,"arkhe",FALSE,9,14234,17436
2022-02-20,0,6,"arkhe",FALSE,6,14240,17442
2022-02-21,3,21,"arkhe",FALSE,18,14258,17463
2022-02-22,0,5,"arkhe",FALSE,5,14263,17468
2022-02-23,11,39,"arkhe",FALSE,28,14291,17507
2022-02-24,0,14,"arkhe",FALSE,14,14305,17521
2022-02-25,3,19,"arkhe",FALSE,16,14321,17540
2022-02-26,0,8,"arkhe",FALSE,8,14329,17548
2022-02-27,4,21,"arkhe",FALSE,17,14346,17569
2022-02-28,0,13,"arkhe",FALSE,13,14359,17582
2022-03-01,3,53,"arkhe",FALSE,50,14409,17635
2022-03-02,3,50,"arkhe",FALSE,47,14456,17685
2022-03-03,3,49,"arkhe",FALSE,46,14502,17734
2022-03-04,0,56,"arkhe",FALSE,56,14558,17790
2022-03-05,3,19,"arkhe",FALSE,16,14574,17809
2022-03-06,0,8,"arkhe",FALSE,8,14582,17817
2022-03-07,3,34,"arkhe",FALSE,31,14613,17851
2022-03-08,2,33,"arkhe",FALSE,31,14644,17884
2022-03-09,10,53,"arkhe",FALSE,43,14687,17937
2022-03-10,0,28,"arkhe",FALSE,28,14715,17965
2022-03-11,1,59,"arkhe",FALSE,58,14773,18024
2022-03-12,0,15,"arkhe",FALSE,15,14788,18039
2022-03-13,3,20,"arkhe",FALSE,17,14805,18059
2022-03-14,0,39,"arkhe",FALSE,39,14844,18098
2022-03-15,3,37,"arkhe",FALSE,34,14878,18135
2022-03-16,4,61,"arkhe",FALSE,57,14935,18196
2022-03-17,3,33,"arkhe",FALSE,30,14965,18229
2022-03-18,0,25,"arkhe",FALSE,25,14990,18254
2022-03-19,3,20,"arkhe",FALSE,17,15007,18274
2022-03-20,0,9,"arkhe",FALSE,9,15016,18283
2022-03-21,4,24,"arkhe",FALSE,20,15036,18307
2022-03-22,0,16,"arkhe",FALSE,16,15052,18323
2022-03-23,9,41,"arkhe",FALSE,32,15084,18364
2022-03-24,0,22,"arkhe",FALSE,22,15106,18386
2022-03-25,3,50,"arkhe",FALSE,47,15153,18436
2022-03-26,0,18,"arkhe",FALSE,18,15171,18454
2022-03-27,3,12,"arkhe",FALSE,9,15180,18466
2022-03-28,0,16,"arkhe",FALSE,16,15196,18482
2022-03-29,3,45,"arkhe",FALSE,42,15238,18527
2022-03-30,5,50,"arkhe",FALSE,45,15283,18577
2022-03-31,3,47,"arkhe",FALSE,44,15327,18624
2022-04-01,1,9,"arkhe",FALSE,8,15335,18633
2022-04-02,3,36,"arkhe",FALSE,33,15368,18669
2022-04-03,0,9,"arkhe",FALSE,9,15377,18678
2022-04-04,4,79,"arkhe",FALSE,75,15452,18757
2022-04-05,0,73,"arkhe",FALSE,73,15525,18830
2022-04-06,10,60,"arkhe",FALSE,50,15575,18890
2022-04-07,3,65,"arkhe",FALSE,62,15637,18955
2022-04-08,0,46,"arkhe",FALSE,46,15683,19001
2022-04-09,0,20,"arkhe",FALSE,20,15703,19021
2022-04-10,0,15,"arkhe",FALSE,15,15718,19036
2022-04-11,6,54,"arkhe",FALSE,48,15766,19090
2022-04-12,0,69,"arkhe",FALSE,69,15835,19159
2022-04-13,6,69,"arkhe",FALSE,63,15898,19228
2022-04-14,0,19,"arkhe",FALSE,19,15917,19247
2022-04-15,0,16,"arkhe",FALSE,16,15933,19263
2022-04-16,3,31,"arkhe",FALSE,28,15961,19294
2022-04-17,0,12,"arkhe",FALSE,12,15973,19306
2022-04-18,3,54,"arkhe",FALSE,51,16024,19360
2022-04-19,0,24,"arkhe",FALSE,24,16048,19384
2022-04-20,10,54,"arkhe",FALSE,44,16092,19438
2022-04-21,0,47,"arkhe",FALSE,47,16139,19485
2022-04-22,3,49,"arkhe",FALSE,46,16185,19534
2022-04-23,0,10,"arkhe",FALSE,10,16195,19544
2022-04-24,0,9,"arkhe",FALSE,9,16204,19553
2022-04-25,0,36,"arkhe",FALSE,36,16240,19589
2022-04-26,0,29,"arkhe",FALSE,29,16269,19618
2022-04-27,9,73,"arkhe",FALSE,64,16333,19691
2022-04-28,0,37,"arkhe",FALSE,37,16370,19728
2022-04-29,0,39,"arkhe",FALSE,39,16409,19767
2022-04-30,3,17,"arkhe",FALSE,14,16423,19784
2022-05-01,0,9,"arkhe",FALSE,9,16432,19793
2022-05-02,3,36,"arkhe",FALSE,33,16465,19829
2022-05-03,0,37,"arkhe",FALSE,37,16502,19866
2022-05-04,9,74,"arkhe",FALSE,65,16567,19940
2022-05-05,0,17,"arkhe",FALSE,17,16584,19957
2022-05-06,4,46,"arkhe",FALSE,42,16626,20003
2022-05-07,0,11,"arkhe",FALSE,11,16637,20014
2022-05-08,3,19,"arkhe",FALSE,16,16653,20033
2022-05-09,0,25,"arkhe",FALSE,25,16678,20058
2022-05-10,3,39,"arkhe",FALSE,36,16714,20097
2022-05-11,4,37,"arkhe",FALSE,33,16747,20134
2022-05-12,3,59,"arkhe",FALSE,56,16803,20193
2022-05-13,0,35,"arkhe",FALSE,35,16838,20228
2022-05-14,3,16,"arkhe",FALSE,13,16851,20244
2022-05-15,0,7,"arkhe",FALSE,7,16858,20251
2022-05-16,3,56,"arkhe",FALSE,53,16911,20307
2022-05-17,1,38,"arkhe",FALSE,37,16948,20345
2022-05-18,4,65,"arkhe",FALSE,61,17009,20410
2022-05-19,0,71,"arkhe",FALSE,71,17080,20481
2022-05-20,3,60,"arkhe",FALSE,57,17137,20541
2022-05-21,0,3,"arkhe",FALSE,3,17140,20544
2022-05-22,3,20,"arkhe",FALSE,17,17157,20564
2022-05-23,0,35,"arkhe",FALSE,35,17192,20599
2022-05-24,0,23,"arkhe",FALSE,23,17215,20622
2022-05-25,9,51,"arkhe",FALSE,42,17257,20673
2022-05-26,0,58,"arkhe",FALSE,58,17315,20731
2022-05-27,3,30,"arkhe",FALSE,27,17342,20761
2022-05-28,0,8,"arkhe",FALSE,8,17350,20769
2022-05-29,3,19,"arkhe",FALSE,16,17366,20788
2022-05-30,0,33,"arkhe",FALSE,33,17399,20821
2022-05-31,3,44,"arkhe",FALSE,41,17440,20865
2022-06-01,2,80,"arkhe",FALSE,78,17518,20945
2022-06-02,3,42,"arkhe",FALSE,39,17557,20987
2022-06-03,0,38,"arkhe",FALSE,38,17595,21025
2022-06-04,3,22,"arkhe",FALSE,19,17614,21047
2022-06-05,0,6,"arkhe",FALSE,6,17620,21053
2022-06-06,3,40,"arkhe",FALSE,37,17657,21093
2022-06-07,0,25,"arkhe",FALSE,25,17682,21118
2022-06-08,10,46,"arkhe",FALSE,36,17718,21164
2022-06-09,0,31,"arkhe",FALSE,31,17749,21195
2022-06-10,0,26,"arkhe",FALSE,26,17775,21221
2022-06-11,3,19,"arkhe",FALSE,16,17791,21240
2022-06-12,0,5,"arkhe",FALSE,5,17796,21245
2022-06-13,3,34,"arkhe",FALSE,31,17827,21279
2022-06-14,4,53,"arkhe",FALSE,49,17876,21332
2022-06-15,3,94,"arkhe",TRUE,1,17877,21426
2022-06-16,0,31,"arkhe",FALSE,1,17878,21457
2022-06-17,0,29,"arkhe",FALSE,29,17907,21486
2022-06-18,0,14,"arkhe",FALSE,14,17921,21500
2022-06-19,0,16,"arkhe",FALSE,16,17937,21516
2022-06-20,0,47,"arkhe",FALSE,47,17984,21563
2022-06-21,0,40,"arkhe",FALSE,40,18024,21603
2022-06-22,2,65,"arkhe",FALSE,63,18087,21668
2022-06-23,0,42,"arkhe",FALSE,42,18129,21710
2022-06-24,3,79,"arkhe",FALSE,76,18205,21789
2022-06-25,0,10,"arkhe",FALSE,10,18215,21799
2022-06-26,0,10,"arkhe",FALSE,10,18225,21809
2022-06-27,0,29,"arkhe",FALSE,29,18254,21838
2022-06-28,0,58,"arkhe",FALSE,58,18312,21896
2022-06-29,3,63,"arkhe",FALSE,60,18372,21959
2022-06-30,3,71,"arkhe",FALSE,68,18440,22030
2022-07-01,0,48,"arkhe",FALSE,48,18488,22078
2022-07-02,0,15,"arkhe",FALSE,15,18503,22093
2022-07-03,3,38,"arkhe",FALSE,35,18538,22131
2022-07-04,0,51,"arkhe",FALSE,51,18589,22182
2022-07-05,0,60,"arkhe",FALSE,60,18649,22242
2022-07-06,9,57,"arkhe",FALSE,48,18697,22299
2022-07-07,0,35,"arkhe",FALSE,35,18732,22334
2022-07-08,0,67,"arkhe",FALSE,67,18799,22401
2022-07-09,3,28,"arkhe",FALSE,25,18824,22429
2022-07-10,0,8,"arkhe",FALSE,8,18832,22437
2022-07-11,0,23,"arkhe",FALSE,23,18855,22460
2022-07-12,3,27,"arkhe",FALSE,24,18879,22487
2022-07-13,3,65,"arkhe",FALSE,62,18941,22552
2022-07-14,0,52,"arkhe",FALSE,52,18993,22604
2022-07-15,3,59,"arkhe",FALSE,56,19049,22663
2022-07-16,0,23,"arkhe",FALSE,23,19072,22686
2022-07-17,0,8,"arkhe",FALSE,8,19080,22694
2022-07-18,4,29,"arkhe",FALSE,25,19105,22723
2022-07-19,0,15,"arkhe",FALSE,15,19120,22738
2022-07-20,2,30,"arkhe",FALSE,28,19148,22768
2022-07-21,3,75,"arkhe",FALSE,72,19220,22843
2022-07-22,0,67,"arkhe",FALSE,67,19287,22910
2022-07-23,0,14,"arkhe",FALSE,14,19301,22924
2022-07-24,3,22,"arkhe",FALSE,19,19320,22946
2022-07-25,0,46,"arkhe",FALSE,46,19366,22992
2022-07-26,0,37,"arkhe",FALSE,37,19403,23029
2022-07-27,9,82,"arkhe",FALSE,73,19476,23111
2022-07-28,0,43,"arkhe",FALSE,43,19519,23154
2022-07-29,0,25,"arkhe",FALSE,25,19544,23179
2022-07-30,3,19,"arkhe",FALSE,16,19560,23198
2022-07-31,3,19,"arkhe",FALSE,16,19576,23217
2022-08-01,0,38,"arkhe",FALSE,38,19614,23255
2022-08-02,0,52,"arkhe",FALSE,52,19666,23307
2022-08-03,9,74,"arkhe",FALSE,65,19731,23381
2022-08-04,0,58,"arkhe",FALSE,58,19789,23439
2022-08-05,0,37,"arkhe",FALSE,37,19826,23476
2022-08-06,3,18,"arkhe",FALSE,15,19841,23494
2022-08-07,0,11,"arkhe",FALSE,11,19852,23505
2022-08-08,0,35,"arkhe",FALSE,35,19887,23540
2022-08-09,3,55,"arkhe",FALSE,52,19939,23595
2022-08-10,0,61,"arkhe",FALSE,61,20000,23656
2022-08-11,1,69,"arkhe",FALSE,68,20068,23725
2022-08-12,3,44,"arkhe",FALSE,41,20109,23769
2022-08-13,2,7,"arkhe",FALSE,5,20114,23776
2022-08-14,1,11,"arkhe",FALSE,10,20124,23787
2022-08-15,3,37,"arkhe",FALSE,34,20158,23824
2022-08-16,1,31,"arkhe",FALSE,30,20188,23855
2022-08-17,6,49,"arkhe",FALSE,43,20231,23904
2022-08-18,6,52,"arkhe",FALSE,46,20277,23956
2022-08-19,0,13,"arkhe",FALSE,13,20290,23969
2022-08-20,0,4,"arkhe",FALSE,4,20294,23973
2022-08-21,3,17,"arkhe",FALSE,14,20308,23990
2022-08-22,0,32,"arkhe",FALSE,32,20340,24022
2022-08-23,0,40,"arkhe",FALSE,40,20380,24062
2022-08-24,10,49,"arkhe",FALSE,39,20419,24111
2022-08-25,1,48,"arkhe",FALSE,47,20466,24159
2022-08-26,0,23,"arkhe",FALSE,23,20489,24182
2022-08-27,3,32,"arkhe",FALSE,29,20518,24214
2022-08-28,0,40,"arkhe",FALSE,40,20558,24254
2022-08-29,0,36,"arkhe",FALSE,36,20594,24290
2022-08-30,5,40,"arkhe",FALSE,35,20629,24330
2022-08-31,2,18,"arkhe",FALSE,16,20645,24348
2022-09-01,0,21,"arkhe",FALSE,21,20666,24369
2022-09-02,3,21,"arkhe",FALSE,18,20684,24390
2022-09-03,0,3,"arkhe",FALSE,3,20687,24393
2022-09-04,0,5,"arkhe",FALSE,5,20692,24398
2022-09-05,3,26,"arkhe",FALSE,23,20715,24424
2022-09-06,0,16,"arkhe",FALSE,16,20731,24440
2022-09-07,0,32,"arkhe",FALSE,32,20763,24472
2022-09-08,7,47,"arkhe",FALSE,40,20803,24519
2022-09-09,0,18,"arkhe",FALSE,18,20821,24537
2022-09-10,0,8,"arkhe",FALSE,8,20829,24545
2022-09-11,3,25,"arkhe",FALSE,22,20851,24570
2022-09-12,0,17,"arkhe",FALSE,17,20868,24587
2022-09-13,0,18,"arkhe",FALSE,18,20886,24605
2022-09-14,9,49,"arkhe",FALSE,40,20926,24654
2022-09-15,0,15,"arkhe",FALSE,15,20941,24669
2022-09-16,0,13,"arkhe",FALSE,13,20954,24682
2022-09-17,3,12,"arkhe",FALSE,9,20963,24694
2022-09-18,0,3,"arkhe",FALSE,3,20966,24697
2022-09-19,0,29,"arkhe",FALSE,29,20995,24726
2022-09-20,3,30,"arkhe",FALSE,27,21022,24756
2022-09-21,0,20,"arkhe",FALSE,20,21042,24776
2022-09-22,0,19,"arkhe",FALSE,19,21061,24795
2022-09-23,3,30,"arkhe",FALSE,27,21088,24825
2022-09-24,0,4,"arkhe",FALSE,4,21092,24829
2022-09-25,0,8,"arkhe",FALSE,8,21100,24837
2022-09-26,3,29,"arkhe",FALSE,26,21126,24866
2022-09-27,0,19,"arkhe",FALSE,19,21145,24885
2022-09-28,0,15,"arkhe",FALSE,15,21160,24900
2022-09-29,3,31,"arkhe",FALSE,28,21188,24931
2022-09-30,0,15,"arkhe",FALSE,15,21203,24946
2022-10-01,0,6,"arkhe",FALSE,6,21209,24952
2022-10-02,3,17,"arkhe",FALSE,14,21223,24969
2022-10-03,1,25,"arkhe",FALSE,24,21247,24994
2022-10-04,0,22,"arkhe",FALSE,22,21269,25016
2022-10-05,3,30,"arkhe",FALSE,27,21296,25046
2022-10-06,0,22,"arkhe",FALSE,22,21318,25068
2022-10-07,0,21,"arkhe",FALSE,21,21339,25089
2022-10-08,3,21,"arkhe",FALSE,18,21357,25110
2022-10-09,0,8,"arkhe",FALSE,8,21365,25118
2022-10-10,0,30,"arkhe",FALSE,30,21395,25148
2022-10-11,0,28,"arkhe",FALSE,28,21423,25176
2022-10-12,3,27,"arkhe",FALSE,24,21447,25203
2022-10-13,0,27,"arkhe",FALSE,27,21474,25230
2022-10-14,0,22,"arkhe",FALSE,22,21496,25252
2022-10-15,3,22,"arkhe",FALSE,19,21515,25274
2022-10-16,0,9,"arkhe",FALSE,9,21524,25283
2022-10-17,0,50,"arkhe",FALSE,50,21574,25333
2022-10-18,3,34,"arkhe",FALSE,31,21605,25367
2022-10-19,0,10,"arkhe",FALSE,10,21615,25377
2022-10-20,3,25,"arkhe",FALSE,22,21637,25402
2022-10-21,0,12,"arkhe",FALSE,12,21649,25414
2022-10-22,0,20,"arkhe",FALSE,20,21669,25434
2022-10-23,3,15,"arkhe",FALSE,12,21681,25449
2022-10-24,0,21,"arkhe",FALSE,21,21702,25470
2022-10-25,0,15,"arkhe",FALSE,15,21717,25485
2022-10-26,3,23,"arkhe",FALSE,20,21737,25508
2022-10-27,0,16,"arkhe",FALSE,16,21753,25524
2022-10-28,0,66,"arkhe",TRUE,1,21754,25590
2022-10-29,0,12,"arkhe",FALSE,1,21755,25602
2022-10-30,0,11,"arkhe",FALSE,11,21766,25613
2022-10-31,0,19,"arkhe",FALSE,19,21785,25632
2022-11-01,0,33,"arkhe",FALSE,33,21818,25665
2022-11-02,1,22,"arkhe",FALSE,21,21839,25687
2022-11-03,3,33,"arkhe",FALSE,30,21869,25720
2022-11-04,0,10,"arkhe",FALSE,10,21879,25730
2022-11-05,3,62,"arkhe",FALSE,59,21938,25792
2022-11-06,0,12,"arkhe",FALSE,12,21950,25804
2022-11-07,3,42,"arkhe",FALSE,39,21989,25846
2022-11-08,0,23,"arkhe",FALSE,23,22012,25869
2022-11-09,0,24,"arkhe",FALSE,24,22036,25893
2022-11-10,3,38,"arkhe",FALSE,35,22071,25931
2022-11-11,0,13,"arkhe",FALSE,13,22084,25944
2022-11-12,0,30,"arkhe",FALSE,30,22114,25974
2022-11-13,0,15,"arkhe",FALSE,15,22129,25989
2022-11-14,3,27,"arkhe",FALSE,24,22153,26016
2022-11-15,0,19,"arkhe",FALSE,19,22172,26035
2022-11-16,0,16,"arkhe",FALSE,16,22188,26051
2022-11-17,3,28,"arkhe",FALSE,25,22213,26079
2022-11-18,7,73,"arkhe",FALSE,66,22279,26152
2022-11-19,0,9,"arkhe",FALSE,9,22288,26161
2022-11-20,0,24,"arkhe",FALSE,24,22312,26185
2022-11-21,3,21,"arkhe",FALSE,18,22330,26206
2022-11-22,1,23,"arkhe",FALSE,22,22352,26229
2022-11-23,0,23,"arkhe",FALSE,23,22375,26252
2022-11-24,0,20,"arkhe",FALSE,20,22395,26272
2022-11-25,0,18,"arkhe",FALSE,18,22413,26290
2022-11-26,0,20,"arkhe",FALSE,20,22433,26310
2022-11-27,0,18,"arkhe",FALSE,18,22451,26328
2022-11-28,3,14,"arkhe",FALSE,11,22462,26342
2022-11-29,0,24,"arkhe",FALSE,24,22486,26366
2022-11-30,0,24,"arkhe",FALSE,24,22510,26390
2022-12-01,0,41,"arkhe",FALSE,41,22551,26431
2022-12-02,0,21,"arkhe",FALSE,21,22572,26452
2022-12-03,0,6,"arkhe",FALSE,6,22578,26458
2022-12-04,0,15,"arkhe",FALSE,15,22593,26473
2022-12-05,0,18,"arkhe",FALSE,18,22611,26491
2022-12-06,2,16,"arkhe",FALSE,14,22625,26507
2022-12-07,0,20,"arkhe",FALSE,20,22645,26527
2022-12-08,0,12,"arkhe",FALSE,12,22657,26539
2022-12-09,0,25,"arkhe",FALSE,25,22682,26564
2022-12-10,0,4,"arkhe",FALSE,4,22686,26568
2022-12-11,0,7,"arkhe",FALSE,7,22693,26575
2022-12-12,0,18,"arkhe",FALSE,18,22711,26593
2022-12-13,0,21,"arkhe",FALSE,21,22732,26614
2022-12-14,0,16,"arkhe",FALSE,16,22748,26630
2022-12-15,0,25,"arkhe",FALSE,25,22773,26655
2022-12-16,4,29,"arkhe",FALSE,25,22798,26684
2022-12-17,0,6,"arkhe",FALSE,6,22804,26690
2022-12-18,0,8,"arkhe",FALSE,8,22812,26698
2022-12-19,0,13,"arkhe",FALSE,13,22825,26711
2022-12-20,0,10,"arkhe",FALSE,10,22835,26721
2022-12-21,0,25,"arkhe",FALSE,25,22860,26746
2022-12-22,0,10,"arkhe",FALSE,10,22870,26756
2022-12-23,0,26,"arkhe",FALSE,26,22896,26782
2022-12-24,2,13,"arkhe",FALSE,11,22907,26795
2022-12-25,1,10,"arkhe",FALSE,9,22916,26805
2022-12-26,0,13,"arkhe",FALSE,13,22929,26818
2022-12-27,0,7,"arkhe",FALSE,7,22936,26825
2022-12-28,0,9,"arkhe",FALSE,9,22945,26834
2022-12-29,0,6,"arkhe",FALSE,6,22951,26840
2022-12-30,0,6,"arkhe",FALSE,6,22957,26846
2022-12-31,0,4,"arkhe",FALSE,4,22961,26850
2023-01-01,0,4,"arkhe",FALSE,4,22965,26854
2023-01-02,0,11,"arkhe",FALSE,11,22976,26865
2023-01-03,0,12,"arkhe",FALSE,12,22988,26877
2023-01-04,3,14,"arkhe",FALSE,11,22999,26891
2023-01-05,0,16,"arkhe",FALSE,16,23015,26907
2023-01-06,1,18,"arkhe",FALSE,17,23032,26925
2023-01-07,0,17,"arkhe",FALSE,17,23049,26942
2023-01-08,0,6,"arkhe",FALSE,6,23055,26948
2023-01-09,0,20,"arkhe",FALSE,20,23075,26968
2023-01-10,0,8,"arkhe",FALSE,8,23083,26976
2023-01-11,0,17,"arkhe",FALSE,17,23100,26993
2023-01-12,0,9,"arkhe",FALSE,9,23109,27002
2023-01-13,0,14,"arkhe",FALSE,14,23123,27016
2023-01-14,0,12,"arkhe",FALSE,12,23135,27028
2023-01-15,0,12,"arkhe",FALSE,12,23147,27040
2023-01-16,3,7,"arkhe",FALSE,4,23151,27047
2023-01-17,7,39,"arkhe",FALSE,32,23183,27086
2023-01-18,2,61,"arkhe",TRUE,1,23184,27147
2023-01-19,0,20,"arkhe",FALSE,1,23185,27167
2023-01-20,0,29,"arkhe",FALSE,29,23214,27196
2023-01-21,2,19,"arkhe",FALSE,17,23231,27215
2023-01-22,0,15,"arkhe",FALSE,15,23246,27230
2023-01-23,0,20,"arkhe",FALSE,20,23266,27250
2023-01-24,0,17,"arkhe",FALSE,17,23283,27267
2023-01-25,0,24,"arkhe",FALSE,24,23307,27291
2023-01-26,0,36,"arkhe",FALSE,36,23343,27327
2023-01-27,0,9,"arkhe",FALSE,9,23352,27336
2023-01-28,0,8,"arkhe",FALSE,8,23360,27344
2023-01-29,0,7,"arkhe",FALSE,7,23367,27351
2023-01-30,0,17,"arkhe",FALSE,17,23384,27368
2023-01-31,0,32,"arkhe",FALSE,32,23416,27400
2023-02-01,0,29,"arkhe",FALSE,29,23445,27429
2023-02-02,5,37,"arkhe",FALSE,32,23477,27466
2023-02-03,0,20,"arkhe",FALSE,20,23497,27486
2023-02-04,0,15,"arkhe",FALSE,15,23512,27501
2023-02-05,0,9,"arkhe",FALSE,9,23521,27510
2023-02-06,0,24,"arkhe",FALSE,24,23545,27534
2023-02-07,0,34,"arkhe",FALSE,34,23579,27568
2023-02-08,0,25,"arkhe",FALSE,25,23604,27593
2023-02-09,0,21,"arkhe",FALSE,21,23625,27614
2023-02-10,0,13,"arkhe",FALSE,13,23638,27627
2023-02-11,0,14,"arkhe",FALSE,14,23652,27641
2023-02-12,0,9,"arkhe",FALSE,9,23661,27650
2023-02-13,0,10,"arkhe",FALSE,10,23671,27660
2023-02-14,0,54,"arkhe",FALSE,54,23725,27714
2023-02-15,3,25,"arkhe",FALSE,22,23747,27739
2023-02-16,0,9,"arkhe",FALSE,9,23756,27748
2023-02-17,0,23,"arkhe",FALSE,23,23779,27771
2023-02-18,0,4,"arkhe",FALSE,4,23783,27775
2023-02-19,2,14,"arkhe",FALSE,12,23795,27789
2023-02-20,0,14,"arkhe",FALSE,14,23809,27803
2023-02-21,0,19,"arkhe",FALSE,19,23828,27822
2023-02-22,0,30,"arkhe",FALSE,30,23858,27852
2023-02-23,1,25,"arkhe",FALSE,24,23882,27877
2023-02-24,0,12,"arkhe",FALSE,12,23894,27889
2023-02-25,0,3,"arkhe",FALSE,3,23897,27892
2023-02-26,0,8,"arkhe",FALSE,8,23905,27900
2023-02-27,0,23,"arkhe",FALSE,23,23928,27923
2023-02-28,0,14,"arkhe",FALSE,14,23942,27937
2023-03-01,0,15,"arkhe",FALSE,15,23957,27952
2023-03-02,0,17,"arkhe",FALSE,17,23974,27969
2023-03-03,0,11,"arkhe",FALSE,11,23985,27980
2023-03-04,0,15,"arkhe",FALSE,15,24000,27995
2023-03-05,0,15,"arkhe",FALSE,15,24015,28010
2023-03-06,3,17,"arkhe",FALSE,14,24029,28027
2023-03-07,0,13,"arkhe",FALSE,13,24042,28040
2023-03-08,0,16,"arkhe",FALSE,16,24058,28056
2023-03-09,3,33,"arkhe",FALSE,30,24088,28089
2023-03-10,2,39,"arkhe",FALSE,37,24125,28128
2023-03-11,0,13,"arkhe",FALSE,13,24138,28141
2023-03-12,0,12,"arkhe",FALSE,12,24150,28153
2023-03-13,0,26,"arkhe",FALSE,26,24176,28179
2023-03-14,0,11,"arkhe",FALSE,11,24187,28190
2023-03-15,5,37,"arkhe",FALSE,32,24219,28227
2023-03-16,3,31,"arkhe",FALSE,28,24247,28258
2023-03-17,0,20,"arkhe",FALSE,20,24267,28278
2023-03-18,2,17,"arkhe",FALSE,15,24282,28295
2023-03-19,0,15,"arkhe",FALSE,15,24297,28310
2023-03-20,8,27,"arkhe",FALSE,19,24316,28337
2023-03-21,0,23,"arkhe",FALSE,23,24339,28360
2023-03-22,2,32,"arkhe",FALSE,30,24369,28392
2023-03-23,0,9,"arkhe",FALSE,9,24378,28401
2023-03-24,0,16,"arkhe",FALSE,16,24394,28417
2023-03-25,1,9,"arkhe",FALSE,8,24402,28426
2023-03-26,0,13,"arkhe",FALSE,13,24415,28439
2023-03-27,4,30,"arkhe",FALSE,26,24441,28469
2023-03-28,0,27,"arkhe",FALSE,27,24468,28496
2023-03-29,2,30,"arkhe",FALSE,28,24496,28526
2023-03-30,0,23,"arkhe",FALSE,23,24519,28549
2023-03-31,0,9,"arkhe",FALSE,9,24528,28558
2023-04-01,0,17,"arkhe",FALSE,17,24545,28575
2023-04-02,3,7,"arkhe",FALSE,4,24549,28582
2023-04-03,0,20,"arkhe",FALSE,20,24569,28602
2023-04-04,0,18,"arkhe",FALSE,18,24587,28620
2023-04-05,0,21,"arkhe",FALSE,21,24608,28641
2023-04-06,0,22,"arkhe",FALSE,22,24630,28663
2023-04-07,0,23,"arkhe",FALSE,23,24653,28686
2023-04-08,3,13,"arkhe",FALSE,10,24663,28699
2023-04-09,0,10,"arkhe",FALSE,10,24673,28709
2023-04-10,0,13,"arkhe",FALSE,13,24686,28722
2023-04-11,0,17,"arkhe",FALSE,17,24703,28739
2023-04-12,2,40,"arkhe",FALSE,38,24741,28779
2023-04-13,1,19,"arkhe",FALSE,18,24759,28798
2023-04-14,3,31,"arkhe",FALSE,28,24787,28829
2023-04-15,0,8,"arkhe",FALSE,8,24795,28837
2023-04-16,0,9,"arkhe",FALSE,9,24804,28846
2023-04-17,0,18,"arkhe",FALSE,18,24822,28864
2023-04-18,0,20,"arkhe",FALSE,20,24842,28884
2023-04-19,9,60,"arkhe",FALSE,51,24893,28944
2023-04-20,0,18,"arkhe",FALSE,18,24911,28962
2023-04-21,3,23,"arkhe",FALSE,20,24931,28985
2023-04-22,0,19,"arkhe",FALSE,19,24950,29004
2023-04-23,0,7,"arkhe",FALSE,7,24957,29011
2023-04-24,0,20,"arkhe",FALSE,20,24977,29031
2023-04-25,0,14,"arkhe",FALSE,14,24991,29045
2023-04-26,2,37,"arkhe",FALSE,35,25026,29082
2023-04-27,0,27,"arkhe",FALSE,27,25053,29109
2023-04-28,0,14,"arkhe",FALSE,14,25067,29123
2023-04-29,0,4,"arkhe",FALSE,4,25071,29127
2023-04-30,0,6,"arkhe",FALSE,6,25077,29133
2023-05-01,0,13,"arkhe",FALSE,13,25090,29146
2023-05-02,0,15,"arkhe",FALSE,15,25105,29161
2023-05-03,2,33,"arkhe",FALSE,31,25136,29194
2023-05-04,0,6,"arkhe",FALSE,6,25142,29200
2023-05-05,0,20,"arkhe",FALSE,20,25162,29220
2023-05-06,0,16,"arkhe",FALSE,16,25178,29236
2023-05-07,0,10,"arkhe",FALSE,10,25188,29246
2023-05-08,0,49,"arkhe",FALSE,49,25237,29295
2023-05-09,0,17,"arkhe",FALSE,17,25254,29312
2023-05-10,2,43,"arkhe",FALSE,41,25295,29355
2023-05-11,0,24,"arkhe",TRUE,1,25296,29379
2023-05-12,0,47,"arkhe",FALSE,1,25297,29426
2023-05-13,0,18,"arkhe",FALSE,18,25315,29444
2023-05-14,0,22,"arkhe",FALSE,22,25337,29466
2023-05-15,2,53,"arkhe",FALSE,51,25388,29519
2023-05-16,0,46,"arkhe",FALSE,46,25434,29565
2023-05-17,2,39,"arkhe",FALSE,37,25471,29604
2023-05-18,0,19,"arkhe",FALSE,19,25490,29623
2023-05-19,0,10,"arkhe",FALSE,10,25500,29633
2023-05-20,0,25,"arkhe",FALSE,25,25525,29658
2023-05-21,0,16,"arkhe",FALSE,16,25541,29674
2023-05-22,0,18,"arkhe",FALSE,18,25559,29692
2023-05-23,0,24,"arkhe",FALSE,24,25583,29716
2023-05-24,2,41,"arkhe",FALSE,39,25622,29757
2023-05-25,0,19,"arkhe",FALSE,19,25641,29776
2023-05-26,0,25,"arkhe",FALSE,25,25666,29801
2023-05-27,0,12,"arkhe",FALSE,12,25678,29813
2023-05-28,0,9,"arkhe",FALSE,9,25687,29822
2023-05-29,0,13,"arkhe",FALSE,13,25700,29835
2023-05-30,0,17,"arkhe",FALSE,17,25717,29852
2023-05-31,0,35,"arkhe",FALSE,35,25752,29887
2023-06-01,1,26,"arkhe",FALSE,25,25777,29913
2023-06-02,0,32,"arkhe",FALSE,32,25809,29945
2023-06-03,0,12,"arkhe",FALSE,12,25821,29957
2023-06-04,0,11,"arkhe",FALSE,11,25832,29968
2023-06-05,0,13,"arkhe",FALSE,13,25845,29981
2023-06-06,0,15,"arkhe",FALSE,15,25860,29996
2023-06-07,0,15,"arkhe",FALSE,15,25875,30011
2023-06-08,2,29,"arkhe",FALSE,27,25902,30040
2023-06-09,0,16,"arkhe",FALSE,16,25918,30056
2023-06-10,0,8,"arkhe",FALSE,8,25926,30064
2023-06-11,0,10,"arkhe",FALSE,10,25936,30074
2023-06-12,0,19,"arkhe",FALSE,19,25955,30093
2023-06-13,0,32,"arkhe",FALSE,32,25987,30125
2023-06-14,0,14,"arkhe",FALSE,14,26001,30139
2023-06-15,2,28,"arkhe",FALSE,26,26027,30167
2023-06-16,0,9,"arkhe",FALSE,9,26036,30176
2023-06-17,0,9,"arkhe",FALSE,9,26045,30185
2023-06-18,0,8,"arkhe",FALSE,8,26053,30193
2023-06-19,0,13,"arkhe",FALSE,13,26066,30206
2023-06-20,0,21,"arkhe",FALSE,21,26087,30227
2023-06-21,2,23,"arkhe",FALSE,21,26108,30250
2023-06-22,0,15,"arkhe",FALSE,15,26123,30265
2023-06-23,0,21,"arkhe",FALSE,21,26144,30286
2023-06-24,0,11,"arkhe",FALSE,11,26155,30297
2023-06-25,0,8,"arkhe",FALSE,8,26163,30305
2023-06-26,0,19,"arkhe",FALSE,19,26182,30324
2023-06-27,0,38,"arkhe",FALSE,38,26220,30362
2023-06-28,2,53,"arkhe",FALSE,51,26271,30415
2023-06-29,0,61,"arkhe",FALSE,61,26332,30476
2023-06-30,0,13,"arkhe",FALSE,13,26345,30489
2023-07-01,0,10,"arkhe",FALSE,10,26355,30499
2023-07-02,0,8,"arkhe",FALSE,8,26363,30507
2023-07-03,0,19,"arkhe",FALSE,19,26382,30526
2023-07-04,0,18,"arkhe",FALSE,18,26400,30544
2023-07-05,1,24,"arkhe",FALSE,23,26423,30568
2023-07-06,0,22,"arkhe",FALSE,22,26445,30590
2023-07-07,0,26,"arkhe",FALSE,26,26471,30616
2023-07-08,0,10,"arkhe",FALSE,10,26481,30626
2023-07-09,0,7,"arkhe",FALSE,7,26488,30633
2023-07-10,0,21,"arkhe",FALSE,21,26509,30654
2023-07-11,0,18,"arkhe",FALSE,18,26527,30672
2023-07-12,2,36,"arkhe",FALSE,34,26561,30708
2023-07-13,0,15,"arkhe",FALSE,15,26576,30723
2023-07-14,0,11,"arkhe",FALSE,11,26587,30734
2023-07-15,0,14,"arkhe",FALSE,14,26601,30748
2023-07-16,0,7,"arkhe",FALSE,7,26608,30755
2023-07-17,0,14,"arkhe",FALSE,14,26622,30769
2023-07-18,0,18,"arkhe",FALSE,18,26640,30787
2023-07-19,2,33,"arkhe",FALSE,31,26671,30820
2023-07-20,0,17,"arkhe",FALSE,17,26688,30837
2023-07-21,0,16,"arkhe",FALSE,16,26704,30853
2023-07-22,0,7,"arkhe",FALSE,7,26711,30860
2023-07-23,0,9,"arkhe",FALSE,9,26720,30869
2023-07-24,0,12,"arkhe",FALSE,12,26732,30881
2023-07-25,0,27,"arkhe",FALSE,27,26759,30908
2023-07-26,3,38,"arkhe",FALSE,35,26794,30946
2023-07-27,0,20,"arkhe",FALSE,20,26814,30966
2023-07-28,0,8,"arkhe",FALSE,8,26822,30974
2023-07-29,0,8,"arkhe",FALSE,8,26830,30982
2023-07-30,0,9,"arkhe",FALSE,9,26839,30991
2023-07-31,0,13,"arkhe",FALSE,13,26852,31004
2023-08-01,0,23,"arkhe",FALSE,23,26875,31027
2023-08-02,0,16,"arkhe",FALSE,16,26891,31043
2023-08-03,2,29,"arkhe",FALSE,27,26918,31072
2023-08-04,0,11,"arkhe",FALSE,11,26929,31083
2023-08-05,0,6,"arkhe",FALSE,6,26935,31089
2023-08-06,0,11,"arkhe",FALSE,11,26946,31100
2023-08-07,0,10,"arkhe",FALSE,10,26956,31110
2023-08-08,0,15,"arkhe",FALSE,15,26971,31125
2023-08-09,2,30,"arkhe",FALSE,28,26999,31155
2023-08-10,0,17,"arkhe",FALSE,17,27016,31172
2023-08-11,0,10,"arkhe",FALSE,10,27026,31182
2023-08-12,0,9,"arkhe",FALSE,9,27035,31191
2023-08-13,0,5,"arkhe",FALSE,5,27040,31196
2023-08-14,0,13,"arkhe",FALSE,13,27053,31209
2023-08-15,0,14,"arkhe",FALSE,14,27067,31223
2023-08-16,2,37,"arkhe",FALSE,35,27102,31260
2023-08-17,0,21,"arkhe",FALSE,21,27123,31281
2023-08-18,0,14,"arkhe",FALSE,14,27137,31295
2023-08-19,0,13,"arkhe",FALSE,13,27150,31308
2023-08-20,0,6,"arkhe",FALSE,6,27156,31314
2023-08-21,0,12,"arkhe",FALSE,12,27168,31326
2023-08-22,0,12,"arkhe",FALSE,12,27180,31338
2023-08-23,2,40,"arkhe",FALSE,38,27218,31378
2023-08-24,0,18,"arkhe",FALSE,18,27236,31396
2023-08-25,0,16,"arkhe",FALSE,16,27252,31412
2023-08-26,0,14,"arkhe",FALSE,14,27266,31426
2023-08-27,0,16,"arkhe",FALSE,16,27282,31442
2023-08-28,0,17,"arkhe",FALSE,17,27299,31459
2023-08-29,0,37,"arkhe",FALSE,37,27336,31496
2023-08-30,2,67,"arkhe",FALSE,65,27401,31563
2023-08-31,0,12,"arkhe",FALSE,12,27413,31575
2023-09-01,0,41,"arkhe",TRUE,1,27414,31616
2023-09-02,0,31,"arkhe",FALSE,1,27415,31647
2023-09-03,0,38,"arkhe",FALSE,38,27453,31685
2023-09-04,0,42,"arkhe",FALSE,42,27495,31727
2023-09-05,0,22,"arkhe",FALSE,22,27517,31749
2023-09-06,1,49,"arkhe",FALSE,48,27565,31798
2023-09-07,0,20,"arkhe",FALSE,20,27585,31818
2023-09-08,0,20,"arkhe",FALSE,20,27605,31838
2023-09-09,0,20,"arkhe",FALSE,20,27625,31858
2023-09-10,0,9,"arkhe",FALSE,9,27634,31867
2023-09-11,0,13,"arkhe",FALSE,13,27647,31880
2023-09-12,0,31,"arkhe",FALSE,31,27678,31911
2023-09-13,0,24,"arkhe",FALSE,24,27702,31935
2023-09-14,0,10,"arkhe",FALSE,10,27712,31945
2023-09-15,0,30,"arkhe",FALSE,30,27742,31975
2023-09-16,0,20,"arkhe",FALSE,20,27762,31995
2023-09-17,0,5,"arkhe",FALSE,5,27767,32000
2023-09-18,0,18,"arkhe",FALSE,18,27785,32018
2023-09-19,0,31,"arkhe",FALSE,31,27816,32049
2023-09-20,0,21,"arkhe",FALSE,21,27837,32070
2023-09-21,0,16,"arkhe",FALSE,16,27853,32086
2023-09-22,0,69,"arkhe",FALSE,69,27922,32155
2023-09-23,0,21,"arkhe",FALSE,21,27943,32176
2023-09-24,0,5,"arkhe",FALSE,5,27948,32181
2023-09-25,0,26,"arkhe",FALSE,26,27974,32207
2023-09-26,0,23,"arkhe",FALSE,23,27997,32230
2023-09-27,2,38,"arkhe",FALSE,36,28033,32268
2023-09-28,0,24,"arkhe",FALSE,24,28057,32292
2023-09-29,0,21,"arkhe",FALSE,21,28078,32313
2023-09-30,0,11,"arkhe",FALSE,11,28089,32324
2023-10-01,0,8,"arkhe",FALSE,8,28097,32332
2023-10-02,0,23,"arkhe",FALSE,23,28120,32355
2023-10-03,0,17,"arkhe",FALSE,17,28137,32372
2023-10-04,1,39,"arkhe",FALSE,38,28175,32411
2023-10-05,0,35,"arkhe",FALSE,35,28210,32446
2023-10-06,0,14,"arkhe",FALSE,14,28224,32460
2023-10-07,0,10,"arkhe",FALSE,10,28234,32470
2023-10-08,0,16,"arkhe",FALSE,16,28250,32486
2023-10-09,0,18,"arkhe",FALSE,18,28268,32504
2023-10-10,0,16,"arkhe",FALSE,16,28284,32520
2023-10-11,0,24,"arkhe",FALSE,24,28308,32544
2023-10-12,0,37,"arkhe",FALSE,37,28345,32581
2023-10-13,0,19,"arkhe",FALSE,19,28364,32600
2023-10-14,0,25,"arkhe",FALSE,25,28389,32625
2023-10-15,0,22,"arkhe",FALSE,22,28411,32647
2023-10-16,0,20,"arkhe",FALSE,20,28431,32667
2023-10-17,0,17,"arkhe",FALSE,17,28448,32684
2023-10-18,1,46,"arkhe",FALSE,45,28493,32730
2023-10-19,0,22,"arkhe",FALSE,22,28515,32752
2023-10-20,0,20,"arkhe",FALSE,20,28535,32772
2023-10-21,0,11,"arkhe",FALSE,11,28546,32783
2023-10-22,0,40,"arkhe",FALSE,40,28586,32823
2023-10-23,0,18,"arkhe",FALSE,18,28604,32841
2023-10-24,0,21,"arkhe",FALSE,21,28625,32862
2023-10-25,1,33,"arkhe",FALSE,32,28657,32895
2023-10-26,0,30,"arkhe",FALSE,30,28687,32925
2023-10-27,0,22,"arkhe",FALSE,22,28709,32947
2023-10-28,0,8,"arkhe",FALSE,8,28717,32955
2023-10-29,0,10,"arkhe",FALSE,10,28727,32965
2023-10-30,0,19,"arkhe",FALSE,19,28746,32984
2023-10-31,0,22,"arkhe",FALSE,22,28768,33006
2023-11-01,1,27,"arkhe",FALSE,26,28794,33033
2023-11-02,0,21,"arkhe",FALSE,21,28815,33054
2023-11-03,0,21,"arkhe",FALSE,21,28836,33075
2023-11-04,0,16,"arkhe",FALSE,16,28852,33091
2023-11-05,0,9,"arkhe",FALSE,9,28861,33100
2023-11-06,0,19,"arkhe",FALSE,19,28880,33119
2023-11-07,0,14,"arkhe",FALSE,14,28894,33133
2023-11-08,2,49,"arkhe",FALSE,47,28941,33182
2023-11-09,0,22,"arkhe",FALSE,22,28963,33204
2023-11-10,0,13,"arkhe",FALSE,13,28976,33217
2023-11-11,0,6,"arkhe",FALSE,6,28982,33223
2023-11-12,0,9,"arkhe",FALSE,9,28991,33232
2023-11-13,0,20,"arkhe",FALSE,20,29011,33252
2023-11-14,0,23,"arkhe",FALSE,23,29034,33275
2023-11-15,2,37,"arkhe",FALSE,35,29069,33312
2023-11-16,0,23,"arkhe",FALSE,23,29092,33335
2023-11-17,0,59,"arkhe",TRUE,1,29093,33394
2023-11-18,0,21,"arkhe",FALSE,1,29094,33415
2023-11-19,0,34,"arkhe",FALSE,34,29128,33449
2023-11-20,0,99,"arkhe",FALSE,99,29227,33548
2023-11-21,0,21,"arkhe",FALSE,21,29248,33569
2023-11-22,1,35,"arkhe",FALSE,34,29282,33604
2023-11-23,0,25,"arkhe",FALSE,25,29307,33629
2023-11-24,0,34,"arkhe",FALSE,34,29341,33663
2023-11-25,0,23,"arkhe",FALSE,23,29364,33686
2023-11-26,0,40,"arkhe",FALSE,40,29404,33726
2023-11-27,0,34,"arkhe",FALSE,34,29438,33760
2023-11-28,0,24,"arkhe",FALSE,24,29462,33784
2023-11-29,3,63,"arkhe",FALSE,60,29522,33847
2023-11-30,0,33,"arkhe",FALSE,33,29555,33880
2023-12-01,0,25,"arkhe",FALSE,25,29580,33905
2023-12-02,0,20,"arkhe",FALSE,20,29600,33925
2023-12-03,0,13,"arkhe",FALSE,13,29613,33938
2023-12-04,0,30,"arkhe",FALSE,30,29643,33968
2023-12-05,0,27,"arkhe",FALSE,27,29670,33995
2023-12-06,2,55,"arkhe",FALSE,53,29723,34050
2023-12-07,0,32,"arkhe",FALSE,32,29755,34082
2023-12-08,0,11,"arkhe",FALSE,11,29766,34093
2023-12-09,0,13,"arkhe",FALSE,13,29779,34106
2023-12-10,0,25,"arkhe",FALSE,25,29804,34131
2023-12-11,0,21,"arkhe",FALSE,21,29825,34152
2023-12-12,0,30,"arkhe",FALSE,30,29855,34182
2023-12-13,0,20,"arkhe",FALSE,20,29875,34202
2023-12-14,0,20,"arkhe",FALSE,20,29895,34222
2023-12-15,2,48,"arkhe",FALSE,46,29941,34270
2023-12-16,0,9,"arkhe",FALSE,9,29950,34279
2023-12-17,0,11,"arkhe",FALSE,11,29961,34290
2023-12-18,0,21,"arkhe",FALSE,21,29982,34311
2023-12-19,0,24,"arkhe",FALSE,24,30006,34335
2023-12-20,0,38,"arkhe",FALSE,38,30044,34373
2023-12-21,0,20,"arkhe",FALSE,20,30064,34393
2023-12-22,0,10,"arkhe",FALSE,10,30074,34403
2023-12-23,0,7,"arkhe",FALSE,7,30081,34410
2023-12-24,0,24,"arkhe",FALSE,24,30105,34434
2023-12-25,0,21,"arkhe",FALSE,21,30126,34455
2023-12-26,0,9,"arkhe",FALSE,9,30135,34464
2023-12-27,2,43,"arkhe",FALSE,41,30176,34507
2023-12-28,0,15,"arkhe",FALSE,15,30191,34522
2023-12-29,0,11,"arkhe",FALSE,11,30202,34533
2023-12-30,0,3,"arkhe",FALSE,3,30205,34536
2023-12-31,0,12,"arkhe",FALSE,12,30217,34548
2024-01-01,0,8,"arkhe",FALSE,8,30225,34556
2024-01-02,0,10,"arkhe",FALSE,10,30235,34566
2024-01-03,1,42,"arkhe",FALSE,41,30276,34608
2024-01-04,0,9,"arkhe",FALSE,9,30285,34617
2024-01-05,0,11,"arkhe",FALSE,11,30296,34628
2024-01-06,0,16,"arkhe",FALSE,16,30312,34644
2024-01-07,0,11,"arkhe",FALSE,11,30323,34655
2024-01-08,0,25,"arkhe",FALSE,25,30348,34680
2024-01-09,0,15,"arkhe",FALSE,15,30363,34695
2024-01-10,2,43,"arkhe",FALSE,41,30404,34738
2024-01-11,0,23,"arkhe",FALSE,23,30427,34761
2024-01-12,0,44,"arkhe",FALSE,44,30471,34805
2024-01-13,0,6,"arkhe",FALSE,6,30477,34811
2024-01-14,0,16,"arkhe",FALSE,16,30493,34827
2024-01-15,0,15,"arkhe",FALSE,15,30508,34842
2024-01-16,0,20,"arkhe",FALSE,20,30528,34862
2024-01-17,2,49,"arkhe",FALSE,47,30575,34911
2024-01-18,0,24,"arkhe",FALSE,24,30599,34935
2024-01-19,0,35,"arkhe",TRUE,1,30600,34970
2024-01-20,0,58,"arkhe",FALSE,1,30601,35028
2024-01-21,0,24,"arkhe",FALSE,24,30625,35052
2024-01-22,0,39,"arkhe",FALSE,39,30664,35091
2024-01-23,0,65,"arkhe",FALSE,65,30729,35156
2024-01-24,10,171,"arkhe",FALSE,161,30890,35327
2024-01-25,1,156,"arkhe",FALSE,155,31045,35483
2024-01-26,0,29,"arkhe",FALSE,29,31074,35512
2024-01-27,0,7,"arkhe",FALSE,7,31081,35519
2024-01-28,0,7,"arkhe",FALSE,7,31088,35526
2024-01-29,0,48,"arkhe",FALSE,48,31136,35574
2024-01-30,0,46,"arkhe",FALSE,46,31182,35620
2024-01-31,2,54,"arkhe",FALSE,52,31234,35674
2024-02-01,0,26,"arkhe",FALSE,26,31260,35700
2024-02-02,0,23,"arkhe",FALSE,23,31283,35723
2024-02-03,0,25,"arkhe",FALSE,25,31308,35748
2024-02-04,0,20,"arkhe",FALSE,20,31328,35768
2024-02-05,0,32,"arkhe",FALSE,32,31360,35800
2024-02-06,0,13,"arkhe",FALSE,13,31373,35813
2024-02-07,2,44,"arkhe",FALSE,42,31415,35857
2024-02-08,0,27,"arkhe",FALSE,27,31442,35884
2024-02-09,0,19,"arkhe",FALSE,19,31461,35903
2024-02-10,0,6,"arkhe",FALSE,6,31467,35909
2024-02-11,0,16,"arkhe",FALSE,16,31483,35925
2024-02-12,0,13,"arkhe",FALSE,13,31496,35938
2024-02-13,0,24,"arkhe",FALSE,24,31520,35962
2024-02-14,2,48,"arkhe",FALSE,46,31566,36010
2024-02-15,0,11,"arkhe",FALSE,11,31577,36021
2024-02-16,0,21,"arkhe",FALSE,21,31598,36042
2024-02-17,0,17,"arkhe",FALSE,17,31615,36059
2024-02-18,0,8,"arkhe",FALSE,8,31623,36067
2024-02-19,0,18,"arkhe",FALSE,18,31641,36085
2024-02-20,0,33,"arkhe",FALSE,33,31674,36118
2024-02-21,2,37,"arkhe",FALSE,35,31709,36155
2024-02-22,0,48,"arkhe",TRUE,1,31710,36203
2024-02-23,0,106,"arkhe",FALSE,1,31711,36309
2024-02-24,0,30,"arkhe",FALSE,30,31741,36339
2024-02-25,0,16,"arkhe",FALSE,16,31757,36355
2024-02-26,0,38,"arkhe",FALSE,38,31795,36393
2024-02-27,0,41,"arkhe",FALSE,41,31836,36434
2024-02-28,2,63,"arkhe",FALSE,61,31897,36497
2024-02-29,0,32,"arkhe",FALSE,32,31929,36529
2024-03-01,1,42,"arkhe",FALSE,41,31970,36571
2024-03-02,0,17,"arkhe",FALSE,17,31987,36588
2024-03-03,0,30,"arkhe",FALSE,30,32017,36618
2024-03-04,0,43,"arkhe",FALSE,43,32060,36661
2024-03-05,0,44,"arkhe",FALSE,44,32104,36705
2024-03-06,1,47,"arkhe",FALSE,46,32150,36752
2024-03-07,0,28,"arkhe",FALSE,28,32178,36780
2024-03-08,0,27,"arkhe",FALSE,27,32205,36807
2024-03-09,0,12,"arkhe",FALSE,12,32217,36819
2024-03-10,0,27,"arkhe",FALSE,27,32244,36846
2024-03-11,0,20,"arkhe",FALSE,20,32264,36866
2024-03-12,0,22,"arkhe",FALSE,22,32286,36888
2024-03-13,2,65,"arkhe",FALSE,63,32349,36953
2024-03-14,0,18,"arkhe",FALSE,18,32367,36971
2024-03-15,0,20,"arkhe",FALSE,20,32387,36991
2024-03-16,0,27,"arkhe",FALSE,27,32414,37018
2024-03-17,0,12,"arkhe",FALSE,12,32426,37030
2024-03-18,0,22,"arkhe",FALSE,22,32448,37052
2024-03-19,0,32,"arkhe",FALSE,32,32480,37084
2024-03-20,0,15,"arkhe",FALSE,15,32495,37099
2024-03-21,2,46,"arkhe",FALSE,44,32539,37145
2024-03-22,0,30,"arkhe",FALSE,30,32569,37175
2024-03-23,0,11,"arkhe",FALSE,11,32580,37186
2024-03-24,0,27,"arkhe",FALSE,27,32607,37213
2024-03-25,0,31,"arkhe",FALSE,31,32638,37244
2024-03-26,0,22,"arkhe",FALSE,22,32660,37266
2024-03-27,2,46,"arkhe",FALSE,44,32704,37312
2024-03-28,0,49,"arkhe",FALSE,49,32753,37361
2024-03-29,0,16,"arkhe",FALSE,16,32769,37377
2024-03-30,0,18,"arkhe",FALSE,18,32787,37395
2024-03-31,0,9,"arkhe",FALSE,9,32796,37404
2024-04-01,0,20,"arkhe",FALSE,20,32816,37424
2024-04-02,0,32,"arkhe",FALSE,32,32848,37456
2024-04-03,2,54,"arkhe",FALSE,52,32900,37510
2024-04-04,0,22,"arkhe",FALSE,22,32922,37532
2024-04-05,0,27,"arkhe",FALSE,27,32949,37559
2024-04-06,0,4,"arkhe",FALSE,4,32953,37563
2024-04-07,0,7,"arkhe",FALSE,7,32960,37570
2024-04-08,0,23,"arkhe",FALSE,23,32983,37593
2024-04-09,0,24,"arkhe",FALSE,24,33007,37617
2024-04-10,2,51,"arkhe",FALSE,49,33056,37668
2024-04-11,0,21,"arkhe",FALSE,21,33077,37689
2024-04-12,0,12,"arkhe",FALSE,12,33089,37701
2024-04-13,0,9,"arkhe",FALSE,9,33098,37710
2024-04-14,0,11,"arkhe",FALSE,11,33109,37721
2024-04-15,0,28,"arkhe",FALSE,28,33137,37749
2024-04-16,0,9,"arkhe",FALSE,9,33146,37758
2024-04-17,2,60,"arkhe",FALSE,58,33204,37818
2024-04-18,0,16,"arkhe",FALSE,16,33220,37834
2024-04-19,0,13,"arkhe",FALSE,13,33233,37847
2024-04-20,0,25,"arkhe",FALSE,25,33258,37872
2024-04-21,0,9,"arkhe",FALSE,9,33267,37881
2024-04-22,0,21,"arkhe",FALSE,21,33288,37902
2024-04-23,0,19,"arkhe",FALSE,19,33307,37921
2024-04-24,0,24,"arkhe",FALSE,24,33331,37945
2024-04-25,0,44,"arkhe",FALSE,44,33375,37989
2024-04-26,0,29,"arkhe",FALSE,29,33404,38018
2024-04-27,0,16,"arkhe",FALSE,16,33420,38034
2024-04-28,0,10,"arkhe",FALSE,10,33430,38044
2024-04-29,0,26,"arkhe",FALSE,26,33456,38070
2024-04-30,0,31,"arkhe",FALSE,31,33487,38101
2024-05-01,2,39,"arkhe",FALSE,37,33524,38140
2024-05-02,0,38,"arkhe",FALSE,38,33562,38178
2024-05-03,0,24,"arkhe",FALSE,24,33586,38202
2024-05-04,0,11,"arkhe",FALSE,11,33597,38213
2024-05-05,0,14,"arkhe",FALSE,14,33611,38227
2024-05-06,0,33,"arkhe",FALSE,33,33644,38260
2024-05-07,0,23,"arkhe",FALSE,23,33667,38283
2024-05-08,2,62,"arkhe",FALSE,60,33727,38345
2024-05-09,0,27,"arkhe",FALSE,27,33754,38372
2024-05-10,0,19,"arkhe",FALSE,19,33773,38391
2024-05-11,0,13,"arkhe",FALSE,13,33786,38404
2024-05-12,0,20,"arkhe",FALSE,20,33806,38424
2024-05-13,0,14,"arkhe",FALSE,14,33820,38438
2024-05-14,0,14,"arkhe",FALSE,14,33834,38452
2024-05-15,2,53,"arkhe",FALSE,51,33885,38505
2024-05-16,0,21,"arkhe",FALSE,21,33906,38526
2024-05-17,0,15,"arkhe",FALSE,15,33921,38541
2024-05-18,0,7,"arkhe",FALSE,7,33928,38548
2024-05-19,0,14,"arkhe",FALSE,14,33942,38562
2024-05-20,0,19,"arkhe",FALSE,19,33961,38581
2024-05-21,0,18,"arkhe",FALSE,18,33979,38599
2024-05-22,2,53,"arkhe",FALSE,51,34030,38652
2024-05-23,0,15,"arkhe",FALSE,15,34045,38667
2024-05-24,0,13,"arkhe",FALSE,13,34058,38680
2024-05-25,0,15,"arkhe",FALSE,15,34073,38695
2024-05-26,0,13,"arkhe",FALSE,13,34086,38708
2024-05-27,0,9,"arkhe",FALSE,9,34095,38717
2024-05-28,0,19,"arkhe",FALSE,19,34114,38736
2024-05-29,3,55,"arkhe",FALSE,52,34166,38791
2024-05-30,0,17,"arkhe",FALSE,17,34183,38808
2024-05-31,0,22,"arkhe",FALSE,22,34205,38830
2024-06-01,0,26,"arkhe",FALSE,26,34231,38856
2024-06-02,0,22,"arkhe",FALSE,22,34253,38878
2024-06-03,0,17,"arkhe",FALSE,17,34270,38895
2024-06-04,0,37,"arkhe",FALSE,37,34307,38932
2024-06-05,2,53,"arkhe",FALSE,51,34358,38985
2024-06-06,0,18,"arkhe",FALSE,18,34376,39003
2024-06-07,0,22,"arkhe",FALSE,22,34398,39025
2024-06-08,0,12,"arkhe",FALSE,12,34410,39037
2024-06-09,0,6,"arkhe",FALSE,6,34416,39043
2024-06-10,0,23,"arkhe",FALSE,23,34439,39066
2024-06-11,0,30,"arkhe",FALSE,30,34469,39096
2024-06-12,2,40,"arkhe",FALSE,38,34507,39136
2024-06-13,0,13,"arkhe",FALSE,13,34520,39149
2024-06-14,0,18,"arkhe",FALSE,18,34538,39167
2024-06-15,0,6,"arkhe",FALSE,6,34544,39173
2024-06-16,0,19,"arkhe",FALSE,19,34563,39192
2024-06-17,0,17,"arkhe",FALSE,17,34580,39209
2024-06-18,0,9,"arkhe",FALSE,9,34589,39218
2024-06-19,2,57,"arkhe",FALSE,55,34644,39275
2024-06-20,0,14,"arkhe",FALSE,14,34658,39289
2024-06-21,0,17,"arkhe",FALSE,17,34675,39306
2024-06-22,0,22,"arkhe",FALSE,22,34697,39328
2024-06-23,0,14,"arkhe",FALSE,14,34711,39342
2024-06-24,0,22,"arkhe",FALSE,22,34733,39364
2024-06-25,0,22,"arkhe",FALSE,22,34755,39386
2024-06-26,0,49,"arkhe",FALSE,49,34804,39435
2024-06-27,0,28,"arkhe",FALSE,28,34832,39463
2024-06-28,0,14,"arkhe",FALSE,14,34846,39477
2024-06-29,0,8,"arkhe",FALSE,8,34854,39485
2024-06-30,0,10,"arkhe",FALSE,10,34864,39495
2024-07-01,0,31,"arkhe",FALSE,31,34895,39526
2024-07-02,0,12,"arkhe",FALSE,12,34907,39538
2024-07-03,2,48,"arkhe",FALSE,46,34953,39586
2024-07-04,0,33,"arkhe",FALSE,33,34986,39619
2024-07-05,0,13,"arkhe",FALSE,13,34999,39632
2024-07-06,0,3,"arkhe",FALSE,3,35002,39635
2024-07-07,0,4,"arkhe",FALSE,4,35006,39639
2024-07-08,0,16,"arkhe",FALSE,16,35022,39655
2024-07-09,0,12,"arkhe",FALSE,12,35034,39667
2024-07-10,0,29,"arkhe",FALSE,29,35063,39696
2024-07-11,0,23,"arkhe",FALSE,23,35086,39719
2024-07-12,0,15,"arkhe",FALSE,15,35101,39734
2024-07-13,0,6,"arkhe",FALSE,6,35107,39740
2024-07-14,0,10,"arkhe",FALSE,10,35117,39750
2024-07-15,0,17,"arkhe",FALSE,17,35134,39767
2024-07-16,0,18,"arkhe",FALSE,18,35152,39785
2024-07-17,3,46,"arkhe",FALSE,43,35195,39831
2024-07-18,0,22,"arkhe",FALSE,22,35217,39853
2024-07-19,0,10,"arkhe",FALSE,10,35227,39863
2024-07-20,0,4,"arkhe",FALSE,4,35231,39867
2024-07-21,0,5,"arkhe",FALSE,5,35236,39872
2024-07-22,0,19,"arkhe",FALSE,19,35255,39891
2024-07-23,0,40,"arkhe",FALSE,40,35295,39931
2024-07-24,2,57,"arkhe",FALSE,55,35350,39988
2024-07-25,0,14,"arkhe",FALSE,14,35364,40002
2024-07-26,0,23,"arkhe",FALSE,23,35387,40025
2024-07-27,0,3,"arkhe",FALSE,3,35390,40028
2024-07-28,0,11,"arkhe",FALSE,11,35401,40039
2024-07-29,0,47,"arkhe",TRUE,1,35402,40086
2024-07-30,0,74,"arkhe",FALSE,1,35403,40160
2024-07-31,0,51,"arkhe",FALSE,51,35454,40211
2024-08-01,1,92,"arkhe",FALSE,91,35545,40303
2024-08-02,0,14,"arkhe",FALSE,14,35559,40317
2024-08-03,0,15,"arkhe",FALSE,15,35574,40332
2024-08-04,0,34,"arkhe",FALSE,34,35608,40366
2024-08-05,0,33,"arkhe",FALSE,33,35641,40399
2024-08-06,0,29,"arkhe",FALSE,29,35670,40428
2024-08-07,0,37,"arkhe",FALSE,37,35707,40465
2024-08-08,2,51,"arkhe",FALSE,49,35756,40516
2024-08-09,0,13,"arkhe",FALSE,13,35769,40529
2024-08-10,0,20,"arkhe",FALSE,20,35789,40549
2024-08-11,0,26,"arkhe",FALSE,26,35815,40575
2024-08-12,0,39,"arkhe",FALSE,39,35854,40614
2024-08-13,0,40,"arkhe",FALSE,40,35894,40654
2024-08-14,0,43,"arkhe",FALSE,43,35937,40697
2024-08-15,2,83,"arkhe",FALSE,81,36018,40780
2024-08-16,0,33,"arkhe",FALSE,33,36051,40813
2024-08-17,0,25,"arkhe",FALSE,25,36076,40838
2024-08-18,0,20,"arkhe",FALSE,20,36096,40858
2024-08-19,0,35,"arkhe",FALSE,35,36131,40893
2024-08-20,0,39,"arkhe",FALSE,39,36170,40932
2024-08-21,0,56,"arkhe",FALSE,56,36226,40988
2024-08-22,0,73,"arkhe",FALSE,73,36299,41061
2024-08-23,0,43,"arkhe",FALSE,43,36342,41104
2024-08-24,0,44,"arkhe",FALSE,44,36386,41148
2024-08-25,0,10,"arkhe",FALSE,10,36396,41158
2024-08-26,0,24,"arkhe",FALSE,24,36420,41182
2024-08-27,0,35,"arkhe",FALSE,35,36455,41217
2024-08-28,2,49,"arkhe",FALSE,47,36502,41266
2024-08-29,0,24,"arkhe",FALSE,24,36526,41290
2024-08-30,0,40,"arkhe",FALSE,40,36566,41330
2024-08-31,0,15,"arkhe",FALSE,15,36581,41345
2024-09-01,0,8,"arkhe",FALSE,8,36589,41353
2024-09-02,0,44,"arkhe",FALSE,44,36633,41397
2024-09-03,0,28,"arkhe",FALSE,28,36661,41425
2024-09-04,2,54,"arkhe",FALSE,52,36713,41479
2024-09-05,0,38,"arkhe",FALSE,38,36751,41517
2024-09-06,0,18,"arkhe",FALSE,18,36769,41535
2024-09-07,0,14,"arkhe",FALSE,14,36783,41549
2024-09-08,0,27,"arkhe",FALSE,27,36810,41576
2024-09-09,0,25,"arkhe",FALSE,25,36835,41601
2024-09-10,0,25,"arkhe",FALSE,25,36860,41626
2024-09-11,3,73,"arkhe",FALSE,70,36930,41699
2024-09-12,0,31,"arkhe",FALSE,31,36961,41730
2024-09-13,0,14,"arkhe",FALSE,14,36975,41744
2024-09-14,0,25,"arkhe",FALSE,25,37000,41769
2024-09-15,0,8,"arkhe",FALSE,8,37008,41777
2024-09-16,0,15,"arkhe",FALSE,15,37023,41792
2024-09-17,0,34,"arkhe",FALSE,34,37057,41826
2024-09-18,2,47,"arkhe",FALSE,45,37102,41873
2024-09-19,0,23,"arkhe",FALSE,23,37125,41896
2024-09-20,0,33,"arkhe",FALSE,33,37158,41929
2024-09-21,0,20,"arkhe",FALSE,20,37178,41949
2024-09-22,0,6,"arkhe",FALSE,6,37184,41955
2024-09-23,0,30,"arkhe",FALSE,30,37214,41985
2024-09-24,0,29,"arkhe",FALSE,29,37243,42014
2024-09-25,0,21,"arkhe",FALSE,21,37264,42035
2024-09-26,1,78,"arkhe",FALSE,77,37341,42113
2024-09-27,0,28,"arkhe",FALSE,28,37369,42141
2024-09-28,1,26,"arkhe",FALSE,25,37394,42167
2024-09-29,0,0,"arkhe",FALSE,0,37394,42167
2024-09-30,0,0,"arkhe",FALSE,0,37394,42167
2021-04-21,5,0,"dimensio",FALSE,0,0,0
2021-04-22,3,10,"dimensio",TRUE,1,1,10
2021-04-23,1,6,"dimensio",FALSE,1,2,16
2021-04-24,3,18,"dimensio",FALSE,15,17,34
2021-04-25,0,5,"dimensio",FALSE,5,22,39
2021-04-26,6,34,"dimensio",FALSE,28,50,73
2021-04-27,1,22,"dimensio",FALSE,21,71,95
2021-04-28,6,36,"dimensio",FALSE,30,101,131
2021-04-29,0,9,"dimensio",FALSE,9,110,140
2021-04-30,0,8,"dimensio",FALSE,8,118,148
2021-05-01,4,27,"dimensio",FALSE,23,141,175
2021-05-02,1,7,"dimensio",FALSE,6,147,182
2021-05-03,4,16,"dimensio",FALSE,12,159,198
2021-05-04,1,28,"dimensio",FALSE,27,186,226
2021-05-05,4,11,"dimensio",FALSE,7,193,237
2021-05-06,3,18,"dimensio",FALSE,15,208,255
2021-05-07,0,14,"dimensio",FALSE,14,222,269
2021-05-08,3,11,"dimensio",FALSE,8,230,280
2021-05-09,0,4,"dimensio",FALSE,4,234,284
2021-05-10,3,15,"dimensio",FALSE,12,246,299
2021-05-11,0,22,"dimensio",FALSE,22,268,321
2021-05-12,10,35,"dimensio",FALSE,25,293,356
2021-05-13,0,12,"dimensio",FALSE,12,305,368
2021-05-14,3,24,"dimensio",FALSE,21,326,392
2021-05-15,1,7,"dimensio",FALSE,6,332,399
2021-05-16,4,16,"dimensio",FALSE,12,344,415
2021-05-17,1,17,"dimensio",TRUE,1,345,432
2021-05-18,7,46,"dimensio",FALSE,1,346,478
2021-05-19,5,30,"dimensio",FALSE,25,371,508
2021-05-20,5,51,"dimensio",FALSE,46,417,559
2021-05-21,2,23,"dimensio",FALSE,21,438,582
2021-05-22,3,34,"dimensio",FALSE,31,469,616
2021-05-23,0,9,"dimensio",FALSE,9,478,625
2021-05-24,0,26,"dimensio",FALSE,26,504,651
2021-05-25,3,50,"dimensio",FALSE,47,551,701
2021-05-26,5,21,"dimensio",FALSE,16,567,722
2021-05-27,0,14,"dimensio",FALSE,14,581,736
2021-05-28,3,36,"dimensio",FALSE,33,614,772
2021-05-29,0,4,"dimensio",FALSE,4,618,776
2021-05-30,3,24,"dimensio",FALSE,21,639,800
2021-05-31,0,11,"dimensio",FALSE,11,650,811
2021-06-01,3,28,"dimensio",FALSE,25,675,839
2021-06-02,4,13,"dimensio",FALSE,9,684,852
2021-06-03,3,18,"dimensio",FALSE,15,699,870
2021-06-04,0,4,"dimensio",FALSE,4,703,874
2021-06-05,0,3,"dimensio",FALSE,3,706,877
2021-06-06,3,21,"dimensio",FALSE,18,724,898
2021-06-07,0,21,"dimensio",FALSE,21,745,919
2021-06-08,5,21,"dimensio",FALSE,16,761,940
2021-06-09,6,9,"dimensio",FALSE,3,764,949
2021-06-10,1,11,"dimensio",FALSE,10,774,960
2021-06-11,3,11,"dimensio",FALSE,8,782,971
2021-06-12,0,9,"dimensio",FALSE,9,791,980
2021-06-13,4,9,"dimensio",FALSE,5,796,989
2021-06-14,0,12,"dimensio",FALSE,12,808,1001
2021-06-15,0,9,"dimensio",FALSE,9,817,1010
2021-06-16,6,19,"dimensio",FALSE,13,830,1029
2021-06-17,0,17,"dimensio",FALSE,17,847,1046
2021-06-18,3,17,"dimensio",FALSE,14,861,1063
2021-06-19,0,4,"dimensio",FALSE,4,865,1067
2021-06-20,3,14,"dimensio",FALSE,11,876,1081
2021-06-21,0,12,"dimensio",FALSE,12,888,1093
2021-06-22,7,16,"dimensio",FALSE,9,897,1109
2021-06-23,5,11,"dimensio",FALSE,6,903,1120
2021-06-24,3,26,"dimensio",FALSE,23,926,1146
2021-06-25,0,7,"dimensio",FALSE,7,933,1153
2021-06-26,3,14,"dimensio",FALSE,11,944,1167
2021-06-27,0,6,"dimensio",FALSE,6,950,1173
2021-06-28,3,30,"dimensio",FALSE,27,977,1203
2021-06-29,0,9,"dimensio",FALSE,9,986,1212
2021-06-30,6,19,"dimensio",FALSE,13,999,1231
2021-07-01,0,13,"dimensio",FALSE,13,1012,1244
2021-07-02,3,17,"dimensio",FALSE,14,1026,1261
2021-07-03,3,11,"dimensio",FALSE,8,1034,1272
2021-07-04,0,37,"dimensio",FALSE,37,1071,1309
2021-07-05,3,24,"dimensio",FALSE,21,1092,1333
2021-07-06,4,13,"dimensio",FALSE,9,1101,1346
2021-07-07,6,16,"dimensio",FALSE,10,1111,1362
2021-07-08,4,15,"dimensio",FALSE,11,1122,1377
2021-07-09,1,5,"dimensio",FALSE,4,1126,1382
2021-07-10,4,7,"dimensio",FALSE,3,1129,1389
2021-07-11,0,8,"dimensio",FALSE,8,1137,1397
2021-07-12,3,20,"dimensio",FALSE,17,1154,1417
2021-07-13,1,10,"dimensio",FALSE,9,1163,1427
2021-07-14,12,15,"dimensio",FALSE,3,1166,1442
2021-07-15,2,9,"dimensio",FALSE,7,1173,1451
2021-07-16,4,16,"dimensio",FALSE,12,1185,1467
2021-07-17,0,19,"dimensio",FALSE,19,1204,1486
2021-07-18,3,8,"dimensio",FALSE,5,1209,1494
2021-07-19,1,9,"dimensio",FALSE,8,1217,1503
2021-07-20,3,18,"dimensio",FALSE,15,1232,1521
2021-07-21,7,13,"dimensio",FALSE,6,1238,1534
2021-07-22,5,17,"dimensio",FALSE,12,1250,1551
2021-07-23,1,3,"dimensio",FALSE,2,1252,1554
2021-07-24,3,14,"dimensio",FALSE,11,1263,1568
2021-07-25,0,6,"dimensio",FALSE,6,1269,1574
2021-07-26,3,18,"dimensio",FALSE,15,1284,1592
2021-07-27,0,10,"dimensio",FALSE,10,1294,1602
2021-07-28,9,18,"dimensio",FALSE,9,1303,1620
2021-07-29,0,4,"dimensio",FALSE,4,1307,1624
2021-07-30,3,16,"dimensio",FALSE,13,1320,1640
2021-07-31,0,5,"dimensio",FALSE,5,1325,1645
2021-08-01,3,11,"dimensio",FALSE,8,1333,1656
2021-08-02,1,8,"dimensio",FALSE,7,1340,1664
2021-08-03,3,37,"dimensio",FALSE,34,1374,1701
2021-08-04,4,114,"dimensio",FALSE,110,1484,1815
2021-08-05,3,16,"dimensio",FALSE,13,1497,1831
2021-08-06,0,9,"dimensio",FALSE,9,1506,1840
2021-08-07,3,11,"dimensio",FALSE,8,1514,1851
2021-08-08,0,9,"dimensio",FALSE,9,1523,1860
2021-08-09,8,18,"dimensio",FALSE,10,1533,1878
2021-08-10,2,12,"dimensio",FALSE,10,1543,1890
2021-08-11,9,17,"dimensio",FALSE,8,1551,1907
2021-08-12,0,18,"dimensio",FALSE,18,1569,1925
2021-08-13,3,14,"dimensio",FALSE,11,1580,1939
2021-08-14,0,9,"dimensio",FALSE,9,1589,1948
2021-08-15,3,14,"dimensio",FALSE,11,1600,1962
2021-08-16,0,11,"dimensio",FALSE,11,1611,1973
2021-08-17,0,13,"dimensio",FALSE,13,1624,1986
2021-08-18,4,12,"dimensio",FALSE,8,1632,1998
2021-08-19,4,17,"dimensio",FALSE,13,1645,2015
2021-08-20,0,9,"dimensio",FALSE,9,1654,2024
2021-08-21,0,4,"dimensio",FALSE,4,1658,2028
2021-08-22,0,7,"dimensio",FALSE,7,1665,2035
2021-08-23,4,16,"dimensio",FALSE,12,1677,2051
2021-08-24,0,9,"dimensio",FALSE,9,1686,2060
2021-08-25,7,23,"dimensio",FALSE,16,1702,2083
2021-08-26,0,13,"dimensio",FALSE,13,1715,2096
2021-08-27,0,11,"dimensio",FALSE,11,1726,2107
2021-08-28,3,11,"dimensio",FALSE,8,1734,2118
2021-08-29,1,2,"dimensio",FALSE,1,1735,2120
2021-08-30,1,17,"dimensio",FALSE,16,1751,2137
2021-08-31,4,22,"dimensio",FALSE,18,1769,2159
2021-09-01,6,18,"dimensio",FALSE,12,1781,2177
2021-09-02,0,5,"dimensio",FALSE,5,1786,2182
2021-09-03,3,23,"dimensio",FALSE,20,1806,2205
2021-09-04,0,3,"dimensio",FALSE,3,1809,2208
2021-09-05,1,5,"dimensio",FALSE,4,1813,2213
2021-09-06,3,18,"dimensio",FALSE,15,1828,2231
2021-09-07,2,7,"dimensio",FALSE,5,1833,2238
2021-09-08,4,18,"dimensio",FALSE,14,1847,2256
2021-09-09,0,11,"dimensio",FALSE,11,1858,2267
2021-09-10,3,21,"dimensio",FALSE,18,1876,2288
2021-09-11,2,2,"dimensio",FALSE,0,1876,2290
2021-09-12,6,8,"dimensio",FALSE,2,1878,2298
2021-09-13,1,7,"dimensio",FALSE,6,1884,2305
2021-09-14,3,11,"dimensio",FALSE,8,1892,2316
2021-09-15,3,11,"dimensio",FALSE,8,1900,2327
2021-09-16,5,15,"dimensio",FALSE,10,1910,2342
2021-09-17,0,8,"dimensio",FALSE,8,1918,2350
2021-09-18,3,34,"dimensio",TRUE,1,1919,2384
2021-09-19,0,19,"dimensio",FALSE,1,1920,2403
2021-09-20,3,17,"dimensio",FALSE,14,1934,2420
2021-09-21,0,20,"dimensio",FALSE,20,1954,2440
2021-09-22,7,46,"dimensio",FALSE,39,1993,2486
2021-09-23,0,12,"dimensio",FALSE,12,2005,2498
2021-09-24,3,38,"dimensio",FALSE,35,2040,2536
2021-09-25,0,4,"dimensio",FALSE,4,2044,2540
2021-09-26,3,27,"dimensio",FALSE,24,2068,2567
2021-09-27,0,32,"dimensio",FALSE,32,2100,2599
2021-09-28,3,36,"dimensio",FALSE,33,2133,2635
2021-09-29,3,23,"dimensio",FALSE,20,2153,2658
2021-09-30,3,41,"dimensio",FALSE,38,2191,2699
2021-10-01,0,23,"dimensio",FALSE,23,2214,2722
2021-10-02,3,25,"dimensio",FALSE,22,2236,2747
2021-10-03,0,9,"dimensio",FALSE,9,2245,2756
2021-10-04,3,40,"dimensio",FALSE,37,2282,2796
2021-10-05,4,37,"dimensio",FALSE,33,2315,2833
2021-10-06,3,28,"dimensio",FALSE,25,2340,2861
2021-10-07,3,18,"dimensio",FALSE,15,2355,2879
2021-10-08,0,20,"dimensio",FALSE,20,2375,2899
2021-10-09,3,26,"dimensio",FALSE,23,2398,2925
2021-10-10,0,7,"dimensio",FALSE,7,2405,2932
2021-10-11,4,21,"dimensio",FALSE,17,2422,2953
2021-10-12,0,7,"dimensio",FALSE,7,2429,2960
2021-10-13,6,24,"dimensio",FALSE,18,2447,2984
2021-10-14,0,5,"dimensio",FALSE,5,2452,2989
2021-10-15,3,14,"dimensio",FALSE,11,2463,3003
2021-10-16,0,3,"dimensio",FALSE,3,2466,3006
2021-10-17,4,16,"dimensio",FALSE,12,2478,3022
2021-10-18,0,11,"dimensio",FALSE,11,2489,3033
2021-10-19,4,20,"dimensio",FALSE,16,2505,3053
2021-10-20,6,18,"dimensio",FALSE,12,2517,3071
2021-10-21,3,19,"dimensio",FALSE,16,2533,3090
2021-10-22,0,7,"dimensio",FALSE,7,2540,3097
2021-10-23,3,17,"dimensio",FALSE,14,2554,3114
2021-10-24,0,8,"dimensio",FALSE,8,2562,3122
2021-10-25,4,27,"dimensio",FALSE,23,2585,3149
2021-10-26,0,55,"dimensio",FALSE,55,2640,3204
2021-10-27,6,95,"dimensio",FALSE,89,2729,3299
2021-10-28,0,28,"dimensio",FALSE,28,2757,3327
2021-10-29,3,24,"dimensio",FALSE,21,2778,3351
2021-10-30,0,7,"dimensio",FALSE,7,2785,3358
2021-10-31,3,18,"dimensio",FALSE,15,2800,3376
2021-11-01,0,56,"dimensio",FALSE,56,2856,3432
2021-11-02,3,29,"dimensio",FALSE,26,2882,3461
2021-11-03,3,28,"dimensio",FALSE,25,2907,3489
2021-11-04,4,33,"dimensio",FALSE,29,2936,3522
2021-11-05,0,31,"dimensio",FALSE,31,2967,3553
2021-11-06,0,38,"dimensio",FALSE,38,3005,3591
2021-11-07,4,28,"dimensio",FALSE,24,3029,3619
2021-11-08,0,88,"dimensio",FALSE,88,3117,3707
2021-11-09,3,62,"dimensio",FALSE,59,3176,3769
2021-11-10,0,110,"dimensio",FALSE,110,3286,3879
2021-11-11,3,48,"dimensio",FALSE,45,3331,3927
2021-11-12,0,25,"dimensio",FALSE,25,3356,3952
2021-11-13,3,32,"dimensio",FALSE,29,3385,3984
2021-11-14,0,14,"dimensio",FALSE,14,3399,3998
2021-11-15,3,18,"dimensio",FALSE,15,3414,4016
2021-11-16,0,22,"dimensio",FALSE,22,3436,4038
2021-11-17,3,28,"dimensio",FALSE,25,3461,4066
2021-11-18,0,20,"dimensio",FALSE,20,3481,4086
2021-11-19,3,20,"dimensio",FALSE,17,3498,4106
2021-11-20,0,5,"dimensio",FALSE,5,3503,4111
2021-11-21,14,28,"dimensio",FALSE,14,3517,4139
2021-11-22,0,18,"dimensio",FALSE,18,3535,4157
2021-11-23,3,27,"dimensio",FALSE,24,3559,4184
2021-11-24,3,17,"dimensio",FALSE,14,3573,4201
2021-11-25,3,20,"dimensio",FALSE,17,3590,4221
2021-11-26,0,6,"dimensio",FALSE,6,3596,4227
2021-11-27,3,17,"dimensio",FALSE,14,3610,4244
2021-11-28,0,6,"dimensio",FALSE,6,3616,4250
2021-11-29,4,26,"dimensio",FALSE,22,3638,4276
2021-11-30,0,18,"dimensio",FALSE,18,3656,4294
2021-12-01,6,22,"dimensio",FALSE,16,3672,4316
2021-12-02,0,17,"dimensio",FALSE,17,3689,4333
2021-12-03,3,18,"dimensio",FALSE,15,3704,4351
2021-12-04,0,10,"dimensio",FALSE,10,3714,4361
2021-12-05,0,9,"dimensio",FALSE,9,3723,4370
2021-12-06,3,22,"dimensio",FALSE,19,3742,4392
2021-12-07,0,11,"dimensio",FALSE,11,3753,4403
2021-12-08,7,17,"dimensio",FALSE,10,3763,4420
2021-12-09,4,26,"dimensio",FALSE,22,3785,4446
2021-12-10,0,15,"dimensio",FALSE,15,3800,4461
2021-12-11,3,15,"dimensio",FALSE,12,3812,4476
2021-12-12,0,5,"dimensio",FALSE,5,3817,4481
2021-12-13,4,17,"dimensio",FALSE,13,3830,4498
2021-12-14,3,10,"dimensio",FALSE,7,3837,4508
2021-12-15,8,27,"dimensio",FALSE,19,3856,4535
2021-12-16,1,10,"dimensio",FALSE,9,3865,4545
2021-12-17,4,13,"dimensio",FALSE,9,3874,4558
2021-12-18,1,4,"dimensio",FALSE,3,3877,4562
2021-12-19,3,13,"dimensio",FALSE,10,3887,4575
2021-12-20,0,11,"dimensio",FALSE,11,3898,4586
2021-12-21,3,19,"dimensio",FALSE,16,3914,4605
2021-12-22,4,18,"dimensio",FALSE,14,3928,4623
2021-12-23,0,7,"dimensio",FALSE,7,3935,4630
2021-12-24,3,33,"dimensio",FALSE,30,3965,4663
2021-12-25,1,7,"dimensio",FALSE,6,3971,4670
2021-12-26,4,12,"dimensio",FALSE,8,3979,4682
2021-12-27,0,3,"dimensio",FALSE,3,3982,4685
2021-12-28,4,17,"dimensio",FALSE,13,3995,4702
2021-12-29,4,10,"dimensio",FALSE,6,4001,4712
2021-12-30,3,15,"dimensio",FALSE,12,4013,4727
2021-12-31,0,12,"dimensio",FALSE,12,4025,4739
2022-01-01,0,5,"dimensio",FALSE,5,4030,4744
2022-01-02,0,4,"dimensio",FALSE,4,4034,4748
2022-01-03,0,4,"dimensio",FALSE,4,4038,4752
2022-01-04,0,8,"dimensio",FALSE,8,4046,4760
2022-01-05,3,14,"dimensio",FALSE,11,4057,4774
2022-01-06,0,14,"dimensio",FALSE,14,4071,4788
2022-01-07,0,4,"dimensio",FALSE,4,4075,4792
2022-01-08,0,2,"dimensio",FALSE,2,4077,4794
2022-01-09,0,10,"dimensio",FALSE,10,4087,4804
2022-01-10,0,5,"dimensio",FALSE,5,4092,4809
2022-01-11,3,14,"dimensio",FALSE,11,4103,4823
2022-01-12,3,11,"dimensio",FALSE,8,4111,4834
2022-01-13,3,29,"dimensio",FALSE,26,4137,4863
2022-01-14,0,12,"dimensio",FALSE,12,4149,4875
2022-01-15,3,19,"dimensio",FALSE,16,4165,4894
2022-01-16,0,2,"dimensio",FALSE,2,4167,4896
2022-01-17,0,7,"dimensio",FALSE,7,4174,4903
2022-01-18,0,14,"dimensio",FALSE,14,4188,4917
2022-01-19,0,13,"dimensio",FALSE,13,4201,4930
2022-01-20,3,13,"dimensio",FALSE,10,4211,4943
2022-01-21,1,10,"dimensio",FALSE,9,4220,4953
2022-01-22,3,14,"dimensio",FALSE,11,4231,4967
2022-01-23,0,4,"dimensio",FALSE,4,4235,4971
2022-01-24,3,33,"dimensio",FALSE,30,4265,5004
2022-01-25,0,5,"dimensio",FALSE,5,4270,5009
2022-01-26,0,8,"dimensio",FALSE,8,4278,5017
2022-01-27,0,6,"dimensio",FALSE,6,4284,5023
2022-01-28,3,14,"dimensio",FALSE,11,4295,5037
2022-01-29,0,5,"dimensio",FALSE,5,4300,5042
2022-01-30,3,15,"dimensio",FALSE,12,4312,5057
2022-01-31,0,14,"dimensio",FALSE,14,4326,5071
2022-02-01,3,17,"dimensio",FALSE,14,4340,5088
2022-02-02,0,17,"dimensio",FALSE,17,4357,5105
2022-02-03,0,12,"dimensio",FALSE,12,4369,5117
2022-02-04,0,7,"dimensio",FALSE,7,4376,5124
2022-02-05,0,8,"dimensio",FALSE,8,4384,5132
2022-02-06,3,14,"dimensio",FALSE,11,4395,5146
2022-02-07,0,12,"dimensio",FALSE,12,4407,5158
2022-02-08,13,26,"dimensio",FALSE,13,4420,5184
2022-02-09,6,18,"dimensio",FALSE,12,4432,5202
2022-02-10,3,16,"dimensio",FALSE,13,4445,5218
2022-02-11,0,6,"dimensio",FALSE,6,4451,5224
2022-02-12,3,16,"dimensio",FALSE,13,4464,5240
2022-02-13,0,1,"dimensio",FALSE,1,4465,5241
2022-02-14,3,14,"dimensio",FALSE,11,4476,5255
2022-02-15,0,11,"dimensio",FALSE,11,4487,5266
2022-02-16,9,21,"dimensio",FALSE,12,4499,5287
2022-02-17,0,14,"dimensio",FALSE,14,4513,5301
2022-02-18,3,17,"dimensio",FALSE,14,4527,5318
2022-02-19,0,7,"dimensio",FALSE,7,4534,5325
2022-02-20,0,4,"dimensio",FALSE,4,4538,5329
2022-02-21,3,16,"dimensio",FALSE,13,4551,5345
2022-02-22,0,3,"dimensio",FALSE,3,4554,5348
2022-02-23,11,26,"dimensio",FALSE,15,4569,5374
2022-02-24,0,10,"dimensio",FALSE,10,4579,5384
2022-02-25,3,12,"dimensio",FALSE,9,4588,5396
2022-02-26,0,3,"dimensio",FALSE,3,4591,5399
2022-02-27,4,15,"dimensio",FALSE,11,4602,5414
2022-02-28,0,11,"dimensio",FALSE,11,4613,5425
2022-03-01,3,41,"dimensio",FALSE,38,4651,5466
2022-03-02,3,45,"dimensio",FALSE,42,4693,5511
2022-03-03,3,43,"dimensio",FALSE,40,4733,5554
2022-03-04,0,56,"dimensio",FALSE,56,4789,5610
2022-03-05,3,15,"dimensio",FALSE,12,4801,5625
2022-03-06,0,7,"dimensio",FALSE,7,4808,5632
2022-03-07,3,32,"dimensio",FALSE,29,4837,5664
2022-03-08,2,27,"dimensio",FALSE,25,4862,5691
2022-03-09,10,44,"dimensio",FALSE,34,4896,5735
2022-03-10,0,25,"dimensio",FALSE,25,4921,5760
2022-03-11,1,53,"dimensio",FALSE,52,4973,5813
2022-03-12,0,13,"dimensio",FALSE,13,4986,5826
2022-03-13,3,15,"dimensio",FALSE,12,4998,5841
2022-03-14,0,38,"dimensio",FALSE,38,5036,5879
2022-03-15,3,28,"dimensio",FALSE,25,5061,5907
2022-03-16,4,52,"dimensio",FALSE,48,5109,5959
2022-03-17,3,26,"dimensio",FALSE,23,5132,5985
2022-03-18,0,17,"dimensio",FALSE,17,5149,6002
2022-03-19,3,14,"dimensio",FALSE,11,5160,6016
2022-03-20,0,8,"dimensio",FALSE,8,5168,6024
2022-03-21,4,18,"dimensio",FALSE,14,5182,6042
2022-03-22,0,14,"dimensio",FALSE,14,5196,6056
2022-03-23,9,31,"dimensio",FALSE,22,5218,6087
2022-03-24,0,17,"dimensio",FALSE,17,5235,6104
2022-03-25,3,40,"dimensio",FALSE,37,5272,6144
2022-03-26,0,19,"dimensio",FALSE,19,5291,6163
2022-03-27,3,12,"dimensio",FALSE,9,5300,6175
2022-03-28,0,16,"dimensio",FALSE,16,5316,6191
2022-03-29,3,43,"dimensio",FALSE,40,5356,6234
2022-03-30,5,41,"dimensio",FALSE,36,5392,6275
2022-03-31,3,40,"dimensio",FALSE,37,5429,6315
2022-04-01,1,9,"dimensio",FALSE,8,5437,6324
2022-04-02,3,32,"dimensio",FALSE,29,5466,6356
2022-04-03,0,7,"dimensio",FALSE,7,5473,6363
2022-04-04,4,77,"dimensio",FALSE,73,5546,6440
2022-04-05,0,73,"dimensio",FALSE,73,5619,6513
2022-04-06,10,45,"dimensio",FALSE,35,5654,6558
2022-04-07,3,59,"dimensio",FALSE,56,5710,6617
2022-04-08,0,42,"dimensio",FALSE,42,5752,6659
2022-04-09,0,18,"dimensio",FALSE,18,5770,6677
2022-04-10,0,11,"dimensio",FALSE,11,5781,6688
2022-04-11,6,46,"dimensio",FALSE,40,5821,6734
2022-04-12,0,64,"dimensio",FALSE,64,5885,6798
2022-04-13,6,63,"dimensio",FALSE,57,5942,6861
2022-04-14,0,14,"dimensio",FALSE,14,5956,6875
2022-04-15,0,12,"dimensio",FALSE,12,5968,6887
2022-04-16,3,17,"dimensio",FALSE,14,5982,6904
2022-04-17,0,9,"dimensio",FALSE,9,5991,6913
2022-04-18,3,51,"dimensio",FALSE,48,6039,6964
2022-04-19,0,19,"dimensio",FALSE,19,6058,6983
2022-04-20,10,47,"dimensio",FALSE,37,6095,7030
2022-04-21,0,45,"dimensio",FALSE,45,6140,7075
2022-04-22,3,44,"dimensio",FALSE,41,6181,7119
2022-04-23,0,10,"dimensio",FALSE,10,6191,7129
2022-04-24,0,11,"dimensio",FALSE,11,6202,7140
2022-04-25,0,30,"dimensio",FALSE,30,6232,7170
2022-04-26,0,26,"dimensio",FALSE,26,6258,7196
2022-04-27,9,64,"dimensio",FALSE,55,6313,7260
2022-04-28,0,35,"dimensio",FALSE,35,6348,7295
2022-04-29,0,37,"dimensio",FALSE,37,6385,7332
2022-04-30,3,10,"dimensio",FALSE,7,6392,7342
2022-05-01,0,8,"dimensio",FALSE,8,6400,7350
2022-05-02,3,30,"dimensio",FALSE,27,6427,7380
2022-05-03,0,35,"dimensio",FALSE,35,6462,7415
2022-05-04,9,65,"dimensio",FALSE,56,6518,7480
2022-05-05,0,13,"dimensio",FALSE,13,6531,7493
2022-05-06,4,44,"dimensio",FALSE,40,6571,7537
2022-05-07,0,6,"dimensio",FALSE,6,6577,7543
2022-05-08,3,15,"dimensio",FALSE,12,6589,7558
2022-05-09,0,23,"dimensio",FALSE,23,6612,7581
2022-05-10,3,35,"dimensio",FALSE,32,6644,7616
2022-05-11,4,30,"dimensio",FALSE,26,6670,7646
2022-05-12,3,52,"dimensio",FALSE,49,6719,7698
2022-05-13,0,32,"dimensio",FALSE,32,6751,7730
2022-05-14,3,12,"dimensio",FALSE,9,6760,7742
2022-05-15,0,6,"dimensio",FALSE,6,6766,7748
2022-05-16,3,50,"dimensio",FALSE,47,6813,7798
2022-05-17,1,34,"dimensio",FALSE,33,6846,7832
2022-05-18,4,58,"dimensio",FALSE,54,6900,7890
2022-05-19,0,63,"dimensio",FALSE,63,6963,7953
2022-05-20,3,56,"dimensio",FALSE,53,7016,8009
2022-05-21,0,2,"dimensio",FALSE,2,7018,8011
2022-05-22,3,17,"dimensio",FALSE,14,7032,8028
2022-05-23,0,31,"dimensio",FALSE,31,7063,8059
2022-05-24,0,22,"dimensio",FALSE,22,7085,8081
2022-05-25,9,45,"dimensio",FALSE,36,7121,8126
2022-05-26,0,55,"dimensio",FALSE,55,7176,8181
2022-05-27,3,25,"dimensio",FALSE,22,7198,8206
2022-05-28,0,5,"dimensio",FALSE,5,7203,8211
2022-05-29,3,14,"dimensio",FALSE,11,7214,8225
2022-05-30,0,30,"dimensio",FALSE,30,7244,8255
2022-05-31,3,40,"dimensio",FALSE,37,7281,8295
2022-06-01,2,77,"dimensio",FALSE,75,7356,8372
2022-06-02,3,39,"dimensio",FALSE,36,7392,8411
2022-06-03,0,35,"dimensio",FALSE,35,7427,8446
2022-06-04,3,18,"dimensio",FALSE,15,7442,8464
2022-06-05,0,2,"dimensio",FALSE,2,7444,8466
2022-06-06,3,35,"dimensio",FALSE,32,7476,8501
2022-06-07,0,24,"dimensio",FALSE,24,7500,8525
2022-06-08,10,35,"dimensio",FALSE,25,7525,8560
2022-06-09,0,30,"dimensio",FALSE,30,7555,8590
2022-06-10,0,30,"dimensio",FALSE,30,7585,8620
2022-06-11,3,16,"dimensio",FALSE,13,7598,8636
2022-06-12,0,3,"dimensio",FALSE,3,7601,8639
2022-06-13,3,30,"dimensio",FALSE,27,7628,8669
2022-06-14,4,44,"dimensio",FALSE,40,7668,8713
2022-06-15,3,60,"dimensio",FALSE,57,7725,8773
2022-06-16,0,21,"dimensio",FALSE,21,7746,8794
2022-06-17,0,28,"dimensio",FALSE,28,7774,8822
2022-06-18,0,6,"dimensio",FALSE,6,7780,8828
2022-06-19,0,11,"dimensio",FALSE,11,7791,8839
2022-06-20,0,39,"dimensio",FALSE,39,7830,8878
2022-06-21,0,35,"dimensio",FALSE,35,7865,8913
2022-06-22,2,54,"dimensio",FALSE,52,7917,8967
2022-06-23,0,37,"dimensio",FALSE,37,7954,9004
2022-06-24,3,32,"dimensio",FALSE,29,7983,9036
2022-06-25,0,3,"dimensio",FALSE,3,7986,9039
2022-06-26,0,7,"dimensio",FALSE,7,7993,9046
2022-06-27,0,18,"dimensio",FALSE,18,8011,9064
2022-06-28,0,48,"dimensio",FALSE,48,8059,9112
2022-06-29,3,47,"dimensio",FALSE,44,8103,9159
2022-06-30,3,47,"dimensio",FALSE,44,8147,9206
2022-07-01,0,42,"dimensio",FALSE,42,8189,9248
2022-07-02,0,6,"dimensio",FALSE,6,8195,9254
2022-07-03,3,22,"dimensio",FALSE,19,8214,9276
2022-07-04,0,43,"dimensio",FALSE,43,8257,9319
2022-07-05,0,57,"dimensio",FALSE,57,8314,9376
2022-07-06,9,39,"dimensio",FALSE,30,8344,9415
2022-07-07,0,31,"dimensio",FALSE,31,8375,9446
2022-07-08,0,60,"dimensio",FALSE,60,8435,9506
2022-07-09,3,18,"dimensio",FALSE,15,8450,9524
2022-07-10,0,7,"dimensio",FALSE,7,8457,9531
2022-07-11,0,14,"dimensio",FALSE,14,8471,9545
2022-07-12,3,18,"dimensio",FALSE,15,8486,9563
2022-07-13,3,53,"dimensio",FALSE,50,8536,9616
2022-07-14,0,41,"dimensio",FALSE,41,8577,9657
2022-07-15,3,46,"dimensio",FALSE,43,8620,9703
2022-07-16,0,13,"dimensio",FALSE,13,8633,9716
2022-07-17,0,6,"dimensio",FALSE,6,8639,9722
2022-07-18,4,20,"dimensio",FALSE,16,8655,9742
2022-07-19,0,12,"dimensio",FALSE,12,8667,9754
2022-07-20,2,15,"dimensio",FALSE,13,8680,9769
2022-07-21,3,68,"dimensio",FALSE,65,8745,9837
2022-07-22,0,64,"dimensio",FALSE,64,8809,9901
2022-07-23,0,8,"dimensio",FALSE,8,8817,9909
2022-07-24,3,15,"dimensio",FALSE,12,8829,9924
2022-07-25,0,43,"dimensio",FALSE,43,8872,9967
2022-07-26,0,30,"dimensio",FALSE,30,8902,9997
2022-07-27,9,67,"dimensio",FALSE,58,8960,10064
2022-07-28,0,37,"dimensio",FALSE,37,8997,10101
2022-07-29,0,27,"dimensio",FALSE,27,9024,10128
2022-07-30,3,13,"dimensio",FALSE,10,9034,10141
2022-07-31,3,15,"dimensio",FALSE,12,9046,10156
2022-08-01,0,37,"dimensio",FALSE,37,9083,10193
2022-08-02,0,50,"dimensio",FALSE,50,9133,10243
2022-08-03,9,59,"dimensio",FALSE,50,9183,10302
2022-08-04,0,53,"dimensio",FALSE,53,9236,10355
2022-08-05,0,34,"dimensio",FALSE,34,9270,10389
2022-08-06,3,14,"dimensio",FALSE,11,9281,10403
2022-08-07,0,3,"dimensio",FALSE,3,9284,10406
2022-08-08,0,30,"dimensio",FALSE,30,9314,10436
2022-08-09,3,50,"dimensio",FALSE,47,9361,10486
2022-08-10,0,52,"dimensio",FALSE,52,9413,10538
2022-08-11,1,58,"dimensio",FALSE,57,9470,10596
2022-08-12,3,41,"dimensio",FALSE,38,9508,10637
2022-08-13,2,4,"dimensio",FALSE,2,9510,10641
2022-08-14,1,3,"dimensio",FALSE,2,9512,10644
2022-08-15,3,37,"dimensio",TRUE,1,9513,10681
2022-08-16,1,48,"dimensio",FALSE,1,9514,10729
2022-08-17,6,53,"dimensio",FALSE,47,9561,10782
2022-08-18,6,71,"dimensio",FALSE,65,9626,10853
2022-08-19,0,17,"dimensio",FALSE,17,9643,10870
2022-08-20,0,13,"dimensio",FALSE,13,9656,10883
2022-08-21,3,39,"dimensio",FALSE,36,9692,10922
2022-08-22,0,34,"dimensio",FALSE,34,9726,10956
2022-08-23,0,46,"dimensio",FALSE,46,9772,11002
2022-08-24,10,49,"dimensio",FALSE,39,9811,11051
2022-08-25,1,51,"dimensio",FALSE,50,9861,11102
2022-08-26,0,26,"dimensio",FALSE,26,9887,11128
2022-08-27,3,37,"dimensio",FALSE,34,9921,11165
2022-08-28,0,44,"dimensio",FALSE,44,9965,11209
2022-08-29,0,39,"dimensio",FALSE,39,10004,11248
2022-08-30,5,40,"dimensio",FALSE,35,10039,11288
2022-08-31,2,12,"dimensio",FALSE,10,10049,11300
2022-09-01,0,21,"dimensio",FALSE,21,10070,11321
2022-09-02,3,18,"dimensio",FALSE,15,10085,11339
2022-09-03,0,3,"dimensio",FALSE,3,10088,11342
2022-09-04,0,7,"dimensio",FALSE,7,10095,11349
2022-09-05,3,20,"dimensio",FALSE,17,10112,11369
2022-09-06,0,17,"dimensio",FALSE,17,10129,11386
2022-09-07,0,28,"dimensio",FALSE,28,10157,11414
2022-09-08,7,32,"dimensio",FALSE,25,10182,11446
2022-09-09,0,19,"dimensio",FALSE,19,10201,11465
2022-09-10,0,10,"dimensio",FALSE,10,10211,11475
2022-09-11,3,19,"dimensio",FALSE,16,10227,11494
2022-09-12,0,20,"dimensio",FALSE,20,10247,11514
2022-09-13,0,21,"dimensio",FALSE,21,10268,11535
2022-09-14,9,43,"dimensio",FALSE,34,10302,11578
2022-09-15,0,14,"dimensio",FALSE,14,10316,11592
2022-09-16,0,19,"dimensio",FALSE,19,10335,11611
2022-09-17,3,8,"dimensio",FALSE,5,10340,11619
2022-09-18,0,4,"dimensio",FALSE,4,10344,11623
2022-09-19,0,18,"dimensio",FALSE,18,10362,11641
2022-09-20,3,29,"dimensio",FALSE,26,10388,11670
2022-09-21,0,25,"dimensio",FALSE,25,10413,11695
2022-09-22,0,19,"dimensio",FALSE,19,10432,11714
2022-09-23,3,30,"dimensio",FALSE,27,10459,11744
2022-09-24,0,3,"dimensio",FALSE,3,10462,11747
2022-09-25,0,7,"dimensio",FALSE,7,10469,11754
2022-09-26,3,27,"dimensio",FALSE,24,10493,11781
2022-09-27,0,19,"dimensio",FALSE,19,10512,11800
2022-09-28,0,17,"dimensio",FALSE,17,10529,11817
2022-09-29,3,25,"dimensio",FALSE,22,10551,11842
2022-09-30,0,13,"dimensio",FALSE,13,10564,11855
2022-10-01,0,6,"dimensio",FALSE,6,10570,11861
2022-10-02,3,17,"dimensio",FALSE,14,10584,11878
2022-10-03,1,27,"dimensio",FALSE,26,10610,11905
2022-10-04,0,20,"dimensio",FALSE,20,10630,11925
2022-10-05,3,28,"dimensio",FALSE,25,10655,11953
2022-10-06,0,30,"dimensio",FALSE,30,10685,11983
2022-10-07,0,17,"dimensio",FALSE,17,10702,12000
2022-10-08,3,17,"dimensio",FALSE,14,10716,12017
2022-10-09,0,8,"dimensio",FALSE,8,10724,12025
2022-10-10,0,32,"dimensio",FALSE,32,10756,12057
2022-10-11,0,23,"dimensio",FALSE,23,10779,12080
2022-10-12,3,28,"dimensio",FALSE,25,10804,12108
2022-10-13,0,25,"dimensio",FALSE,25,10829,12133
2022-10-14,0,23,"dimensio",FALSE,23,10852,12156
2022-10-15,3,18,"dimensio",FALSE,15,10867,12174
2022-10-16,0,5,"dimensio",FALSE,5,10872,12179
2022-10-17,0,52,"dimensio",FALSE,52,10924,12231
2022-10-18,3,30,"dimensio",FALSE,27,10951,12261
2022-10-19,0,11,"dimensio",FALSE,11,10962,12272
2022-10-20,3,23,"dimensio",FALSE,20,10982,12295
2022-10-21,0,25,"dimensio",FALSE,25,11007,12320
2022-10-22,0,9,"dimensio",FALSE,9,11016,12329
2022-10-23,3,15,"dimensio",FALSE,12,11028,12344
2022-10-24,0,17,"dimensio",FALSE,17,11045,12361
2022-10-25,0,16,"dimensio",FALSE,16,11061,12377
2022-10-26,3,23,"dimensio",FALSE,20,11081,12400
2022-10-27,0,16,"dimensio",FALSE,16,11097,12416
2022-10-28,0,26,"dimensio",FALSE,26,11123,12442
2022-10-29,0,7,"dimensio",FALSE,7,11130,12449
2022-10-30,0,6,"dimensio",FALSE,6,11136,12455
2022-10-31,0,6,"dimensio",FALSE,6,11142,12461
2022-11-01,0,22,"dimensio",FALSE,22,11164,12483
2022-11-02,1,18,"dimensio",FALSE,17,11181,12501
2022-11-03,3,17,"dimensio",FALSE,14,11195,12518
2022-11-04,0,7,"dimensio",FALSE,7,11202,12525
2022-11-05,3,16,"dimensio",FALSE,13,11215,12541
2022-11-06,0,8,"dimensio",FALSE,8,11223,12549
2022-11-07,3,17,"dimensio",FALSE,14,11237,12566
2022-11-08,0,15,"dimensio",FALSE,15,11252,12581
2022-11-09,0,12,"dimensio",FALSE,12,11264,12593
2022-11-10,3,15,"dimensio",FALSE,12,11276,12608
2022-11-11,0,8,"dimensio",FALSE,8,11284,12616
2022-11-12,0,17,"dimensio",FALSE,17,11301,12633
2022-11-13,0,13,"dimensio",FALSE,13,11314,12646
2022-11-14,3,18,"dimensio",FALSE,15,11329,12664
2022-11-15,0,9,"dimensio",FALSE,9,11338,12673
2022-11-16,0,9,"dimensio",FALSE,9,11347,12682
2022-11-17,3,11,"dimensio",FALSE,8,11355,12693
2022-11-18,7,28,"dimensio",FALSE,21,11376,12721
2022-11-19,0,4,"dimensio",FALSE,4,11380,12725
2022-11-20,0,6,"dimensio",FALSE,6,11386,12731
2022-11-21,3,16,"dimensio",FALSE,13,11399,12747
2022-11-22,1,13,"dimensio",FALSE,12,11411,12760
2022-11-23,0,9,"dimensio",FALSE,9,11420,12769
2022-11-24,0,7,"dimensio",FALSE,7,11427,12776
2022-11-25,0,10,"dimensio",FALSE,10,11437,12786
2022-11-26,0,11,"dimensio",FALSE,11,11448,12797
2022-11-27,0,8,"dimensio",FALSE,8,11456,12805
2022-11-28,3,13,"dimensio",FALSE,10,11466,12818
2022-11-29,0,15,"dimensio",FALSE,15,11481,12833
2022-11-30,0,10,"dimensio",FALSE,10,11491,12843
2022-12-01,0,24,"dimensio",FALSE,24,11515,12867
2022-12-02,0,6,"dimensio",FALSE,6,11521,12873
2022-12-03,0,5,"dimensio",FALSE,5,11526,12878
2022-12-04,0,7,"dimensio",FALSE,7,11533,12885
2022-12-05,0,7,"dimensio",FALSE,7,11540,12892
2022-12-06,2,10,"dimensio",FALSE,8,11548,12902
2022-12-07,0,11,"dimensio",FALSE,11,11559,12913
2022-12-08,0,11,"dimensio",FALSE,11,11570,12924
2022-12-09,0,8,"dimensio",FALSE,8,11578,12932
2022-12-10,0,2,"dimensio",FALSE,2,11580,12934
2022-12-11,0,5,"dimensio",FALSE,5,11585,12939
2022-12-12,0,5,"dimensio",FALSE,5,11590,12944
2022-12-13,0,13,"dimensio",FALSE,13,11603,12957
2022-12-14,0,9,"dimensio",FALSE,9,11612,12966
2022-12-15,0,17,"dimensio",FALSE,17,11629,12983
2022-12-16,4,10,"dimensio",FALSE,6,11635,12993
2022-12-17,0,2,"dimensio",FALSE,2,11637,12995
2022-12-18,0,3,"dimensio",FALSE,3,11640,12998
2022-12-19,0,6,"dimensio",FALSE,6,11646,13004
2022-12-20,0,5,"dimensio",FALSE,5,11651,13009
2022-12-21,0,21,"dimensio",FALSE,21,11672,13030
2022-12-22,0,5,"dimensio",FALSE,5,11677,13035
2022-12-23,0,17,"dimensio",FALSE,17,11694,13052
2022-12-24,2,10,"dimensio",FALSE,8,11702,13062
2022-12-25,1,6,"dimensio",FALSE,5,11707,13068
2022-12-26,0,6,"dimensio",FALSE,6,11713,13074
2022-12-27,0,5,"dimensio",FALSE,5,11718,13079
2022-12-28,0,8,"dimensio",FALSE,8,11726,13087
2022-12-29,0,2,"dimensio",FALSE,2,11728,13089
2022-12-30,0,5,"dimensio",FALSE,5,11733,13094
2022-12-31,0,2,"dimensio",FALSE,2,11735,13096
2023-01-01,0,4,"dimensio",FALSE,4,11739,13100
2023-01-02,0,8,"dimensio",FALSE,8,11747,13108
2023-01-03,0,4,"dimensio",FALSE,4,11751,13112
2023-01-04,3,5,"dimensio",FALSE,2,11753,13117
2023-01-05,0,10,"dimensio",FALSE,10,11763,13127
2023-01-06,1,7,"dimensio",FALSE,6,11769,13134
2023-01-07,0,9,"dimensio",FALSE,9,11778,13143
2023-01-08,0,4,"dimensio",FALSE,4,11782,13147
2023-01-09,0,7,"dimensio",FALSE,7,11789,13154
2023-01-10,0,4,"dimensio",FALSE,4,11793,13158
2023-01-11,0,8,"dimensio",FALSE,8,11801,13166
2023-01-12,0,5,"dimensio",FALSE,5,11806,13171
2023-01-13,0,7,"dimensio",FALSE,7,11813,13178
2023-01-14,0,4,"dimensio",FALSE,4,11817,13182
2023-01-15,0,7,"dimensio",FALSE,7,11824,13189
2023-01-16,3,3,"dimensio",FALSE,0,11824,13192
2023-01-17,7,22,"dimensio",FALSE,15,11839,13214
2023-01-18,2,14,"dimensio",FALSE,12,11851,13228
2023-01-19,0,9,"dimensio",FALSE,9,11860,13237
2023-01-20,0,7,"dimensio",FALSE,7,11867,13244
2023-01-21,2,9,"dimensio",FALSE,7,11874,13253
2023-01-22,0,10,"dimensio",FALSE,10,11884,13263
2023-01-23,0,4,"dimensio",FALSE,4,11888,13267
2023-01-24,0,7,"dimensio",FALSE,7,11895,13274
2023-01-25,0,7,"dimensio",FALSE,7,11902,13281
2023-01-26,0,13,"dimensio",FALSE,13,11915,13294
2023-01-27,0,6,"dimensio",FALSE,6,11921,13300
2023-01-28,0,5,"dimensio",FALSE,5,11926,13305
2023-01-29,0,7,"dimensio",FALSE,7,11933,13312
2023-01-30,0,5,"dimensio",FALSE,5,11938,13317
2023-01-31,0,6,"dimensio",FALSE,6,11944,13323
2023-02-01,0,9,"dimensio",FALSE,9,11953,13332
2023-02-02,5,15,"dimensio",FALSE,10,11963,13347
2023-02-03,0,7,"dimensio",FALSE,7,11970,13354
2023-02-04,0,2,"dimensio",FALSE,2,11972,13356
2023-02-05,0,9,"dimensio",FALSE,9,11981,13365
2023-02-06,0,10,"dimensio",FALSE,10,11991,13375
2023-02-07,0,17,"dimensio",FALSE,17,12008,13392
2023-02-08,0,16,"dimensio",FALSE,16,12024,13408
2023-02-09,0,12,"dimensio",FALSE,12,12036,13420
2023-02-10,0,11,"dimensio",FALSE,11,12047,13431
2023-02-11,0,9,"dimensio",FALSE,9,12056,13440
2023-02-12,0,6,"dimensio",FALSE,6,12062,13446
2023-02-13,0,7,"dimensio",FALSE,7,12069,13453
2023-02-14,0,18,"dimensio",FALSE,18,12087,13471
2023-02-15,3,19,"dimensio",FALSE,16,12103,13490
2023-02-16,0,5,"dimensio",FALSE,5,12108,13495
2023-02-17,0,12,"dimensio",FALSE,12,12120,13507
2023-02-18,0,4,"dimensio",FALSE,4,12124,13511
2023-02-19,2,7,"dimensio",FALSE,5,12129,13518
2023-02-20,0,3,"dimensio",FALSE,3,12132,13521
2023-02-21,0,12,"dimensio",FALSE,12,12144,13533
2023-02-22,0,12,"dimensio",FALSE,12,12156,13545
2023-02-23,1,9,"dimensio",FALSE,8,12164,13554
2023-02-24,0,9,"dimensio",FALSE,9,12173,13563
2023-02-25,0,1,"dimensio",FALSE,1,12174,13564
2023-02-26,0,5,"dimensio",FALSE,5,12179,13569
2023-02-27,0,10,"dimensio",FALSE,10,12189,13579
2023-02-28,0,10,"dimensio",FALSE,10,12199,13589
2023-03-01,0,11,"dimensio",FALSE,11,12210,13600
2023-03-02,0,10,"dimensio",FALSE,10,12220,13610
2023-03-03,0,8,"dimensio",FALSE,8,12228,13618
2023-03-04,0,4,"dimensio",FALSE,4,12232,13622
2023-03-05,0,9,"dimensio",FALSE,9,12241,13631
2023-03-06,3,12,"dimensio",FALSE,9,12250,13643
2023-03-07,0,6,"dimensio",FALSE,6,12256,13649
2023-03-08,0,5,"dimensio",FALSE,5,12261,13654
2023-03-09,3,13,"dimensio",FALSE,10,12271,13667
2023-03-10,2,16,"dimensio",FALSE,14,12285,13683
2023-03-11,0,8,"dimensio",FALSE,8,12293,13691
2023-03-12,0,6,"dimensio",FALSE,6,12299,13697
2023-03-13,0,23,"dimensio",FALSE,23,12322,13720
2023-03-14,0,14,"dimensio",FALSE,14,12336,13734
2023-03-15,5,12,"dimensio",FALSE,7,12343,13746
2023-03-16,3,16,"dimensio",FALSE,13,12356,13762
2023-03-17,0,7,"dimensio",FALSE,7,12363,13769
2023-03-18,2,17,"dimensio",FALSE,15,12378,13786
2023-03-19,0,3,"dimensio",FALSE,3,12381,13789
2023-03-20,8,23,"dimensio",FALSE,15,12396,13812
2023-03-21,0,14,"dimensio",FALSE,14,12410,13826
2023-03-22,2,16,"dimensio",FALSE,14,12424,13842
2023-03-23,0,4,"dimensio",FALSE,4,12428,13846
2023-03-24,0,9,"dimensio",FALSE,9,12437,13855
2023-03-25,1,8,"dimensio",FALSE,7,12444,13863
2023-03-26,0,13,"dimensio",FALSE,13,12457,13876
2023-03-27,4,21,"dimensio",FALSE,17,12474,13897
2023-03-28,0,17,"dimensio",FALSE,17,12491,13914
2023-03-29,2,16,"dimensio",FALSE,14,12505,13930
2023-03-30,0,14,"dimensio",FALSE,14,12519,13944
2023-03-31,0,6,"dimensio",FALSE,6,12525,13950
2023-04-01,0,10,"dimensio",FALSE,10,12535,13960
2023-04-02,3,4,"dimensio",FALSE,1,12536,13964
2023-04-03,0,9,"dimensio",FALSE,9,12545,13973
2023-04-04,0,22,"dimensio",TRUE,1,12546,13995
2023-04-05,0,24,"dimensio",FALSE,1,12547,14019
2023-04-06,0,19,"dimensio",FALSE,19,12566,14038
2023-04-07,0,55,"dimensio",FALSE,55,12621,14093
2023-04-08,3,19,"dimensio",FALSE,16,12637,14112
2023-04-09,0,11,"dimensio",FALSE,11,12648,14123
2023-04-10,0,9,"dimensio",FALSE,9,12657,14132
2023-04-11,0,13,"dimensio",FALSE,13,12670,14145
2023-04-12,2,24,"dimensio",FALSE,22,12692,14169
2023-04-13,1,28,"dimensio",FALSE,27,12719,14197
2023-04-14,3,20,"dimensio",FALSE,17,12736,14217
2023-04-15,0,5,"dimensio",FALSE,5,12741,14222
2023-04-16,0,9,"dimensio",FALSE,9,12750,14231
2023-04-17,0,15,"dimensio",FALSE,15,12765,14246
2023-04-18,0,24,"dimensio",FALSE,24,12789,14270
2023-04-19,9,42,"dimensio",FALSE,33,12822,14312
2023-04-20,0,16,"dimensio",FALSE,16,12838,14328
2023-04-21,3,11,"dimensio",FALSE,8,12846,14339
2023-04-22,0,11,"dimensio",FALSE,11,12857,14350
2023-04-23,0,4,"dimensio",FALSE,4,12861,14354
2023-04-24,0,16,"dimensio",FALSE,16,12877,14370
2023-04-25,0,7,"dimensio",FALSE,7,12884,14377
2023-04-26,2,19,"dimensio",FALSE,17,12901,14396
2023-04-27,0,14,"dimensio",FALSE,14,12915,14410
2023-04-28,0,9,"dimensio",FALSE,9,12924,14419
2023-04-29,0,3,"dimensio",FALSE,3,12927,14422
2023-04-30,0,7,"dimensio",FALSE,7,12934,14429
2023-05-01,0,9,"dimensio",FALSE,9,12943,14438
2023-05-02,0,5,"dimensio",FALSE,5,12948,14443
2023-05-03,2,13,"dimensio",FALSE,11,12959,14456
2023-05-04,0,2,"dimensio",FALSE,2,12961,14458
2023-05-05,0,9,"dimensio",FALSE,9,12970,14467
2023-05-06,0,12,"dimensio",FALSE,12,12982,14479
2023-05-07,0,6,"dimensio",FALSE,6,12988,14485
2023-05-08,0,18,"dimensio",FALSE,18,13006,14503
2023-05-09,0,9,"dimensio",FALSE,9,13015,14512
2023-05-10,2,24,"dimensio",FALSE,22,13037,14536
2023-05-11,0,12,"dimensio",FALSE,12,13049,14548
2023-05-12,0,19,"dimensio",FALSE,19,13068,14567
2023-05-13,0,15,"dimensio",FALSE,15,13083,14582
2023-05-14,0,4,"dimensio",FALSE,4,13087,14586
2023-05-15,2,10,"dimensio",FALSE,8,13095,14596
2023-05-16,0,14,"dimensio",FALSE,14,13109,14610
2023-05-17,2,19,"dimensio",FALSE,17,13126,14629
2023-05-18,0,9,"dimensio",FALSE,9,13135,14638
2023-05-19,0,13,"dimensio",FALSE,13,13148,14651
2023-05-20,0,1,"dimensio",FALSE,1,13149,14652
2023-05-21,0,5,"dimensio",FALSE,5,13154,14657
2023-05-22,0,8,"dimensio",FALSE,8,13162,14665
2023-05-23,0,12,"dimensio",FALSE,12,13174,14677
2023-05-24,2,20,"dimensio",FALSE,18,13192,14697
2023-05-25,0,10,"dimensio",FALSE,10,13202,14707
2023-05-26,0,9,"dimensio",FALSE,9,13211,14716
2023-05-27,0,7,"dimensio",FALSE,7,13218,14723
2023-05-28,0,3,"dimensio",FALSE,3,13221,14726
2023-05-29,0,9,"dimensio",FALSE,9,13230,14735
2023-05-30,0,7,"dimensio",FALSE,7,13237,14742
2023-05-31,0,10,"dimensio",FALSE,10,13247,14752
2023-06-01,1,18,"dimensio",FALSE,17,13264,14770
2023-06-02,0,13,"dimensio",FALSE,13,13277,14783
2023-06-03,0,3,"dimensio",FALSE,3,13280,14786
2023-06-04,0,6,"dimensio",FALSE,6,13286,14792
2023-06-05,0,5,"dimensio",FALSE,5,13291,14797
2023-06-06,0,6,"dimensio",FALSE,6,13297,14803
2023-06-07,0,2,"dimensio",FALSE,2,13299,14805
2023-06-08,2,18,"dimensio",FALSE,16,13315,14823
2023-06-09,0,8,"dimensio",FALSE,8,13323,14831
2023-06-10,0,4,"dimensio",FALSE,4,13327,14835
2023-06-11,0,6,"dimensio",FALSE,6,13333,14841
2023-06-12,0,9,"dimensio",FALSE,9,13342,14850
2023-06-13,0,6,"dimensio",FALSE,6,13348,14856
2023-06-14,0,7,"dimensio",FALSE,7,13355,14863
2023-06-15,2,12,"dimensio",FALSE,10,13365,14875
2023-06-16,0,9,"dimensio",FALSE,9,13374,14884
2023-06-17,0,6,"dimensio",FALSE,6,13380,14890
2023-06-18,0,2,"dimensio",FALSE,2,13382,14892
2023-06-19,0,5,"dimensio",FALSE,5,13387,14897
2023-06-20,0,13,"dimensio",FALSE,13,13400,14910
2023-06-21,2,14,"dimensio",FALSE,12,13412,14924
2023-06-22,0,12,"dimensio",FALSE,12,13424,14936
2023-06-23,0,5,"dimensio",FALSE,5,13429,14941
2023-06-24,0,8,"dimensio",FALSE,8,13437,14949
2023-06-25,0,5,"dimensio",FALSE,5,13442,14954
2023-06-26,0,9,"dimensio",FALSE,9,13451,14963
2023-06-27,0,8,"dimensio",FALSE,8,13459,14971
2023-06-28,2,19,"dimensio",FALSE,17,13476,14990
2023-06-29,0,9,"dimensio",FALSE,9,13485,14999
2023-06-30,0,6,"dimensio",FALSE,6,13491,15005
2023-07-01,0,6,"dimensio",FALSE,6,13497,15011
2023-07-02,0,4,"dimensio",FALSE,4,13501,15015
2023-07-03,0,12,"dimensio",FALSE,12,13513,15027
2023-07-04,0,12,"dimensio",FALSE,12,13525,15039
2023-07-05,1,17,"dimensio",FALSE,16,13541,15056
2023-07-06,0,16,"dimensio",FALSE,16,13557,15072
2023-07-07,0,11,"dimensio",FALSE,11,13568,15083
2023-07-08,0,5,"dimensio",FALSE,5,13573,15088
2023-07-09,0,7,"dimensio",FALSE,7,13580,15095
2023-07-10,0,10,"dimensio",FALSE,10,13590,15105
2023-07-11,0,8,"dimensio",FALSE,8,13598,15113
2023-07-12,2,17,"dimensio",FALSE,15,13613,15130
2023-07-13,0,5,"dimensio",FALSE,5,13618,15135
2023-07-14,0,5,"dimensio",FALSE,5,13623,15140
2023-07-15,0,4,"dimensio",FALSE,4,13627,15144
2023-07-16,0,7,"dimensio",FALSE,7,13634,15151
2023-07-17,0,5,"dimensio",FALSE,5,13639,15156
2023-07-18,0,11,"dimensio",FALSE,11,13650,15167
2023-07-19,2,13,"dimensio",FALSE,11,13661,15180
2023-07-20,0,4,"dimensio",FALSE,4,13665,15184
2023-07-21,0,7,"dimensio",FALSE,7,13672,15191
2023-07-22,0,4,"dimensio",FALSE,4,13676,15195
2023-07-23,0,5,"dimensio",FALSE,5,13681,15200
2023-07-24,0,3,"dimensio",FALSE,3,13684,15203
2023-07-25,0,15,"dimensio",FALSE,15,13699,15218
2023-07-26,3,19,"dimensio",FALSE,16,13715,15237
2023-07-27,0,7,"dimensio",FALSE,7,13722,15244
2023-07-28,0,3,"dimensio",FALSE,3,13725,15247
2023-07-29,0,1,"dimensio",FALSE,1,13726,15248
2023-07-30,0,5,"dimensio",FALSE,5,13731,15253
2023-07-31,0,2,"dimensio",FALSE,2,13733,15255
2023-08-01,0,13,"dimensio",FALSE,13,13746,15268
2023-08-02,0,9,"dimensio",FALSE,9,13755,15277
2023-08-03,2,15,"dimensio",FALSE,13,13768,15292
2023-08-04,0,9,"dimensio",FALSE,9,13777,15301
2023-08-05,0,3,"dimensio",FALSE,3,13780,15304
2023-08-06,0,3,"dimensio",FALSE,3,13783,15307
2023-08-07,0,15,"dimensio",FALSE,15,13798,15322
2023-08-08,0,12,"dimensio",FALSE,12,13810,15334
2023-08-09,2,15,"dimensio",FALSE,13,13823,15349
2023-08-10,0,7,"dimensio",FALSE,7,13830,15356
2023-08-11,0,5,"dimensio",FALSE,5,13835,15361
2023-08-12,0,2,"dimensio",FALSE,2,13837,15363
2023-08-13,0,1,"dimensio",FALSE,1,13838,15364
2023-08-14,0,5,"dimensio",FALSE,5,13843,15369
2023-08-15,0,8,"dimensio",FALSE,8,13851,15377
2023-08-16,2,18,"dimensio",FALSE,16,13867,15395
2023-08-17,0,13,"dimensio",FALSE,13,13880,15408
2023-08-18,0,5,"dimensio",FALSE,5,13885,15413
2023-08-19,0,11,"dimensio",FALSE,11,13896,15424
2023-08-20,0,4,"dimensio",FALSE,4,13900,15428
2023-08-21,0,1,"dimensio",FALSE,1,13901,15429
2023-08-22,0,4,"dimensio",FALSE,4,13905,15433
2023-08-23,2,33,"dimensio",TRUE,1,13906,15466
2023-08-24,0,37,"dimensio",FALSE,1,13907,15503
2023-08-25,0,32,"dimensio",FALSE,32,13939,15535
2023-08-26,0,9,"dimensio",FALSE,9,13948,15544
2023-08-27,0,7,"dimensio",FALSE,7,13955,15551
2023-08-28,0,34,"dimensio",FALSE,34,13989,15585
2023-08-29,0,15,"dimensio",FALSE,15,14004,15600
2023-08-30,2,22,"dimensio",FALSE,20,14024,15622
2023-08-31,0,15,"dimensio",FALSE,15,14039,15637
2023-09-01,0,14,"dimensio",FALSE,14,14053,15651
2023-09-02,0,6,"dimensio",FALSE,6,14059,15657
2023-09-03,0,11,"dimensio",FALSE,11,14070,15668
2023-09-04,0,14,"dimensio",FALSE,14,14084,15682
2023-09-05,0,14,"dimensio",FALSE,14,14098,15696
2023-09-06,1,10,"dimensio",FALSE,9,14107,15706
2023-09-07,0,8,"dimensio",FALSE,8,14115,15714
2023-09-08,0,9,"dimensio",FALSE,9,14124,15723
2023-09-09,0,4,"dimensio",FALSE,4,14128,15727
2023-09-10,0,6,"dimensio",FALSE,6,14134,15733
2023-09-11,0,9,"dimensio",FALSE,9,14143,15742
2023-09-12,0,9,"dimensio",FALSE,9,14152,15751
2023-09-13,0,12,"dimensio",FALSE,12,14164,15763
2023-09-14,0,8,"dimensio",FALSE,8,14172,15771
2023-09-15,0,18,"dimensio",FALSE,18,14190,15789
2023-09-16,0,8,"dimensio",FALSE,8,14198,15797
2023-09-17,0,3,"dimensio",FALSE,3,14201,15800
2023-09-18,0,9,"dimensio",FALSE,9,14210,15809
2023-09-19,0,9,"dimensio",FALSE,9,14219,15818
2023-09-20,0,7,"dimensio",FALSE,7,14226,15825
2023-09-21,0,8,"dimensio",FALSE,8,14234,15833
2023-09-22,0,26,"dimensio",FALSE,26,14260,15859
2023-09-23,0,7,"dimensio",FALSE,7,14267,15866
2023-09-24,0,12,"dimensio",FALSE,12,14279,15878
2023-09-25,0,12,"dimensio",FALSE,12,14291,15890
2023-09-26,0,4,"dimensio",FALSE,4,14295,15894
2023-09-27,2,18,"dimensio",FALSE,16,14311,15912
2023-09-28,0,8,"dimensio",FALSE,8,14319,15920
2023-09-29,0,5,"dimensio",FALSE,5,14324,15925
2023-09-30,0,2,"dimensio",FALSE,2,14326,15927
2023-10-01,0,5,"dimensio",FALSE,5,14331,15932
2023-10-02,0,6,"dimensio",FALSE,6,14337,15938
2023-10-03,0,5,"dimensio",FALSE,5,14342,15943
2023-10-04,1,11,"dimensio",FALSE,10,14352,15954
2023-10-05,0,15,"dimensio",FALSE,15,14367,15969
2023-10-06,0,6,"dimensio",FALSE,6,14373,15975
2023-10-07,0,6,"dimensio",FALSE,6,14379,15981
2023-10-08,0,4,"dimensio",FALSE,4,14383,15985
2023-10-09,0,5,"dimensio",FALSE,5,14388,15990
2023-10-10,0,6,"dimensio",FALSE,6,14394,15996
2023-10-11,0,11,"dimensio",FALSE,11,14405,16007
2023-10-12,0,13,"dimensio",FALSE,13,14418,16020
2023-10-13,0,4,"dimensio",FALSE,4,14422,16024
2023-10-14,0,9,"dimensio",FALSE,9,14431,16033
2023-10-15,0,4,"dimensio",FALSE,4,14435,16037
2023-10-16,0,11,"dimensio",FALSE,11,14446,16048
2023-10-17,0,6,"dimensio",FALSE,6,14452,16054
2023-10-18,1,14,"dimensio",FALSE,13,14465,16068
2023-10-19,0,17,"dimensio",TRUE,1,14466,16085
2023-10-20,0,29,"dimensio",FALSE,1,14467,16114
2023-10-21,0,8,"dimensio",FALSE,8,14475,16122
2023-10-22,0,43,"dimensio",FALSE,43,14518,16165
2023-10-23,0,18,"dimensio",FALSE,18,14536,16183
2023-10-24,0,6,"dimensio",FALSE,6,14542,16189
2023-10-25,1,17,"dimensio",FALSE,16,14558,16206
2023-10-26,0,30,"dimensio",FALSE,30,14588,16236
2023-10-27,0,11,"dimensio",FALSE,11,14599,16247
2023-10-28,0,6,"dimensio",FALSE,6,14605,16253
2023-10-29,0,7,"dimensio",FALSE,7,14612,16260
2023-10-30,0,11,"dimensio",FALSE,11,14623,16271
2023-10-31,0,11,"dimensio",FALSE,11,14634,16282
2023-11-01,1,18,"dimensio",FALSE,17,14651,16300
2023-11-02,0,15,"dimensio",FALSE,15,14666,16315
2023-11-03,0,11,"dimensio",FALSE,11,14677,16326
2023-11-04,0,1,"dimensio",FALSE,1,14678,16327
2023-11-05,0,6,"dimensio",FALSE,6,14684,16333
2023-11-06,0,11,"dimensio",FALSE,11,14695,16344
2023-11-07,0,7,"dimensio",FALSE,7,14702,16351
2023-11-08,2,28,"dimensio",FALSE,26,14728,16379
2023-11-09,0,9,"dimensio",FALSE,9,14737,16388
2023-11-10,0,3,"dimensio",FALSE,3,14740,16391
2023-11-11,0,5,"dimensio",FALSE,5,14745,16396
2023-11-12,0,3,"dimensio",FALSE,3,14748,16399
2023-11-13,0,11,"dimensio",FALSE,11,14759,16410
2023-11-14,0,8,"dimensio",FALSE,8,14767,16418
2023-11-15,2,24,"dimensio",FALSE,22,14789,16442
2023-11-16,0,11,"dimensio",FALSE,11,14800,16453
2023-11-17,0,19,"dimensio",FALSE,19,14819,16472
2023-11-18,0,6,"dimensio",FALSE,6,14825,16478
2023-11-19,0,7,"dimensio",FALSE,7,14832,16485
2023-11-20,0,19,"dimensio",FALSE,19,14851,16504
2023-11-21,0,13,"dimensio",FALSE,13,14864,16517
2023-11-22,1,23,"dimensio",FALSE,22,14886,16540
2023-11-23,0,6,"dimensio",FALSE,6,14892,16546
2023-11-24,0,17,"dimensio",TRUE,1,14893,16563
2023-11-25,0,29,"dimensio",FALSE,1,14894,16592
2023-11-26,0,43,"dimensio",FALSE,43,14937,16635
2023-11-27,0,45,"dimensio",FALSE,45,14982,16680
2023-11-28,0,23,"dimensio",FALSE,23,15005,16703
2023-11-29,3,25,"dimensio",FALSE,22,15027,16728
2023-11-30,0,20,"dimensio",FALSE,20,15047,16748
2023-12-01,0,13,"dimensio",FALSE,13,15060,16761
2023-12-02,0,21,"dimensio",FALSE,21,15081,16782
2023-12-03,0,7,"dimensio",FALSE,7,15088,16789
2023-12-04,0,9,"dimensio",FALSE,9,15097,16798
2023-12-05,0,14,"dimensio",FALSE,14,15111,16812
2023-12-06,2,39,"dimensio",FALSE,37,15148,16851
2023-12-07,0,13,"dimensio",FALSE,13,15161,16864
2023-12-08,0,7,"dimensio",FALSE,7,15168,16871
2023-12-09,0,6,"dimensio",FALSE,6,15174,16877
2023-12-10,0,10,"dimensio",FALSE,10,15184,16887
2023-12-11,0,12,"dimensio",FALSE,12,15196,16899
2023-12-12,0,11,"dimensio",FALSE,11,15207,16910
2023-12-13,0,15,"dimensio",FALSE,15,15222,16925
2023-12-14,0,5,"dimensio",FALSE,5,15227,16930
2023-12-15,2,26,"dimensio",FALSE,24,15251,16956
2023-12-16,0,5,"dimensio",FALSE,5,15256,16961
2023-12-17,0,7,"dimensio",FALSE,7,15263,16968
2023-12-18,0,3,"dimensio",FALSE,3,15266,16971
2023-12-19,0,14,"dimensio",FALSE,14,15280,16985
2023-12-20,0,18,"dimensio",FALSE,18,15298,17003
2023-12-21,0,11,"dimensio",FALSE,11,15309,17014
2023-12-22,0,7,"dimensio",FALSE,7,15316,17021
2023-12-23,0,1,"dimensio",FALSE,1,15317,17022
2023-12-24,0,10,"dimensio",FALSE,10,15327,17032
2023-12-25,0,10,"dimensio",FALSE,10,15337,17042
2023-12-26,0,4,"dimensio",FALSE,4,15341,17046
2023-12-27,2,19,"dimensio",FALSE,17,15358,17065
2023-12-28,0,3,"dimensio",FALSE,3,15361,17068
2023-12-29,0,8,"dimensio",FALSE,8,15369,17076
2023-12-30,0,3,"dimensio",FALSE,3,15372,17079
2023-12-31,0,1,"dimensio",FALSE,1,15373,17080
2024-01-01,0,6,"dimensio",FALSE,6,15379,17086
2024-01-02,0,3,"dimensio",FALSE,3,15382,17089
2024-01-03,1,17,"dimensio",FALSE,16,15398,17106
2024-01-04,0,4,"dimensio",FALSE,4,15402,17110
2024-01-05,0,3,"dimensio",FALSE,3,15405,17113
2024-01-06,0,8,"dimensio",FALSE,8,15413,17121
2024-01-07,0,6,"dimensio",FALSE,6,15419,17127
2024-01-08,0,8,"dimensio",FALSE,8,15427,17135
2024-01-09,0,12,"dimensio",FALSE,12,15439,17147
2024-01-10,2,26,"dimensio",FALSE,24,15463,17173
2024-01-11,0,5,"dimensio",FALSE,5,15468,17178
2024-01-12,0,36,"dimensio",FALSE,36,15504,17214
2024-01-13,0,9,"dimensio",FALSE,9,15513,17223
2024-01-14,0,4,"dimensio",FALSE,4,15517,17227
2024-01-15,0,9,"dimensio",FALSE,9,15526,17236
2024-01-16,0,9,"dimensio",FALSE,9,15535,17245
2024-01-17,2,25,"dimensio",FALSE,23,15558,17270
2024-01-18,0,17,"dimensio",FALSE,17,15575,17287
2024-01-19,0,9,"dimensio",FALSE,9,15584,17296
2024-01-20,0,7,"dimensio",FALSE,7,15591,17303
2024-01-21,0,2,"dimensio",FALSE,2,15593,17305
2024-01-22,0,12,"dimensio",FALSE,12,15605,17317
2024-01-23,0,23,"dimensio",FALSE,23,15628,17340
2024-01-24,10,138,"dimensio",FALSE,128,15756,17478
2024-01-25,1,122,"dimensio",FALSE,121,15877,17600
2024-01-26,0,7,"dimensio",FALSE,7,15884,17607
2024-01-27,0,3,"dimensio",FALSE,3,15887,17610
2024-01-28,0,2,"dimensio",FALSE,2,15889,17612
2024-01-29,0,25,"dimensio",FALSE,25,15914,17637
2024-01-30,0,23,"dimensio",FALSE,23,15937,17660
2024-01-31,2,27,"dimensio",FALSE,25,15962,17687
2024-02-01,0,5,"dimensio",FALSE,5,15967,17692
2024-02-02,0,7,"dimensio",FALSE,7,15974,17699
2024-02-03,0,17,"dimensio",FALSE,17,15991,17716
2024-02-04,0,3,"dimensio",FALSE,3,15994,17719
2024-02-05,0,9,"dimensio",FALSE,9,16003,17728
2024-02-06,0,5,"dimensio",FALSE,5,16008,17733
2024-02-07,2,19,"dimensio",FALSE,17,16025,17752
2024-02-08,0,8,"dimensio",FALSE,8,16033,17760
2024-02-09,0,4,"dimensio",FALSE,4,16037,17764
2024-02-10,0,3,"dimensio",FALSE,3,16040,17767
2024-02-11,0,3,"dimensio",FALSE,3,16043,17770
2024-02-12,0,5,"dimensio",FALSE,5,16048,17775
2024-02-13,0,14,"dimensio",FALSE,14,16062,17789
2024-02-14,2,18,"dimensio",FALSE,16,16078,17807
2024-02-15,0,4,"dimensio",FALSE,4,16082,17811
2024-02-16,0,7,"dimensio",FALSE,7,16089,17818
2024-02-17,0,4,"dimensio",FALSE,4,16093,17822
2024-02-18,0,3,"dimensio",FALSE,3,16096,17825
2024-02-19,0,5,"dimensio",FALSE,5,16101,17830
2024-02-20,0,10,"dimensio",FALSE,10,16111,17840
2024-02-21,2,19,"dimensio",FALSE,17,16128,17859
2024-02-22,0,7,"dimensio",FALSE,7,16135,17866
2024-02-23,0,37,"dimensio",TRUE,1,16136,17903
2024-02-24,0,22,"dimensio",FALSE,1,16137,17925
2024-02-25,0,10,"dimensio",FALSE,10,16147,17935
2024-02-26,0,27,"dimensio",FALSE,27,16174,17962
2024-02-27,0,49,"dimensio",FALSE,49,16223,18011
2024-02-28,2,29,"dimensio",FALSE,27,16250,18040
2024-02-29,0,15,"dimensio",FALSE,15,16265,18055
2024-03-01,1,24,"dimensio",FALSE,23,16288,18079
2024-03-02,0,12,"dimensio",FALSE,12,16300,18091
2024-03-03,0,20,"dimensio",FALSE,20,16320,18111
2024-03-04,0,15,"dimensio",FALSE,15,16335,18126
2024-03-05,0,18,"dimensio",FALSE,18,16353,18144
2024-03-06,1,26,"dimensio",FALSE,25,16378,18170
2024-03-07,0,6,"dimensio",FALSE,6,16384,18176
2024-03-08,0,16,"dimensio",FALSE,16,16400,18192
2024-03-09,0,9,"dimensio",FALSE,9,16409,18201
2024-03-10,0,11,"dimensio",FALSE,11,16420,18212
2024-03-11,0,5,"dimensio",FALSE,5,16425,18217
2024-03-12,0,12,"dimensio",FALSE,12,16437,18229
2024-03-13,2,25,"dimensio",FALSE,23,16460,18254
2024-03-14,0,13,"dimensio",FALSE,13,16473,18267
2024-03-15,0,8,"dimensio",FALSE,8,16481,18275
2024-03-16,0,9,"dimensio",FALSE,9,16490,18284
2024-03-17,0,2,"dimensio",FALSE,2,16492,18286
2024-03-18,0,9,"dimensio",FALSE,9,16501,18295
2024-03-19,0,9,"dimensio",FALSE,9,16510,18304
2024-03-20,0,10,"dimensio",FALSE,10,16520,18314
2024-03-21,2,22,"dimensio",FALSE,20,16540,18336
2024-03-22,0,9,"dimensio",FALSE,9,16549,18345
2024-03-23,0,7,"dimensio",FALSE,7,16556,18352
2024-03-24,0,7,"dimensio",FALSE,7,16563,18359
2024-03-25,0,7,"dimensio",FALSE,7,16570,18366
2024-03-26,0,16,"dimensio",FALSE,16,16586,18382
2024-03-27,2,28,"dimensio",FALSE,26,16612,18410
2024-03-28,0,21,"dimensio",FALSE,21,16633,18431
2024-03-29,0,8,"dimensio",FALSE,8,16641,18439
2024-03-30,0,7,"dimensio",FALSE,7,16648,18446
2024-03-31,0,5,"dimensio",FALSE,5,16653,18451
2024-04-01,0,4,"dimensio",FALSE,4,16657,18455
2024-04-02,0,7,"dimensio",FALSE,7,16664,18462
2024-04-03,2,24,"dimensio",FALSE,22,16686,18486
2024-04-04,0,13,"dimensio",FALSE,13,16699,18499
2024-04-05,0,5,"dimensio",FALSE,5,16704,18504
2024-04-06,0,2,"dimensio",FALSE,2,16706,18506
2024-04-07,0,3,"dimensio",FALSE,3,16709,18509
2024-04-08,0,2,"dimensio",FALSE,2,16711,18511
2024-04-09,0,31,"dimensio",TRUE,1,16712,18542
2024-04-10,2,48,"dimensio",FALSE,1,16713,18590
2024-04-11,0,41,"dimensio",FALSE,41,16754,18631
2024-04-12,0,11,"dimensio",FALSE,11,16765,18642
2024-04-13,0,6,"dimensio",FALSE,6,16771,18648
2024-04-14,0,23,"dimensio",FALSE,23,16794,18671
2024-04-15,0,14,"dimensio",FALSE,14,16808,18685
2024-04-16,0,18,"dimensio",FALSE,18,16826,18703
2024-04-17,2,44,"dimensio",FALSE,42,16868,18747
2024-04-18,0,15,"dimensio",FALSE,15,16883,18762
2024-04-19,0,2,"dimensio",FALSE,2,16885,18764
2024-04-20,0,12,"dimensio",FALSE,12,16897,18776
2024-04-21,0,12,"dimensio",FALSE,12,16909,18788
2024-04-22,0,7,"dimensio",FALSE,7,16916,18795
2024-04-23,0,9,"dimensio",FALSE,9,16925,18804
2024-04-24,0,14,"dimensio",FALSE,14,16939,18818
2024-04-25,0,28,"dimensio",FALSE,28,16967,18846
2024-04-26,0,13,"dimensio",FALSE,13,16980,18859
2024-04-27,0,7,"dimensio",FALSE,7,16987,18866
2024-04-28,0,8,"dimensio",FALSE,8,16995,18874
2024-04-29,0,12,"dimensio",FALSE,12,17007,18886
2024-04-30,0,13,"dimensio",FALSE,13,17020,18899
2024-05-01,2,28,"dimensio",FALSE,26,17046,18927
2024-05-02,0,11,"dimensio",FALSE,11,17057,18938
2024-05-03,0,8,"dimensio",FALSE,8,17065,18946
2024-05-04,0,3,"dimensio",FALSE,3,17068,18949
2024-05-05,0,6,"dimensio",FALSE,6,17074,18955
2024-05-06,0,16,"dimensio",FALSE,16,17090,18971
2024-05-07,0,8,"dimensio",FALSE,8,17098,18979
2024-05-08,2,38,"dimensio",FALSE,36,17134,19017
2024-05-09,0,6,"dimensio",FALSE,6,17140,19023
2024-05-10,0,9,"dimensio",FALSE,9,17149,19032
2024-05-11,0,8,"dimensio",FALSE,8,17157,19040
2024-05-12,0,7,"dimensio",FALSE,7,17164,19047
2024-05-13,0,9,"dimensio",FALSE,9,17173,19056
2024-05-14,0,11,"dimensio",FALSE,11,17184,19067
2024-05-15,2,28,"dimensio",FALSE,26,17210,19095
2024-05-16,0,7,"dimensio",FALSE,7,17217,19102
2024-05-17,0,11,"dimensio",FALSE,11,17228,19113
2024-05-18,0,4,"dimensio",FALSE,4,17232,19117
2024-05-19,0,4,"dimensio",FALSE,4,17236,19121
2024-05-20,0,5,"dimensio",FALSE,5,17241,19126
2024-05-21,0,15,"dimensio",FALSE,15,17256,19141
2024-05-22,2,36,"dimensio",FALSE,34,17290,19177
2024-05-23,0,7,"dimensio",FALSE,7,17297,19184
2024-05-24,0,5,"dimensio",FALSE,5,17302,19189
2024-05-25,0,10,"dimensio",FALSE,10,17312,19199
2024-05-26,0,3,"dimensio",FALSE,3,17315,19202
2024-05-27,0,6,"dimensio",FALSE,6,17321,19208
2024-05-28,0,5,"dimensio",FALSE,5,17326,19213
2024-05-29,3,29,"dimensio",FALSE,26,17352,19242
2024-05-30,0,15,"dimensio",FALSE,15,17367,19257
2024-05-31,0,8,"dimensio",FALSE,8,17375,19265
2024-06-01,0,3,"dimensio",FALSE,3,17378,19268
2024-06-02,0,7,"dimensio",FALSE,7,17385,19275
2024-06-03,0,4,"dimensio",FALSE,4,17389,19279
2024-06-04,0,19,"dimensio",FALSE,19,17408,19298
2024-06-05,2,38,"dimensio",FALSE,36,17444,19336
2024-06-06,0,5,"dimensio",FALSE,5,17449,19341
2024-06-07,0,23,"dimensio",TRUE,1,17450,19364
2024-06-08,0,12,"dimensio",FALSE,1,17451,19376
2024-06-09,0,16,"dimensio",FALSE,16,17467,19392
2024-06-10,0,30,"dimensio",FALSE,30,17497,19422
2024-06-11,0,21,"dimensio",FALSE,21,17518,19443
2024-06-12,2,37,"dimensio",FALSE,35,17553,19480
2024-06-13,0,42,"dimensio",FALSE,42,17595,19522
2024-06-14,0,7,"dimensio",FALSE,7,17602,19529
2024-06-15,0,4,"dimensio",FALSE,4,17606,19533
2024-06-16,0,47,"dimensio",FALSE,47,17653,19580
2024-06-17,0,9,"dimensio",FALSE,9,17662,19589
2024-06-18,0,7,"dimensio",FALSE,7,17669,19596
2024-06-19,2,66,"dimensio",FALSE,64,17733,19662
2024-06-20,0,13,"dimensio",FALSE,13,17746,19675
2024-06-21,0,13,"dimensio",FALSE,13,17759,19688
2024-06-22,0,48,"dimensio",FALSE,48,17807,19736
2024-06-23,0,3,"dimensio",FALSE,3,17810,19739
2024-06-24,0,11,"dimensio",FALSE,11,17821,19750
2024-06-25,0,45,"dimensio",FALSE,45,17866,19795
2024-06-26,0,20,"dimensio",FALSE,20,17886,19815
2024-06-27,0,16,"dimensio",FALSE,16,17902,19831
2024-06-28,0,41,"dimensio",FALSE,41,17943,19872
2024-06-29,0,3,"dimensio",FALSE,3,17946,19875
2024-06-30,0,11,"dimensio",FALSE,11,17957,19886
2024-07-01,0,50,"dimensio",FALSE,50,18007,19936
2024-07-02,0,9,"dimensio",FALSE,9,18016,19945
2024-07-03,2,25,"dimensio",FALSE,23,18039,19970
2024-07-04,0,48,"dimensio",FALSE,48,18087,20018
2024-07-05,0,7,"dimensio",FALSE,7,18094,20025
2024-07-06,0,8,"dimensio",FALSE,8,18102,20033
2024-07-07,0,3,"dimensio",FALSE,3,18105,20036
2024-07-08,0,40,"dimensio",FALSE,40,18145,20076
2024-07-09,0,21,"dimensio",FALSE,21,18166,20097
2024-07-10,0,22,"dimensio",FALSE,22,18188,20119
2024-07-11,0,16,"dimensio",FALSE,16,18204,20135
2024-07-12,0,5,"dimensio",FALSE,5,18209,20140
2024-07-13,0,2,"dimensio",FALSE,2,18211,20142
2024-07-14,0,5,"dimensio",FALSE,5,18216,20147
2024-07-15,0,6,"dimensio",FALSE,6,18222,20153
2024-07-16,0,12,"dimensio",FALSE,12,18234,20165
2024-07-17,3,32,"dimensio",FALSE,29,18263,20197
2024-07-18,0,13,"dimensio",FALSE,13,18276,20210
2024-07-19,0,5,"dimensio",FALSE,5,18281,20215
2024-07-20,0,4,"dimensio",FALSE,4,18285,20219
2024-07-21,0,4,"dimensio",FALSE,4,18289,20223
2024-07-22,0,10,"dimensio",FALSE,10,18299,20233
2024-07-23,0,44,"dimensio",FALSE,44,18343,20277
2024-07-24,2,44,"dimensio",FALSE,42,18385,20321
2024-07-25,0,6,"dimensio",FALSE,6,18391,20327
2024-07-26,0,41,"dimensio",FALSE,41,18432,20368
2024-07-27,0,7,"dimensio",FALSE,7,18439,20375
2024-07-28,0,2,"dimensio",FALSE,2,18441,20377
2024-07-29,0,41,"dimensio",FALSE,41,18482,20418
2024-07-30,0,30,"dimensio",TRUE,1,18483,20448
2024-07-31,0,33,"dimensio",FALSE,1,18484,20481
2024-08-01,1,70,"dimensio",FALSE,69,18553,20551
2024-08-02,0,10,"dimensio",FALSE,10,18563,20561
2024-08-03,0,11,"dimensio",FALSE,11,18574,20572
2024-08-04,0,17,"dimensio",FALSE,17,18591,20589
2024-08-05,0,30,"dimensio",FALSE,30,18621,20619
2024-08-06,0,11,"dimensio",FALSE,11,18632,20630
2024-08-07,0,22,"dimensio",FALSE,22,18654,20652
2024-08-08,2,27,"dimensio",FALSE,25,18679,20679
2024-08-09,0,18,"dimensio",FALSE,18,18697,20697
2024-08-10,0,12,"dimensio",FALSE,12,18709,20709
2024-08-11,0,9,"dimensio",FALSE,9,18718,20718
2024-08-12,0,13,"dimensio",FALSE,13,18731,20731
2024-08-13,0,13,"dimensio",FALSE,13,18744,20744
2024-08-14,0,14,"dimensio",FALSE,14,18758,20758
2024-08-15,2,47,"dimensio",FALSE,45,18803,20805
2024-08-16,0,16,"dimensio",FALSE,16,18819,20821
2024-08-17,0,10,"dimensio",FALSE,10,18829,20831
2024-08-18,0,3,"dimensio",FALSE,3,18832,20834
2024-08-19,0,12,"dimensio",FALSE,12,18844,20846
2024-08-20,0,11,"dimensio",FALSE,11,18855,20857
2024-08-21,0,19,"dimensio",FALSE,19,18874,20876
2024-08-22,0,42,"dimensio",FALSE,42,18916,20918
2024-08-23,0,11,"dimensio",FALSE,11,18927,20929
2024-08-24,0,10,"dimensio",FALSE,10,18937,20939
2024-08-25,0,9,"dimensio",FALSE,9,18946,20948
2024-08-26,0,41,"dimensio",TRUE,1,18947,20989
2024-08-27,0,50,"dimensio",FALSE,1,18948,21039
2024-08-28,2,40,"dimensio",FALSE,38,18986,21079
2024-08-29,0,16,"dimensio",FALSE,16,19002,21095
2024-08-30,0,34,"dimensio",FALSE,34,19036,21129
2024-08-31,0,43,"dimensio",FALSE,43,19079,21172
2024-09-01,0,10,"dimensio",FALSE,10,19089,21182
2024-09-02,0,25,"dimensio",FALSE,25,19114,21207
2024-09-03,0,20,"dimensio",FALSE,20,19134,21227
2024-09-04,2,37,"dimensio",FALSE,35,19169,21264
2024-09-05,0,19,"dimensio",FALSE,19,19188,21283
2024-09-06,0,20,"dimensio",FALSE,20,19208,21303
2024-09-07,0,8,"dimensio",FALSE,8,19216,21311
2024-09-08,0,6,"dimensio",FALSE,6,19222,21317
2024-09-09,0,9,"dimensio",FALSE,9,19231,21326
2024-09-10,0,14,"dimensio",FALSE,14,19245,21340
2024-09-11,3,56,"dimensio",FALSE,53,19298,21396
2024-09-12,0,17,"dimensio",FALSE,17,19315,21413
2024-09-13,0,5,"dimensio",FALSE,5,19320,21418
2024-09-14,0,13,"dimensio",FALSE,13,19333,21431
2024-09-15,0,2,"dimensio",FALSE,2,19335,21433
2024-09-16,0,8,"dimensio",FALSE,8,19343,21441
2024-09-17,0,3,"dimensio",FALSE,3,19346,21444
2024-09-18,2,40,"dimensio",FALSE,38,19384,21484
2024-09-19,0,11,"dimensio",FALSE,11,19395,21495
2024-09-20,0,9,"dimensio",FALSE,9,19404,21504
2024-09-21,0,19,"dimensio",FALSE,19,19423,21523
2024-09-22,0,5,"dimensio",FALSE,5,19428,21528
2024-09-23,0,7,"dimensio",FALSE,7,19435,21535
2024-09-24,0,7,"dimensio",FALSE,7,19442,21542
2024-09-25,0,12,"dimensio",FALSE,12,19454,21554
2024-09-26,1,35,"dimensio",FALSE,34,19488,21589
2024-09-27,0,21,"dimensio",FALSE,21,19509,21610
2024-09-28,1,21,"dimensio",FALSE,20,19529,21631
2024-09-29,0,0,"dimensio",FALSE,0,19529,21631
2024-09-30,0,0,"dimensio",FALSE,0,19529,21631
2021-02-11,4,0,"folio",FALSE,0,0,0
2021-02-12,3,8,"folio",TRUE,1,1,8
2021-02-13,4,4,"folio",FALSE,1,2,12
2021-02-14,1,3,"folio",FALSE,2,4,15
2021-02-15,4,16,"folio",FALSE,12,16,31
2021-02-16,2,5,"folio",FALSE,3,19,36
2021-02-17,11,10,"folio",FALSE,0,19,46
2021-02-18,6,38,"folio",FALSE,32,51,84
2021-02-19,4,25,"folio",FALSE,21,72,109
2021-02-20,4,23,"folio",FALSE,19,91,132
2021-02-21,3,23,"folio",FALSE,20,111,155
2021-02-22,3,29,"folio",FALSE,26,137,184
2021-02-23,0,4,"folio",FALSE,4,141,188
2021-02-24,11,27,"folio",FALSE,16,157,215
2021-02-25,7,24,"folio",FALSE,17,174,239
2021-02-26,8,31,"folio",FALSE,23,197,270
2021-02-27,3,27,"folio",FALSE,24,221,297
2021-02-28,4,18,"folio",FALSE,14,235,315
2021-03-01,3,22,"folio",FALSE,19,254,337
2021-03-02,3,25,"folio",FALSE,22,276,362
2021-03-03,9,24,"folio",FALSE,15,291,386
2021-03-04,3,25,"folio",FALSE,22,313,411
2021-03-05,4,39,"folio",FALSE,35,348,450
2021-03-06,3,24,"folio",FALSE,21,369,474
2021-03-07,4,19,"folio",FALSE,15,384,493
2021-03-08,4,32,"folio",FALSE,28,412,525
2021-03-09,4,21,"folio",FALSE,17,429,546
2021-03-10,11,29,"folio",FALSE,18,447,575
2021-03-11,3,21,"folio",FALSE,18,465,596
2021-03-12,3,20,"folio",FALSE,17,482,616
2021-03-13,3,25,"folio",FALSE,22,504,641
2021-03-14,3,22,"folio",FALSE,19,523,663
2021-03-15,3,21,"folio",FALSE,18,541,684
2021-03-16,3,24,"folio",FALSE,21,562,708
2021-03-17,7,29,"folio",FALSE,22,584,737
2021-03-18,4,23,"folio",FALSE,19,603,760
2021-03-19,0,4,"folio",FALSE,4,607,764
2021-03-20,3,27,"folio",FALSE,24,631,791
2021-03-21,0,2,"folio",FALSE,2,633,793
2021-03-22,3,21,"folio",FALSE,18,651,814
2021-03-23,0,7,"folio",FALSE,7,658,821
2021-03-24,9,28,"folio",FALSE,19,677,849
2021-03-25,0,11,"folio",FALSE,11,688,860
2021-03-26,3,24,"folio",FALSE,21,709,884
2021-03-27,0,2,"folio",FALSE,2,711,886
2021-03-28,3,21,"folio",FALSE,18,729,907
2021-03-29,0,8,"folio",FALSE,8,737,915
2021-03-30,3,22,"folio",FALSE,19,756,937
2021-03-31,4,9,"folio",FALSE,5,761,946
2021-04-01,3,20,"folio",FALSE,17,778,966
2021-04-02,0,3,"folio",FALSE,3,781,969
2021-04-03,3,24,"folio",FALSE,21,802,993
2021-04-04,0,9,"folio",FALSE,9,811,1002
2021-04-05,3,22,"folio",FALSE,19,830,1024
2021-04-06,0,4,"folio",FALSE,4,834,1028
2021-04-07,9,25,"folio",FALSE,16,850,1053
2021-04-08,3,28,"folio",FALSE,25,875,1081
2021-04-09,0,10,"folio",FALSE,10,885,1091
2021-04-10,5,22,"folio",FALSE,17,902,1113
2021-04-11,3,9,"folio",FALSE,6,908,1122
2021-04-12,5,25,"folio",FALSE,20,928,1147
2021-04-13,0,9,"folio",FALSE,9,937,1156
2021-04-14,6,25,"folio",FALSE,19,956,1181
2021-04-15,0,4,"folio",FALSE,4,960,1185
2021-04-16,3,21,"folio",FALSE,18,978,1206
2021-04-17,2,6,"folio",FALSE,4,982,1212
2021-04-18,3,24,"folio",FALSE,21,1003,1236
2021-04-19,0,8,"folio",FALSE,8,1011,1244
2021-04-20,4,29,"folio",FALSE,25,1036,1273
2021-04-21,5,18,"folio",FALSE,13,1049,1291
2021-04-22,3,33,"folio",FALSE,30,1079,1324
2021-04-23,1,12,"folio",FALSE,11,1090,1336
2021-04-24,3,28,"folio",FALSE,25,1115,1364
2021-04-25,0,6,"folio",FALSE,6,1121,1370
2021-04-26,6,24,"folio",FALSE,18,1139,1394
2021-04-27,1,21,"folio",FALSE,20,1159,1415
2021-04-28,6,21,"folio",FALSE,15,1174,1436
2021-04-29,0,7,"folio",FALSE,7,1181,1443
2021-04-30,0,6,"folio",FALSE,6,1187,1449
2021-05-01,4,22,"folio",FALSE,18,1205,1471
2021-05-02,1,7,"folio",FALSE,6,1211,1478
2021-05-03,4,25,"folio",FALSE,21,1232,1503
2021-05-04,1,33,"folio",FALSE,32,1264,1536
2021-05-05,4,9,"folio",FALSE,5,1269,1545
2021-05-06,3,26,"folio",FALSE,23,1292,1571
2021-05-07,0,5,"folio",FALSE,5,1297,1576
2021-05-08,3,23,"folio",FALSE,20,1317,1599
2021-05-09,0,9,"folio",FALSE,9,1326,1608
2021-05-10,3,22,"folio",FALSE,19,1345,1630
2021-05-11,0,14,"folio",FALSE,14,1359,1644
2021-05-12,10,35,"folio",FALSE,25,1384,1679
2021-05-13,0,10,"folio",FALSE,10,1394,1689
2021-05-14,3,23,"folio",FALSE,20,1414,1712
2021-05-15,1,5,"folio",FALSE,4,1418,1717
2021-05-16,4,23,"folio",FALSE,19,1437,1740
2021-05-17,1,16,"folio",FALSE,15,1452,1756
2021-05-18,7,34,"folio",FALSE,27,1479,1790
2021-05-19,5,12,"folio",FALSE,7,1486,1802
2021-05-20,5,29,"folio",FALSE,24,1510,1831
2021-05-21,2,17,"folio",FALSE,15,1525,1848
2021-05-22,3,22,"folio",FALSE,19,1544,1870
2021-05-23,0,8,"folio",FALSE,8,1552,1878
2021-05-24,0,29,"folio",FALSE,29,1581,1907
2021-05-25,3,33,"folio",FALSE,30,1611,1940
2021-05-26,5,8,"folio",FALSE,3,1614,1948
2021-05-27,0,11,"folio",FALSE,11,1625,1959
2021-05-28,3,18,"folio",FALSE,15,1640,1977
2021-05-29,0,4,"folio",FALSE,4,1644,1981
2021-05-30,3,17,"folio",FALSE,14,1658,1998
2021-05-31,0,8,"folio",FALSE,8,1666,2006
2021-06-01,3,20,"folio",FALSE,17,1683,2026
2021-06-02,4,6,"folio",FALSE,2,1685,2032
2021-06-03,3,15,"folio",FALSE,12,1697,2047
2021-06-04,0,4,"folio",FALSE,4,1701,2051
2021-06-05,0,4,"folio",FALSE,4,1705,2055
2021-06-06,3,18,"folio",FALSE,15,1720,2073
2021-06-07,0,19,"folio",FALSE,19,1739,2092
2021-06-08,5,17,"folio",FALSE,12,1751,2109
2021-06-09,6,7,"folio",FALSE,1,1752,2116
2021-06-10,1,6,"folio",FALSE,5,1757,2122
2021-06-11,3,16,"folio",FALSE,13,1770,2138
2021-06-12,0,5,"folio",FALSE,5,1775,2143
2021-06-13,4,17,"folio",FALSE,13,1788,2160
2021-06-14,0,6,"folio",FALSE,6,1794,2166
2021-06-15,0,5,"folio",FALSE,5,1799,2171
2021-06-16,6,21,"folio",FALSE,15,1814,2192
2021-06-17,0,5,"folio",FALSE,5,1819,2197
2021-06-18,3,20,"folio",FALSE,17,1836,2217
2021-06-19,0,3,"folio",FALSE,3,1839,2220
2021-06-20,3,22,"folio",FALSE,19,1858,2242
2021-06-21,0,4,"folio",FALSE,4,1862,2246
2021-06-22,7,19,"folio",FALSE,12,1874,2265
2021-06-23,5,6,"folio",FALSE,1,1875,2271
2021-06-24,3,21,"folio",FALSE,18,1893,2292
2021-06-25,0,4,"folio",FALSE,4,1897,2296
2021-06-26,3,21,"folio",FALSE,18,1915,2317
2021-06-27,0,5,"folio",FALSE,5,1920,2322
2021-06-28,3,25,"folio",FALSE,22,1942,2347
2021-06-29,0,5,"folio",FALSE,5,1947,2352
2021-06-30,6,21,"folio",FALSE,15,1962,2373
2021-07-01,0,7,"folio",FALSE,7,1969,2380
2021-07-02,3,19,"folio",FALSE,16,1985,2399
2021-07-03,3,15,"folio",FALSE,12,1997,2414
2021-07-04,0,6,"folio",FALSE,6,2003,2420
2021-07-05,3,17,"folio",FALSE,14,2017,2437
2021-07-06,4,14,"folio",FALSE,10,2027,2451
2021-07-07,6,9,"folio",FALSE,3,2030,2460
2021-07-08,4,18,"folio",FALSE,14,2044,2478
2021-07-09,1,7,"folio",FALSE,6,2050,2485
2021-07-10,4,15,"folio",FALSE,11,2061,2500
2021-07-11,0,4,"folio",FALSE,4,2065,2504
2021-07-12,3,21,"folio",FALSE,18,2083,2525
2021-07-13,1,10,"folio",FALSE,9,2092,2535
2021-07-14,12,13,"folio",FALSE,1,2093,2548
2021-07-15,2,7,"folio",FALSE,5,2098,2555
2021-07-16,4,17,"folio",FALSE,13,2111,2572
2021-07-17,0,6,"folio",FALSE,6,2117,2578
2021-07-18,3,14,"folio",FALSE,11,2128,2592
2021-07-19,1,5,"folio",FALSE,4,2132,2597
2021-07-20,3,19,"folio",FALSE,16,2148,2616
2021-07-21,7,6,"folio",FALSE,0,2148,2622
2021-07-22,5,21,"folio",FALSE,16,2164,2643
2021-07-23,1,3,"folio",FALSE,2,2166,2646
2021-07-24,3,13,"folio",FALSE,10,2176,2659
2021-07-25,0,2,"folio",FALSE,2,2178,2661
2021-07-26,3,18,"folio",FALSE,15,2193,2679
2021-07-27,0,8,"folio",FALSE,8,2201,2687
2021-07-28,9,20,"folio",FALSE,11,2212,2707
2021-07-29,0,7,"folio",FALSE,7,2219,2714
2021-07-30,3,15,"folio",FALSE,12,2231,2729
2021-07-31,0,2,"folio",FALSE,2,2233,2731
2021-08-01,3,17,"folio",FALSE,14,2247,2748
2021-08-02,1,7,"folio",FALSE,6,2253,2755
2021-08-03,3,35,"folio",FALSE,32,2285,2790
2021-08-04,4,109,"folio",FALSE,105,2390,2899
2021-08-05,3,22,"folio",FALSE,19,2409,2921
2021-08-06,0,5,"folio",FALSE,5,2414,2926
2021-08-07,3,15,"folio",FALSE,12,2426,2941
2021-08-08,0,6,"folio",FALSE,6,2432,2947
2021-08-09,8,18,"folio",FALSE,10,2442,2965
2021-08-10,2,11,"folio",FALSE,9,2451,2976
2021-08-11,9,22,"folio",FALSE,13,2464,2998
2021-08-12,0,8,"folio",FALSE,8,2472,3006
2021-08-13,3,20,"folio",FALSE,17,2489,3026
2021-08-14,0,8,"folio",FALSE,8,2497,3034
2021-08-15,3,20,"folio",FALSE,17,2514,3054
2021-08-16,0,7,"folio",FALSE,7,2521,3061
2021-08-17,0,7,"folio",FALSE,7,2528,3068
2021-08-18,4,18,"folio",FALSE,14,2542,3086
2021-08-19,4,19,"folio",FALSE,15,2557,3105
2021-08-20,0,4,"folio",FALSE,4,2561,3109
2021-08-21,0,3,"folio",FALSE,3,2564,3112
2021-08-22,0,5,"folio",FALSE,5,2569,3117
2021-08-23,4,19,"folio",FALSE,15,2584,3136
2021-08-24,0,10,"folio",FALSE,10,2594,3146
2021-08-25,7,35,"folio",FALSE,28,2622,3181
2021-08-26,0,5,"folio",FALSE,5,2627,3186
2021-08-27,0,11,"folio",FALSE,11,2638,3197
2021-08-28,3,17,"folio",FALSE,14,2652,3214
2021-08-29,1,2,"folio",FALSE,1,2653,3216
2021-08-30,1,11,"folio",FALSE,10,2663,3227
2021-08-31,4,27,"folio",FALSE,23,2686,3254
2021-09-01,6,9,"folio",FALSE,3,2689,3263
2021-09-02,0,5,"folio",FALSE,5,2694,3268
2021-09-03,3,23,"folio",FALSE,20,2714,3291
2021-09-04,0,3,"folio",FALSE,3,2717,3294
2021-09-05,1,4,"folio",FALSE,3,2720,3298
2021-09-06,3,19,"folio",FALSE,16,2736,3317
2021-09-07,2,10,"folio",FALSE,8,2744,3327
2021-09-08,4,18,"folio",FALSE,14,2758,3345
2021-09-09,0,6,"folio",FALSE,6,2764,3351
2021-09-10,3,24,"folio",FALSE,21,2785,3375
2021-09-11,2,4,"folio",FALSE,2,2787,3379
2021-09-12,6,13,"folio",FALSE,7,2794,3392
2021-09-13,1,4,"folio",FALSE,3,2797,3396
2021-09-14,3,15,"folio",FALSE,12,2809,3411
2021-09-15,3,6,"folio",FALSE,3,2812,3417
2021-09-16,5,16,"folio",FALSE,11,2823,3433
2021-09-17,0,5,"folio",FALSE,5,2828,3438
2021-09-18,3,20,"folio",FALSE,17,2845,3458
2021-09-19,0,7,"folio",FALSE,7,2852,3465
2021-09-20,3,14,"folio",FALSE,11,2863,3479
2021-09-21,0,6,"folio",FALSE,6,2869,3485
2021-09-22,7,15,"folio",FALSE,8,2877,3500
2021-09-23,0,6,"folio",FALSE,6,2883,3506
2021-09-24,3,21,"folio",FALSE,18,2901,3527
2021-09-25,0,1,"folio",FALSE,1,2902,3528
2021-09-26,3,17,"folio",FALSE,14,2916,3545
2021-09-27,0,22,"folio",FALSE,22,2938,3567
2021-09-28,3,20,"folio",FALSE,17,2955,3587
2021-09-29,3,19,"folio",FALSE,16,2971,3606
2021-09-30,3,28,"folio",FALSE,25,2996,3634
2021-10-01,0,15,"folio",FALSE,15,3011,3649
2021-10-02,3,20,"folio",FALSE,17,3028,3669
2021-10-03,0,7,"folio",FALSE,7,3035,3676
2021-10-04,3,26,"folio",FALSE,23,3058,3702
2021-10-05,4,29,"folio",FALSE,25,3083,3731
2021-10-06,3,17,"folio",FALSE,14,3097,3748
2021-10-07,3,14,"folio",FALSE,11,3108,3762
2021-10-08,0,14,"folio",FALSE,14,3122,3776
2021-10-09,3,23,"folio",FALSE,20,3142,3799
2021-10-10,0,3,"folio",FALSE,3,3145,3802
2021-10-11,4,20,"folio",FALSE,16,3161,3822
2021-10-12,0,7,"folio",FALSE,7,3168,3829
2021-10-13,6,17,"folio",FALSE,11,3179,3846
2021-10-14,0,5,"folio",FALSE,5,3184,3851
2021-10-15,3,17,"folio",FALSE,14,3198,3868
2021-10-16,0,8,"folio",FALSE,8,3206,3876
2021-10-17,4,17,"folio",FALSE,13,3219,3893
2021-10-18,0,7,"folio",FALSE,7,3226,3900
2021-10-19,4,16,"folio",FALSE,12,3238,3916
2021-10-20,6,10,"folio",FALSE,4,3242,3926
2021-10-21,3,16,"folio",FALSE,13,3255,3942
2021-10-22,0,4,"folio",FALSE,4,3259,3946
2021-10-23,3,18,"folio",FALSE,15,3274,3964
2021-10-24,0,7,"folio",FALSE,7,3281,3971
2021-10-25,4,20,"folio",FALSE,16,3297,3991
2021-10-26,0,45,"folio",FALSE,45,3342,4036
2021-10-27,6,86,"folio",FALSE,80,3422,4122
2021-10-28,0,23,"folio",FALSE,23,3445,4145
2021-10-29,3,26,"folio",FALSE,23,3468,4171
2021-10-30,0,6,"folio",FALSE,6,3474,4177
2021-10-31,3,22,"folio",FALSE,19,3493,4199
2021-11-01,0,38,"folio",FALSE,38,3531,4237
2021-11-02,3,26,"folio",FALSE,23,3554,4263
2021-11-03,3,21,"folio",FALSE,18,3572,4284
2021-11-04,4,31,"folio",FALSE,27,3599,4315
2021-11-05,0,26,"folio",FALSE,26,3625,4341
2021-11-06,0,26,"folio",FALSE,26,3651,4367
2021-11-07,4,29,"folio",FALSE,25,3676,4396
2021-11-08,0,72,"folio",FALSE,72,3748,4468
2021-11-09,3,53,"folio",FALSE,50,3798,4521
2021-11-10,0,95,"folio",FALSE,95,3893,4616
2021-11-11,3,46,"folio",FALSE,43,3936,4662
2021-11-12,0,23,"folio",FALSE,23,3959,4685
2021-11-13,3,32,"folio",FALSE,29,3988,4717
2021-11-14,0,11,"folio",FALSE,11,3999,4728
2021-11-15,3,17,"folio",FALSE,14,4013,4745
2021-11-16,0,8,"folio",FALSE,8,4021,4753
2021-11-17,3,19,"folio",FALSE,16,4037,4772
2021-11-18,0,7,"folio",FALSE,7,4044,4779
2021-11-19,3,14,"folio",FALSE,11,4055,4793
2021-11-20,0,4,"folio",FALSE,4,4059,4797
2021-11-21,14,19,"folio",FALSE,5,4064,4816
2021-11-22,0,12,"folio",FALSE,12,4076,4828
2021-11-23,3,20,"folio",FALSE,17,4093,4848
2021-11-24,3,11,"folio",FALSE,8,4101,4859
2021-11-25,3,21,"folio",FALSE,18,4119,4880
2021-11-26,0,6,"folio",FALSE,6,4125,4886
2021-11-27,3,17,"folio",FALSE,14,4139,4903
2021-11-28,0,4,"folio",FALSE,4,4143,4907
2021-11-29,4,21,"folio",FALSE,17,4160,4928
2021-11-30,0,12,"folio",FALSE,12,4172,4940
2021-12-01,6,16,"folio",FALSE,10,4182,4956
2021-12-02,0,7,"folio",FALSE,7,4189,4963
2021-12-03,3,19,"folio",FALSE,16,4205,4982
2021-12-04,0,10,"folio",FALSE,10,4215,4992
2021-12-05,0,8,"folio",FALSE,8,4223,5000
2021-12-06,3,13,"folio",FALSE,10,4233,5013
2021-12-07,0,7,"folio",FALSE,7,4240,5020
2021-12-08,7,13,"folio",FALSE,6,4246,5033
2021-12-09,4,23,"folio",FALSE,19,4265,5056
2021-12-10,0,9,"folio",FALSE,9,4274,5065
2021-12-11,3,17,"folio",FALSE,14,4288,5082
2021-12-12,0,2,"folio",FALSE,2,4290,5084
2021-12-13,4,14,"folio",FALSE,10,4300,5098
2021-12-14,3,5,"folio",FALSE,2,4302,5103
2021-12-15,8,26,"folio",FALSE,18,4320,5129
2021-12-16,1,3,"folio",FALSE,2,4322,5132
2021-12-17,4,16,"folio",FALSE,12,4334,5148
2021-12-18,1,1,"folio",FALSE,0,4334,5149
2021-12-19,3,16,"folio",FALSE,13,4347,5165
2021-12-20,0,4,"folio",FALSE,4,4351,5169
2021-12-21,3,19,"folio",FALSE,16,4367,5188
2021-12-22,4,8,"folio",FALSE,4,4371,5196
2021-12-23,0,7,"folio",FALSE,7,4378,5203
2021-12-24,3,16,"folio",FALSE,13,4391,5219
2021-12-25,1,4,"folio",FALSE,3,4394,5223
2021-12-26,4,14,"folio",FALSE,10,4404,5237
2021-12-27,0,5,"folio",FALSE,5,4409,5242
2021-12-28,4,22,"folio",FALSE,18,4427,5264
2021-12-29,4,10,"folio",FALSE,6,4433,5274
2021-12-30,3,18,"folio",FALSE,15,4448,5292
2021-12-31,0,5,"folio",FALSE,5,4453,5297
2022-01-01,0,0,"folio",FALSE,0,4453,5297
2022-01-02,0,4,"folio",FALSE,4,4457,5301
2022-01-03,0,1,"folio",FALSE,1,4458,5302
2022-01-04,0,7,"folio",FALSE,7,4465,5309
2022-01-05,3,5,"folio",FALSE,2,4467,5314
2022-01-06,0,2,"folio",FALSE,2,4469,5316
2022-01-07,0,3,"folio",FALSE,3,4472,5319
2022-01-08,0,2,"folio",FALSE,2,4474,5321
2022-01-09,0,9,"folio",FALSE,9,4483,5330
2022-01-10,0,4,"folio",FALSE,4,4487,5334
2022-01-11,3,14,"folio",FALSE,11,4498,5348
2022-01-12,3,4,"folio",FALSE,1,4499,5352
2022-01-13,3,18,"folio",FALSE,15,4514,5370
2022-01-14,0,9,"folio",FALSE,9,4523,5379
2022-01-15,3,16,"folio",FALSE,13,4536,5395
2022-01-16,0,8,"folio",FALSE,8,4544,5403
2022-01-17,0,6,"folio",FALSE,6,4550,5409
2022-01-18,0,5,"folio",FALSE,5,4555,5414
2022-01-19,0,8,"folio",FALSE,8,4563,5422
2022-01-20,3,9,"folio",FALSE,6,4569,5431
2022-01-21,1,3,"folio",FALSE,2,4571,5434
2022-01-22,3,15,"folio",FALSE,12,4583,5449
2022-01-23,0,2,"folio",FALSE,2,4585,5451
2022-01-24,3,33,"folio",FALSE,30,4615,5484
2022-01-25,0,2,"folio",FALSE,2,4617,5486
2022-01-26,0,11,"folio",FALSE,11,4628,5497
2022-01-27,0,4,"folio",FALSE,4,4632,5501
2022-01-28,3,5,"folio",FALSE,2,4634,5506
2022-01-29,0,4,"folio",FALSE,4,4638,5510
2022-01-30,3,15,"folio",FALSE,12,4650,5525
2022-01-31,0,7,"folio",FALSE,7,4657,5532
2022-02-01,3,13,"folio",FALSE,10,4667,5545
2022-02-02,0,6,"folio",FALSE,6,4673,5551
2022-02-03,0,4,"folio",FALSE,4,4677,5555
2022-02-04,0,4,"folio",FALSE,4,4681,5559
2022-02-05,0,4,"folio",FALSE,4,4685,5563
2022-02-06,3,18,"folio",FALSE,15,4700,5581
2022-02-07,0,8,"folio",FALSE,8,4708,5589
2022-02-08,13,21,"folio",FALSE,8,4716,5610
2022-02-09,6,9,"folio",FALSE,3,4719,5619
2022-02-10,3,13,"folio",FALSE,10,4729,5632
2022-02-11,0,4,"folio",FALSE,4,4733,5636
2022-02-12,3,18,"folio",FALSE,15,4748,5654
2022-02-13,0,0,"folio",FALSE,0,4748,5654
2022-02-14,3,17,"folio",FALSE,14,4762,5671
2022-02-15,0,3,"folio",FALSE,3,4765,5674
2022-02-16,9,20,"folio",FALSE,11,4776,5694
2022-02-17,0,5,"folio",FALSE,5,4781,5699
2022-02-18,3,17,"folio",FALSE,14,4795,5716
2022-02-19,0,3,"folio",FALSE,3,4798,5719
2022-02-20,0,2,"folio",FALSE,2,4800,5721
2022-02-21,3,16,"folio",FALSE,13,4813,5737
2022-02-22,0,3,"folio",FALSE,3,4816,5740
2022-02-23,11,22,"folio",FALSE,11,4827,5762
2022-02-24,0,3,"folio",FALSE,3,4830,5765
2022-02-25,3,15,"folio",FALSE,12,4842,5780
2022-02-26,0,2,"folio",FALSE,2,4844,5782
2022-02-27,4,14,"folio",FALSE,10,4854,5796
2022-02-28,0,7,"folio",FALSE,7,4861,5803
2022-03-01,3,24,"folio",FALSE,21,4882,5827
2022-03-02,3,5,"folio",FALSE,2,4884,5832
2022-03-03,3,19,"folio",FALSE,16,4900,5851
2022-03-04,0,3,"folio",FALSE,3,4903,5854
2022-03-05,3,16,"folio",FALSE,13,4916,5870
2022-03-06,0,4,"folio",FALSE,4,4920,5874
2022-03-07,3,23,"folio",FALSE,20,4940,5897
2022-03-08,2,7,"folio",FALSE,5,4945,5904
2022-03-09,10,22,"folio",FALSE,12,4957,5926
2022-03-10,0,52,"folio",FALSE,52,5009,5978
2022-03-11,1,18,"folio",FALSE,17,5026,5996
2022-03-12,0,7,"folio",FALSE,7,5033,6003
2022-03-13,3,15,"folio",FALSE,12,5045,6018
2022-03-14,0,6,"folio",FALSE,6,5051,6024
2022-03-15,3,18,"folio",FALSE,15,5066,6042
2022-03-16,4,6,"folio",FALSE,2,5068,6048
2022-03-17,3,17,"folio",FALSE,14,5082,6065
2022-03-18,0,7,"folio",FALSE,7,5089,6072
2022-03-19,3,21,"folio",FALSE,18,5107,6093
2022-03-20,0,7,"folio",FALSE,7,5114,6100
2022-03-21,4,18,"folio",FALSE,14,5128,6118
2022-03-22,0,5,"folio",FALSE,5,5133,6123
2022-03-23,9,19,"folio",FALSE,10,5143,6142
2022-03-24,0,7,"folio",FALSE,7,5150,6149
2022-03-25,3,17,"folio",FALSE,14,5164,6166
2022-03-26,0,10,"folio",FALSE,10,5174,6176
2022-03-27,3,13,"folio",FALSE,10,5184,6189
2022-03-28,0,8,"folio",FALSE,8,5192,6197
2022-03-29,3,16,"folio",FALSE,13,5205,6213
2022-03-30,5,6,"folio",FALSE,1,5206,6219
2022-03-31,3,21,"folio",FALSE,18,5224,6240
2022-04-01,1,2,"folio",FALSE,1,5225,6242
2022-04-02,3,16,"folio",FALSE,13,5238,6258
2022-04-03,0,2,"folio",FALSE,2,5240,6260
2022-04-04,4,14,"folio",FALSE,10,5250,6274
2022-04-05,0,6,"folio",FALSE,6,5256,6280
2022-04-06,10,24,"folio",FALSE,14,5270,6304
2022-04-07,3,17,"folio",FALSE,14,5284,6321
2022-04-08,0,4,"folio",FALSE,4,5288,6325
2022-04-09,0,4,"folio",FALSE,4,5292,6329
2022-04-10,0,13,"folio",FALSE,13,5305,6342
2022-04-11,6,8,"folio",FALSE,2,5307,6350
2022-04-12,0,2,"folio",FALSE,2,5309,6352
2022-04-13,6,22,"folio",FALSE,16,5325,6374
2022-04-14,0,9,"folio",FALSE,9,5334,6383
2022-04-15,0,8,"folio",FALSE,8,5342,6391
2022-04-16,3,18,"folio",FALSE,15,5357,6409
2022-04-17,0,2,"folio",FALSE,2,5359,6411
2022-04-18,3,20,"folio",FALSE,17,5376,6431
2022-04-19,0,5,"folio",FALSE,5,5381,6436
2022-04-20,10,21,"folio",FALSE,11,5392,6457
2022-04-21,0,7,"folio",FALSE,7,5399,6464
2022-04-22,3,16,"folio",FALSE,13,5412,6480
2022-04-23,0,6,"folio",FALSE,6,5418,6486
2022-04-24,0,8,"folio",FALSE,8,5426,6494
2022-04-25,0,5,"folio",FALSE,5,5431,6499
2022-04-26,0,4,"folio",FALSE,4,5435,6503
2022-04-27,9,26,"folio",FALSE,17,5452,6529
2022-04-28,0,6,"folio",FALSE,6,5458,6535
2022-04-29,0,10,"folio",FALSE,10,5468,6545
2022-04-30,3,12,"folio",FALSE,9,5477,6557
2022-05-01,0,5,"folio",FALSE,5,5482,6562
2022-05-02,3,16,"folio",FALSE,13,5495,6578
2022-05-03,0,6,"folio",FALSE,6,5501,6584
2022-05-04,9,20,"folio",FALSE,11,5512,6604
2022-05-05,0,7,"folio",FALSE,7,5519,6611
2022-05-06,4,42,"folio",TRUE,1,5520,6653
2022-05-07,0,10,"folio",FALSE,1,5521,6663
2022-05-08,3,45,"folio",FALSE,42,5563,6708
2022-05-09,0,5,"folio",FALSE,5,5568,6713
2022-05-10,3,31,"folio",FALSE,28,5596,6744
2022-05-11,4,13,"folio",FALSE,9,5605,6757
2022-05-12,3,35,"folio",FALSE,32,5637,6792
2022-05-13,0,10,"folio",FALSE,10,5647,6802
2022-05-14,3,22,"folio",FALSE,19,5666,6824
2022-05-15,0,4,"folio",FALSE,4,5670,6828
2022-05-16,3,36,"folio",FALSE,33,5703,6864
2022-05-17,1,15,"folio",FALSE,14,5717,6879
2022-05-18,4,17,"folio",FALSE,13,5730,6896
2022-05-19,0,35,"folio",FALSE,35,5765,6931
2022-05-20,3,7,"folio",FALSE,4,5769,6938
2022-05-21,0,1,"folio",FALSE,1,5770,6939
2022-05-22,3,25,"folio",FALSE,22,5792,6964
2022-05-23,0,6,"folio",FALSE,6,5798,6970
2022-05-24,0,4,"folio",FALSE,4,5802,6974
2022-05-25,9,28,"folio",FALSE,19,5821,7002
2022-05-26,0,12,"folio",FALSE,12,5833,7014
2022-05-27,3,31,"folio",FALSE,28,5861,7045
2022-05-28,0,5,"folio",FALSE,5,5866,7050
2022-05-29,3,23,"folio",FALSE,20,5886,7073
2022-05-30,0,5,"folio",FALSE,5,5891,7078
2022-05-31,3,35,"folio",FALSE,32,5923,7113
2022-06-01,2,9,"folio",FALSE,7,5930,7122
2022-06-02,3,25,"folio",FALSE,22,5952,7147
2022-06-03,0,5,"folio",FALSE,5,5957,7152
2022-06-04,3,21,"folio",FALSE,18,5975,7173
2022-06-05,0,0,"folio",FALSE,0,5975,7173
2022-06-06,3,25,"folio",FALSE,22,5997,7198
2022-06-07,0,11,"folio",FALSE,11,6008,7209
2022-06-08,10,29,"folio",FALSE,19,6027,7238
2022-06-09,0,5,"folio",FALSE,5,6032,7243
2022-06-10,0,4,"folio",FALSE,4,6036,7247
2022-06-11,3,24,"folio",FALSE,21,6057,7271
2022-06-12,0,3,"folio",FALSE,3,6060,7274
2022-06-13,3,27,"folio",FALSE,24,6084,7301
2022-06-14,4,13,"folio",FALSE,9,6093,7314
2022-06-15,3,11,"folio",FALSE,8,6101,7325
2022-06-16,0,11,"folio",FALSE,11,6112,7336
2022-06-17,0,10,"folio",FALSE,10,6122,7346
2022-06-18,0,3,"folio",FALSE,3,6125,7349
2022-06-19,0,5,"folio",FALSE,5,6130,7354
2022-06-20,0,13,"folio",FALSE,13,6143,7367
2022-06-21,0,13,"folio",FALSE,13,6156,7380
2022-06-22,2,14,"folio",FALSE,12,6168,7394
2022-06-23,0,11,"folio",FALSE,11,6179,7405
2022-06-24,3,27,"folio",FALSE,24,6203,7432
2022-06-25,0,3,"folio",FALSE,3,6206,7435
2022-06-26,0,6,"folio",FALSE,6,6212,7441
2022-06-27,0,12,"folio",FALSE,12,6224,7453
2022-06-28,0,10,"folio",FALSE,10,6234,7463
2022-06-29,3,10,"folio",FALSE,7,6241,7473
2022-06-30,3,27,"folio",FALSE,24,6265,7500
2022-07-01,0,9,"folio",FALSE,9,6274,7509
2022-07-02,0,4,"folio",FALSE,4,6278,7513
2022-07-03,3,40,"folio",FALSE,37,6315,7553
2022-07-04,0,7,"folio",FALSE,7,6322,7560
2022-07-05,0,5,"folio",FALSE,5,6327,7565
2022-07-06,9,32,"folio",FALSE,23,6350,7597
2022-07-07,0,3,"folio",FALSE,3,6353,7600
2022-07-08,0,9,"folio",FALSE,9,6362,7609
2022-07-09,3,26,"folio",FALSE,23,6385,7635
2022-07-10,0,3,"folio",FALSE,3,6388,7638
2022-07-11,0,7,"folio",FALSE,7,6395,7645
2022-07-12,3,29,"folio",FALSE,26,6421,7674
2022-07-13,3,9,"folio",FALSE,6,6427,7683
2022-07-14,0,11,"folio",FALSE,11,6438,7694
2022-07-15,3,32,"folio",FALSE,29,6467,7726
2022-07-16,0,16,"folio",FALSE,16,6483,7742
2022-07-17,0,7,"folio",FALSE,7,6490,7749
2022-07-18,4,27,"folio",FALSE,23,6513,7776
2022-07-19,0,3,"folio",FALSE,3,6516,7779
2022-07-20,2,6,"folio",FALSE,4,6520,7785
2022-07-21,3,26,"folio",FALSE,23,6543,7811
2022-07-22,0,8,"folio",FALSE,8,6551,7819
2022-07-23,0,3,"folio",FALSE,3,6554,7822
2022-07-24,3,27,"folio",FALSE,24,6578,7849
2022-07-25,0,10,"folio",FALSE,10,6588,7859
2022-07-26,0,10,"folio",FALSE,10,6598,7869
2022-07-27,9,38,"folio",FALSE,29,6627,7907
2022-07-28,0,10,"folio",FALSE,10,6637,7917
2022-07-29,0,10,"folio",FALSE,10,6647,7927
2022-07-30,3,26,"folio",FALSE,23,6670,7953
2022-07-31,3,27,"folio",FALSE,24,6694,7980
2022-08-01,0,8,"folio",FALSE,8,6702,7988
2022-08-02,0,8,"folio",FALSE,8,6710,7996
2022-08-03,9,28,"folio",FALSE,19,6729,8024
2022-08-04,0,6,"folio",FALSE,6,6735,8030
2022-08-05,0,7,"folio",FALSE,7,6742,8037
2022-08-06,3,26,"folio",FALSE,23,6765,8063
2022-08-07,0,3,"folio",FALSE,3,6768,8066
2022-08-08,0,3,"folio",FALSE,3,6771,8069
2022-08-09,3,25,"folio",FALSE,22,6793,8094
2022-08-10,0,9,"folio",FALSE,9,6802,8103
2022-08-11,1,6,"folio",FALSE,5,6807,8109
2022-08-12,3,30,"folio",FALSE,27,6834,8139
2022-08-13,2,2,"folio",FALSE,0,6834,8141
2022-08-14,1,3,"folio",FALSE,2,6836,8144
2022-08-15,3,32,"folio",TRUE,1,6837,8176
2022-08-16,1,22,"folio",FALSE,1,6838,8198
2022-08-17,6,21,"folio",FALSE,15,6853,8219
2022-08-18,6,43,"folio",FALSE,37,6890,8262
2022-08-19,0,8,"folio",FALSE,8,6898,8270
2022-08-20,0,4,"folio",FALSE,4,6902,8274
2022-08-21,3,39,"folio",FALSE,36,6938,8313
2022-08-22,0,6,"folio",FALSE,6,6944,8319
2022-08-23,0,13,"folio",FALSE,13,6957,8332
2022-08-24,10,30,"folio",FALSE,20,6977,8362
2022-08-25,1,13,"folio",FALSE,12,6989,8375
2022-08-26,0,14,"folio",FALSE,14,7003,8389
2022-08-27,3,26,"folio",FALSE,23,7026,8415
2022-08-28,0,4,"folio",FALSE,4,7030,8419
2022-08-29,0,9,"folio",FALSE,9,7039,8428
2022-08-30,5,29,"folio",FALSE,24,7063,8457
2022-08-31,2,9,"folio",FALSE,7,7070,8466
2022-09-01,0,5,"folio",FALSE,5,7075,8471
2022-09-02,3,28,"folio",FALSE,25,7100,8499
2022-09-03,0,7,"folio",FALSE,7,7107,8506
2022-09-04,0,7,"folio",FALSE,7,7114,8513
2022-09-05,3,24,"folio",FALSE,21,7135,8537
2022-09-06,0,14,"folio",FALSE,14,7149,8551
2022-09-07,0,10,"folio",FALSE,10,7159,8561
2022-09-08,7,35,"folio",FALSE,28,7187,8596
2022-09-09,0,7,"folio",FALSE,7,7194,8603
2022-09-10,0,7,"folio",FALSE,7,7201,8610
2022-09-11,3,35,"folio",FALSE,32,7233,8645
2022-09-12,0,9,"folio",FALSE,9,7242,8654
2022-09-13,0,12,"folio",FALSE,12,7254,8666
2022-09-14,9,35,"folio",FALSE,26,7280,8701
2022-09-15,0,3,"folio",FALSE,3,7283,8704
2022-09-16,0,12,"folio",FALSE,12,7295,8716
2022-09-17,3,23,"folio",FALSE,20,7315,8739
2022-09-18,0,4,"folio",FALSE,4,7319,8743
2022-09-19,0,6,"folio",FALSE,6,7325,8749
2022-09-20,3,33,"folio",FALSE,30,7355,8782
2022-09-21,0,13,"folio",FALSE,13,7368,8795
2022-09-22,0,8,"folio",FALSE,8,7376,8803
2022-09-23,3,26,"folio",FALSE,23,7399,8829
2022-09-24,0,3,"folio",FALSE,3,7402,8832
2022-09-25,0,7,"folio",FALSE,7,7409,8839
2022-09-26,3,29,"folio",FALSE,26,7435,8868
2022-09-27,0,9,"folio",FALSE,9,7444,8877
2022-09-28,0,8,"folio",FALSE,8,7452,8885
2022-09-29,3,24,"folio",FALSE,21,7473,8909
2022-09-30,0,7,"folio",FALSE,7,7480,8916
2022-10-01,0,5,"folio",FALSE,5,7485,8921
2022-10-02,3,23,"folio",FALSE,20,7505,8944
2022-10-03,1,13,"folio",FALSE,12,7517,8957
2022-10-04,0,11,"folio",FALSE,11,7528,8968
2022-10-05,3,29,"folio",FALSE,26,7554,8997
2022-10-06,0,12,"folio",FALSE,12,7566,9009
2022-10-07,0,7,"folio",FALSE,7,7573,9016
2022-10-08,3,25,"folio",FALSE,22,7595,9041
2022-10-09,0,9,"folio",FALSE,9,7604,9050
2022-10-10,0,14,"folio",FALSE,14,7618,9064
2022-10-11,0,16,"folio",FALSE,16,7634,9080
2022-10-12,3,37,"folio",FALSE,34,7668,9117
2022-10-13,0,11,"folio",FALSE,11,7679,9128
2022-10-14,0,6,"folio",FALSE,6,7685,9134
2022-10-15,3,30,"folio",FALSE,27,7712,9164
2022-10-16,0,2,"folio",FALSE,2,7714,9166
2022-10-17,0,39,"folio",FALSE,39,7753,9205
2022-10-18,3,30,"folio",FALSE,27,7780,9235
2022-10-19,0,9,"folio",FALSE,9,7789,9244
2022-10-20,3,27,"folio",FALSE,24,7813,9271
2022-10-21,0,9,"folio",FALSE,9,7822,9280
2022-10-22,0,6,"folio",FALSE,6,7828,9286
2022-10-23,3,30,"folio",FALSE,27,7855,9316
2022-10-24,0,8,"folio",FALSE,8,7863,9324
2022-10-25,0,10,"folio",FALSE,10,7873,9334
2022-10-26,3,34,"folio",FALSE,31,7904,9368
2022-10-27,0,4,"folio",FALSE,4,7908,9372
2022-10-28,0,35,"folio",FALSE,35,7943,9407
2022-10-29,0,3,"folio",FALSE,3,7946,9410
2022-10-30,0,2,"folio",FALSE,2,7948,9412
2022-10-31,0,15,"folio",TRUE,1,7949,9427
2022-11-01,0,24,"folio",FALSE,1,7950,9451
2022-11-02,1,18,"folio",FALSE,17,7967,9469
2022-11-03,3,14,"folio",FALSE,11,7978,9483
2022-11-04,0,6,"folio",FALSE,6,7984,9489
2022-11-05,3,55,"folio",FALSE,52,8036,9544
2022-11-06,0,8,"folio",FALSE,8,8044,9552
2022-11-07,3,33,"folio",FALSE,30,8074,9585
2022-11-08,0,14,"folio",FALSE,14,8088,9599
2022-11-09,0,30,"folio",FALSE,30,8118,9629
2022-11-10,3,40,"folio",FALSE,37,8155,9669
2022-11-11,0,7,"folio",FALSE,7,8162,9676
2022-11-12,0,36,"folio",FALSE,36,8198,9712
2022-11-13,0,9,"folio",FALSE,9,8207,9721
2022-11-14,3,44,"folio",FALSE,41,8248,9765
2022-11-15,0,10,"folio",FALSE,10,8258,9775
2022-11-16,0,6,"folio",FALSE,6,8264,9781
2022-11-17,3,30,"folio",FALSE,27,8291,9811
2022-11-18,7,30,"folio",FALSE,23,8314,9841
2022-11-19,0,4,"folio",FALSE,4,8318,9845
2022-11-20,0,8,"folio",FALSE,8,8326,9853
2022-11-21,3,30,"folio",FALSE,27,8353,9883
2022-11-22,1,26,"folio",FALSE,25,8378,9909
2022-11-23,0,7,"folio",FALSE,7,8385,9916
2022-11-24,0,11,"folio",FALSE,11,8396,9927
2022-11-25,0,7,"folio",FALSE,7,8403,9934
2022-11-26,0,26,"folio",FALSE,26,8429,9960
2022-11-27,0,13,"folio",FALSE,13,8442,9973
2022-11-28,3,9,"folio",FALSE,6,8448,9982
2022-11-29,0,6,"folio",FALSE,6,8454,9988
2022-11-30,0,8,"folio",FALSE,8,8462,9996
2022-12-01,0,10,"folio",FALSE,10,8472,10006
2022-12-02,0,5,"folio",FALSE,5,8477,10011
2022-12-03,0,3,"folio",FALSE,3,8480,10014
2022-12-04,0,17,"folio",FALSE,17,8497,10031
2022-12-05,0,12,"folio",FALSE,12,8509,10043
2022-12-06,2,8,"folio",FALSE,6,8515,10051
2022-12-07,0,11,"folio",FALSE,11,8526,10062
2022-12-08,0,9,"folio",FALSE,9,8535,10071
2022-12-09,0,13,"folio",FALSE,13,8548,10084
2022-12-10,0,3,"folio",FALSE,3,8551,10087
2022-12-11,0,5,"folio",FALSE,5,8556,10092
2022-12-12,0,15,"folio",FALSE,15,8571,10107
2022-12-13,0,19,"folio",FALSE,19,8590,10126
2022-12-14,0,4,"folio",FALSE,4,8594,10130
2022-12-15,0,11,"folio",FALSE,11,8605,10141
2022-12-16,4,15,"folio",FALSE,11,8616,10156
2022-12-17,0,3,"folio",FALSE,3,8619,10159
2022-12-18,0,4,"folio",FALSE,4,8623,10163
2022-12-19,0,5,"folio",FALSE,5,8628,10168
2022-12-20,0,6,"folio",FALSE,6,8634,10174
2022-12-21,0,13,"folio",FALSE,13,8647,10187
2022-12-22,0,19,"folio",FALSE,19,8666,10206
2022-12-23,0,24,"folio",FALSE,24,8690,10230
2022-12-24,2,10,"folio",FALSE,8,8698,10240
2022-12-25,1,6,"folio",FALSE,5,8703,10246
2022-12-26,0,6,"folio",FALSE,6,8709,10252
2022-12-27,0,4,"folio",FALSE,4,8713,10256
2022-12-28,0,7,"folio",FALSE,7,8720,10263
2022-12-29,0,3,"folio",FALSE,3,8723,10266
2022-12-30,0,4,"folio",FALSE,4,8727,10270
2022-12-31,0,3,"folio",FALSE,3,8730,10273
2023-01-01,0,3,"folio",FALSE,3,8733,10276
2023-01-02,0,9,"folio",FALSE,9,8742,10285
2023-01-03,0,15,"folio",FALSE,15,8757,10300
2023-01-04,3,13,"folio",FALSE,10,8767,10313
2023-01-05,0,15,"folio",FALSE,15,8782,10328
2023-01-06,1,13,"folio",FALSE,12,8794,10341
2023-01-07,0,9,"folio",FALSE,9,8803,10350
2023-01-08,0,5,"folio",FALSE,5,8808,10355
2023-01-09,0,6,"folio",FALSE,6,8814,10361
2023-01-10,0,5,"folio",FALSE,5,8819,10366
2023-01-11,0,5,"folio",FALSE,5,8824,10371
2023-01-12,0,4,"folio",FALSE,4,8828,10375
2023-01-13,0,10,"folio",FALSE,10,8838,10385
2023-01-14,0,4,"folio",FALSE,4,8842,10389
2023-01-15,0,5,"folio",FALSE,5,8847,10394
2023-01-16,3,16,"folio",FALSE,13,8860,10410
2023-01-17,7,22,"folio",FALSE,15,8875,10432
2023-01-18,2,24,"folio",FALSE,22,8897,10456
2023-01-19,0,13,"folio",FALSE,13,8910,10469
2023-01-20,0,3,"folio",FALSE,3,8913,10472
2023-01-21,2,11,"folio",FALSE,9,8922,10483
2023-01-22,0,9,"folio",FALSE,9,8931,10492
2023-01-23,0,5,"folio",FALSE,5,8936,10497
2023-01-24,0,6,"folio",FALSE,6,8942,10503
2023-01-25,0,7,"folio",FALSE,7,8949,10510
2023-01-26,0,11,"folio",FALSE,11,8960,10521
2023-01-27,0,4,"folio",FALSE,4,8964,10525
2023-01-28,0,3,"folio",FALSE,3,8967,10528
2023-01-29,0,7,"folio",FALSE,7,8974,10535
2023-01-30,0,4,"folio",FALSE,4,8978,10539
2023-01-31,0,21,"folio",FALSE,21,8999,10560
2023-02-01,0,12,"folio",FALSE,12,9011,10572
2023-02-02,5,15,"folio",FALSE,10,9021,10587
2023-02-03,0,6,"folio",FALSE,6,9027,10593
2023-02-04,0,6,"folio",FALSE,6,9033,10599
2023-02-05,0,5,"folio",FALSE,5,9038,10604
2023-02-06,0,6,"folio",FALSE,6,9044,10610
2023-02-07,0,18,"folio",FALSE,18,9062,10628
2023-02-08,0,61,"folio",FALSE,61,9123,10689
2023-02-09,0,15,"folio",FALSE,15,9138,10704
2023-02-10,0,37,"folio",FALSE,37,9175,10741
2023-02-11,0,8,"folio",FALSE,8,9183,10749
2023-02-12,0,5,"folio",FALSE,5,9188,10754
2023-02-13,0,6,"folio",FALSE,6,9194,10760
2023-02-14,0,26,"folio",FALSE,26,9220,10786
2023-02-15,3,21,"folio",FALSE,18,9238,10807
2023-02-16,0,20,"folio",FALSE,20,9258,10827
2023-02-17,0,17,"folio",FALSE,17,9275,10844
2023-02-18,0,4,"folio",FALSE,4,9279,10848
2023-02-19,2,6,"folio",FALSE,4,9283,10854
2023-02-20,0,4,"folio",FALSE,4,9287,10858
2023-02-21,0,9,"folio",FALSE,9,9296,10867
2023-02-22,0,47,"folio",FALSE,47,9343,10914
2023-02-23,1,10,"folio",FALSE,9,9352,10924
2023-02-24,0,26,"folio",FALSE,26,9378,10950
2023-02-25,0,2,"folio",FALSE,2,9380,10952
2023-02-26,0,4,"folio",FALSE,4,9384,10956
2023-02-27,0,9,"folio",FALSE,9,9393,10965
2023-02-28,0,13,"folio",FALSE,13,9406,10978
2023-03-01,0,35,"folio",FALSE,35,9441,11013
2023-03-02,0,22,"folio",FALSE,22,9463,11035
2023-03-03,0,9,"folio",FALSE,9,9472,11044
2023-03-04,0,4,"folio",FALSE,4,9476,11048
2023-03-05,0,11,"folio",FALSE,11,9487,11059
2023-03-06,3,11,"folio",FALSE,8,9495,11070
2023-03-07,0,6,"folio",FALSE,6,9501,11076
2023-03-08,0,5,"folio",FALSE,5,9506,11081
2023-03-09,3,11,"folio",FALSE,8,9514,11092
2023-03-10,2,14,"folio",FALSE,12,9526,11106
2023-03-11,0,6,"folio",FALSE,6,9532,11112
2023-03-12,0,7,"folio",FALSE,7,9539,11119
2023-03-13,0,14,"folio",FALSE,14,9553,11133
2023-03-14,0,8,"folio",FALSE,8,9561,11141
2023-03-15,5,24,"folio",FALSE,19,9580,11165
2023-03-16,3,18,"folio",FALSE,15,9595,11183
2023-03-17,0,14,"folio",FALSE,14,9609,11197
2023-03-18,2,13,"folio",FALSE,11,9620,11210
2023-03-19,0,6,"folio",FALSE,6,9626,11216
2023-03-20,8,22,"folio",FALSE,14,9640,11238
2023-03-21,0,11,"folio",FALSE,11,9651,11249
2023-03-22,2,14,"folio",FALSE,12,9663,11263
2023-03-23,0,6,"folio",FALSE,6,9669,11269
2023-03-24,0,9,"folio",FALSE,9,9678,11278
2023-03-25,1,3,"folio",FALSE,2,9680,11281
2023-03-26,0,28,"folio",FALSE,28,9708,11309
2023-03-27,4,12,"folio",FALSE,8,9716,11321
2023-03-28,0,10,"folio",FALSE,10,9726,11331
2023-03-29,2,15,"folio",FALSE,13,9739,11346
2023-03-30,0,12,"folio",FALSE,12,9751,11358
2023-03-31,0,4,"folio",FALSE,4,9755,11362
2023-04-01,0,19,"folio",FALSE,19,9774,11381
2023-04-02,3,7,"folio",FALSE,4,9778,11388
2023-04-03,0,8,"folio",FALSE,8,9786,11396
2023-04-04,0,5,"folio",FALSE,5,9791,11401
2023-04-05,0,11,"folio",FALSE,11,9802,11412
2023-04-06,0,6,"folio",FALSE,6,9808,11418
2023-04-07,0,33,"folio",FALSE,33,9841,11451
2023-04-08,3,6,"folio",FALSE,3,9844,11457
2023-04-09,0,3,"folio",FALSE,3,9847,11460
2023-04-10,0,5,"folio",FALSE,5,9852,11465
2023-04-11,0,6,"folio",FALSE,6,9858,11471
2023-04-12,2,17,"folio",FALSE,15,9873,11488
2023-04-13,1,21,"folio",FALSE,20,9893,11509
2023-04-14,3,13,"folio",FALSE,10,9903,11522
2023-04-15,0,7,"folio",FALSE,7,9910,11529
2023-04-16,0,7,"folio",FALSE,7,9917,11536
2023-04-17,0,6,"folio",FALSE,6,9923,11542
2023-04-18,0,12,"folio",FALSE,12,9935,11554
2023-04-19,9,40,"folio",FALSE,31,9966,11594
2023-04-20,0,25,"folio",FALSE,25,9991,11619
2023-04-21,3,7,"folio",FALSE,4,9995,11626
2023-04-22,0,9,"folio",FALSE,9,10004,11635
2023-04-23,0,5,"folio",FALSE,5,10009,11640
2023-04-24,0,16,"folio",FALSE,16,10025,11656
2023-04-25,0,10,"folio",FALSE,10,10035,11666
2023-04-26,2,27,"folio",FALSE,25,10060,11693
2023-04-27,0,14,"folio",FALSE,14,10074,11707
2023-04-28,0,4,"folio",FALSE,4,10078,11711
2023-04-29,0,3,"folio",FALSE,3,10081,11714
2023-04-30,0,3,"folio",FALSE,3,10084,11717
2023-05-01,0,20,"folio",FALSE,20,10104,11737
2023-05-02,0,3,"folio",FALSE,3,10107,11740
2023-05-03,2,14,"folio",FALSE,12,10119,11754
2023-05-04,0,3,"folio",FALSE,3,10122,11757
2023-05-05,0,8,"folio",FALSE,8,10130,11765
2023-05-06,0,23,"folio",FALSE,23,10153,11788
2023-05-07,0,5,"folio",FALSE,5,10158,11793
2023-05-08,0,42,"folio",FALSE,42,10200,11835
2023-05-09,0,8,"folio",FALSE,8,10208,11843
2023-05-10,2,31,"folio",FALSE,29,10237,11874
2023-05-11,0,21,"folio",FALSE,21,10258,11895
2023-05-12,0,28,"folio",FALSE,28,10286,11923
2023-05-13,0,11,"folio",FALSE,11,10297,11934
2023-05-14,0,4,"folio",FALSE,4,10301,11938
2023-05-15,2,8,"folio",FALSE,6,10307,11946
2023-05-16,0,25,"folio",FALSE,25,10332,11971
2023-05-17,2,15,"folio",FALSE,13,10345,11986
2023-05-18,0,10,"folio",FALSE,10,10355,11996
2023-05-19,0,11,"folio",FALSE,11,10366,12007
2023-05-20,0,16,"folio",FALSE,16,10382,12023
2023-05-21,0,3,"folio",FALSE,3,10385,12026
2023-05-22,0,8,"folio",FALSE,8,10393,12034
2023-05-23,0,10,"folio",FALSE,10,10403,12044
2023-05-24,2,31,"folio",FALSE,29,10432,12075
2023-05-25,0,11,"folio",FALSE,11,10443,12086
2023-05-26,0,9,"folio",FALSE,9,10452,12095
2023-05-27,0,3,"folio",FALSE,3,10455,12098
2023-05-28,0,19,"folio",FALSE,19,10474,12117
2023-05-29,0,9,"folio",FALSE,9,10483,12126
2023-05-30,0,7,"folio",FALSE,7,10490,12133
2023-05-31,0,7,"folio",FALSE,7,10497,12140
2023-06-01,1,32,"folio",FALSE,31,10528,12172
2023-06-02,0,13,"folio",FALSE,13,10541,12185
2023-06-03,0,2,"folio",FALSE,2,10543,12187
2023-06-04,0,6,"folio",FALSE,6,10549,12193
2023-06-05,0,20,"folio",FALSE,20,10569,12213
2023-06-06,0,6,"folio",FALSE,6,10575,12219
2023-06-07,0,1,"folio",FALSE,1,10576,12220
2023-06-08,2,16,"folio",FALSE,14,10590,12236
2023-06-09,0,22,"folio",FALSE,22,10612,12258
2023-06-10,0,6,"folio",FALSE,6,10618,12264
2023-06-11,0,5,"folio",FALSE,5,10623,12269
2023-06-12,0,9,"folio",FALSE,9,10632,12278
2023-06-13,0,21,"folio",FALSE,21,10653,12299
2023-06-14,0,5,"folio",FALSE,5,10658,12304
2023-06-15,2,10,"folio",FALSE,8,10666,12314
2023-06-16,0,21,"folio",FALSE,21,10687,12335
2023-06-17,0,5,"folio",FALSE,5,10692,12340
2023-06-18,0,2,"folio",FALSE,2,10694,12342
2023-06-19,0,20,"folio",FALSE,20,10714,12362
2023-06-20,0,8,"folio",FALSE,8,10722,12370
2023-06-21,2,13,"folio",FALSE,11,10733,12383
2023-06-22,0,25,"folio",FALSE,25,10758,12408
2023-06-23,0,5,"folio",FALSE,5,10763,12413
2023-06-24,0,9,"folio",FALSE,9,10772,12422
2023-06-25,0,20,"folio",FALSE,20,10792,12442
2023-06-26,0,8,"folio",FALSE,8,10800,12450
2023-06-27,0,7,"folio",FALSE,7,10807,12457
2023-06-28,2,35,"folio",FALSE,33,10840,12492
2023-06-29,0,9,"folio",FALSE,9,10849,12501
2023-06-30,0,7,"folio",FALSE,7,10856,12508
2023-07-01,0,17,"folio",FALSE,17,10873,12525
2023-07-02,0,19,"folio",FALSE,19,10892,12544
2023-07-03,0,10,"folio",FALSE,10,10902,12554
2023-07-04,0,9,"folio",FALSE,9,10911,12563
2023-07-05,1,30,"folio",FALSE,29,10940,12593
2023-07-06,0,9,"folio",FALSE,9,10949,12602
2023-07-07,0,13,"folio",FALSE,13,10962,12615
2023-07-08,0,21,"folio",FALSE,21,10983,12636
2023-07-09,0,15,"folio",FALSE,15,10998,12651
2023-07-10,0,11,"folio",FALSE,11,11009,12662
2023-07-11,0,6,"folio",FALSE,6,11015,12668
2023-07-12,2,31,"folio",FALSE,29,11044,12699
2023-07-13,0,3,"folio",FALSE,3,11047,12702
2023-07-14,0,9,"folio",FALSE,9,11056,12711
2023-07-15,0,5,"folio",FALSE,5,11061,12716
2023-07-16,0,2,"folio",FALSE,2,11063,12718
2023-07-17,0,18,"folio",FALSE,18,11081,12736
2023-07-18,0,9,"folio",FALSE,9,11090,12745
2023-07-19,2,12,"folio",FALSE,10,11100,12757
2023-07-20,0,21,"folio",FALSE,21,11121,12778
2023-07-21,0,6,"folio",FALSE,6,11127,12784
2023-07-22,0,3,"folio",FALSE,3,11130,12787
2023-07-23,0,17,"folio",FALSE,17,11147,12804
2023-07-24,0,3,"folio",FALSE,3,11150,12807
2023-07-25,0,13,"folio",FALSE,13,11163,12820
2023-07-26,3,27,"folio",FALSE,24,11187,12847
2023-07-27,0,7,"folio",FALSE,7,11194,12854
2023-07-28,0,5,"folio",FALSE,5,11199,12859
2023-07-29,0,3,"folio",FALSE,3,11202,12862
2023-07-30,0,3,"folio",FALSE,3,11205,12865
2023-07-31,0,1,"folio",FALSE,1,11206,12866
2023-08-01,0,11,"folio",FALSE,11,11217,12877
2023-08-02,0,22,"folio",FALSE,22,11239,12899
2023-08-03,2,10,"folio",FALSE,8,11247,12909
2023-08-04,0,6,"folio",FALSE,6,11253,12915
2023-08-05,0,19,"folio",FALSE,19,11272,12934
2023-08-06,0,18,"folio",FALSE,18,11290,12952
2023-08-07,0,7,"folio",FALSE,7,11297,12959
2023-08-08,0,9,"folio",FALSE,9,11306,12968
2023-08-09,2,27,"folio",FALSE,25,11331,12995
2023-08-10,0,8,"folio",FALSE,8,11339,13003
2023-08-11,0,5,"folio",FALSE,5,11344,13008
2023-08-12,0,17,"folio",FALSE,17,11361,13025
2023-08-13,0,1,"folio",FALSE,1,11362,13026
2023-08-14,0,6,"folio",FALSE,6,11368,13032
2023-08-15,0,23,"folio",FALSE,23,11391,13055
2023-08-16,2,7,"folio",FALSE,5,11396,13062
2023-08-17,0,19,"folio",FALSE,19,11415,13081
2023-08-18,0,20,"folio",FALSE,20,11435,13101
2023-08-19,0,7,"folio",FALSE,7,11442,13108
2023-08-20,0,3,"folio",FALSE,3,11445,13111
2023-08-21,0,19,"folio",FALSE,19,11464,13130
2023-08-22,0,3,"folio",FALSE,3,11467,13133
2023-08-23,2,11,"folio",FALSE,9,11476,13144
2023-08-24,0,20,"folio",FALSE,20,11496,13164
2023-08-25,0,22,"folio",FALSE,22,11518,13186
2023-08-26,0,5,"folio",FALSE,5,11523,13191
2023-08-27,0,5,"folio",FALSE,5,11528,13196
2023-08-28,0,21,"folio",FALSE,21,11549,13217
2023-08-29,0,6,"folio",FALSE,6,11555,13223
2023-08-30,2,14,"folio",FALSE,12,11567,13237
2023-08-31,0,20,"folio",FALSE,20,11587,13257
2023-09-01,0,5,"folio",FALSE,5,11592,13262
2023-09-02,0,2,"folio",FALSE,2,11594,13264
2023-09-03,0,24,"folio",FALSE,24,11618,13288
2023-09-04,0,6,"folio",FALSE,6,11624,13294
2023-09-05,0,11,"folio",FALSE,11,11635,13305
2023-09-06,1,22,"folio",FALSE,21,11656,13327
2023-09-07,0,8,"folio",FALSE,8,11664,13335
2023-09-08,0,4,"folio",FALSE,4,11668,13339
2023-09-09,0,19,"folio",FALSE,19,11687,13358
2023-09-10,0,6,"folio",FALSE,6,11693,13364
2023-09-11,0,5,"folio",FALSE,5,11698,13369
2023-09-12,0,19,"folio",FALSE,19,11717,13388
2023-09-13,0,9,"folio",FALSE,9,11726,13397
2023-09-14,0,11,"folio",FALSE,11,11737,13408
2023-09-15,0,10,"folio",FALSE,10,11747,13418
2023-09-16,0,21,"folio",FALSE,21,11768,13439
2023-09-17,0,3,"folio",FALSE,3,11771,13442
2023-09-18,0,6,"folio",FALSE,6,11777,13448
2023-09-19,0,23,"folio",FALSE,23,11800,13471
2023-09-20,0,7,"folio",FALSE,7,11807,13478
2023-09-21,0,9,"folio",FALSE,9,11816,13487
2023-09-22,0,31,"folio",FALSE,31,11847,13518
2023-09-23,0,18,"folio",FALSE,18,11865,13536
2023-09-24,0,2,"folio",FALSE,2,11867,13538
2023-09-25,0,7,"folio",FALSE,7,11874,13545
2023-09-26,0,20,"folio",FALSE,20,11894,13565
2023-09-27,2,14,"folio",FALSE,12,11906,13579
2023-09-28,0,11,"folio",FALSE,11,11917,13590
2023-09-29,0,19,"folio",FALSE,19,11936,13609
2023-09-30,0,5,"folio",FALSE,5,11941,13614
2023-10-01,0,2,"folio",FALSE,2,11943,13616
2023-10-02,0,20,"folio",FALSE,20,11963,13636
2023-10-03,0,4,"folio",FALSE,4,11967,13640
2023-10-04,1,10,"folio",FALSE,9,11976,13650
2023-10-05,0,33,"folio",FALSE,33,12009,13683
2023-10-06,0,8,"folio",FALSE,8,12017,13691
2023-10-07,0,3,"folio",FALSE,3,12020,13694
2023-10-08,0,19,"folio",FALSE,19,12039,13713
2023-10-09,0,6,"folio",FALSE,6,12045,13719
2023-10-10,0,6,"folio",FALSE,6,12051,13725
2023-10-11,0,8,"folio",FALSE,8,12059,13733
2023-10-12,0,20,"folio",FALSE,20,12079,13753
2023-10-13,0,5,"folio",FALSE,5,12084,13758
2023-10-14,0,12,"folio",FALSE,12,12096,13770
2023-10-15,0,18,"folio",FALSE,18,12114,13788
2023-10-16,0,9,"folio",FALSE,9,12123,13797
2023-10-17,0,6,"folio",FALSE,6,12129,13803
2023-10-18,1,27,"folio",FALSE,26,12155,13830
2023-10-19,0,7,"folio",FALSE,7,12162,13837
2023-10-20,0,8,"folio",FALSE,8,12170,13845
2023-10-21,0,5,"folio",FALSE,5,12175,13850
2023-10-22,0,30,"folio",FALSE,30,12205,13880
2023-10-23,0,11,"folio",FALSE,11,12216,13891
2023-10-24,0,6,"folio",FALSE,6,12222,13897
2023-10-25,1,10,"folio",FALSE,9,12231,13907
2023-10-26,0,29,"folio",FALSE,29,12260,13936
2023-10-27,0,9,"folio",FALSE,9,12269,13945
2023-10-28,0,6,"folio",FALSE,6,12275,13951
2023-10-29,0,2,"folio",FALSE,2,12277,13953
2023-10-30,0,19,"folio",FALSE,19,12296,13972
2023-10-31,0,10,"folio",FALSE,10,12306,13982
2023-11-01,1,12,"folio",FALSE,11,12317,13994
2023-11-02,0,10,"folio",FALSE,10,12327,14004
2023-11-03,0,24,"folio",FALSE,24,12351,14028
2023-11-04,0,18,"folio",FALSE,18,12369,14046
2023-11-05,0,2,"folio",FALSE,2,12371,14048
2023-11-06,0,10,"folio",FALSE,10,12381,14058
2023-11-07,0,6,"folio",FALSE,6,12387,14064
2023-11-08,2,25,"folio",FALSE,23,12410,14089
2023-11-09,0,26,"folio",FALSE,26,12436,14115
2023-11-10,0,3,"folio",FALSE,3,12439,14118
2023-11-11,0,3,"folio",FALSE,3,12442,14121
2023-11-12,0,2,"folio",FALSE,2,12444,14123
2023-11-13,0,11,"folio",FALSE,11,12455,14134
2023-11-14,0,9,"folio",FALSE,9,12464,14143
2023-11-15,2,18,"folio",FALSE,16,12480,14161
2023-11-16,0,19,"folio",FALSE,19,12499,14180
2023-11-17,0,20,"folio",FALSE,20,12519,14200
2023-11-18,0,7,"folio",FALSE,7,12526,14207
2023-11-19,0,6,"folio",FALSE,6,12532,14213
2023-11-20,0,17,"folio",FALSE,17,12549,14230
2023-11-21,0,6,"folio",FALSE,6,12555,14236
2023-11-22,1,13,"folio",FALSE,12,12567,14249
2023-11-23,0,3,"folio",FALSE,3,12570,14252
2023-11-24,0,10,"folio",FALSE,10,12580,14262
2023-11-25,0,12,"folio",FALSE,12,12592,14274
2023-11-26,0,9,"folio",FALSE,9,12601,14283
2023-11-27,0,8,"folio",FALSE,8,12609,14291
2023-11-28,0,14,"folio",FALSE,14,12623,14305
2023-11-29,3,16,"folio",FALSE,13,12636,14321
2023-11-30,0,12,"folio",FALSE,12,12648,14333
2023-12-01,0,8,"folio",FALSE,8,12656,14341
2023-12-02,0,14,"folio",FALSE,14,12670,14355
2023-12-03,0,9,"folio",FALSE,9,12679,14364
2023-12-04,0,7,"folio",FALSE,7,12686,14371
2023-12-05,0,8,"folio",FALSE,8,12694,14379
2023-12-06,2,29,"folio",FALSE,27,12721,14408
2023-12-07,0,26,"folio",FALSE,26,12747,14434
2023-12-08,0,8,"folio",FALSE,8,12755,14442
2023-12-09,0,5,"folio",FALSE,5,12760,14447
2023-12-10,0,18,"folio",FALSE,18,12778,14465
2023-12-11,0,8,"folio",FALSE,8,12786,14473
2023-12-12,0,8,"folio",FALSE,8,12794,14481
2023-12-13,0,7,"folio",FALSE,7,12801,14488
2023-12-14,0,19,"folio",FALSE,19,12820,14507
2023-12-15,2,11,"folio",FALSE,9,12829,14518
2023-12-16,0,6,"folio",FALSE,6,12835,14524
2023-12-17,0,4,"folio",FALSE,4,12839,14528
2023-12-18,0,16,"folio",FALSE,16,12855,14544
2023-12-19,0,13,"folio",FALSE,13,12868,14557
2023-12-20,0,11,"folio",FALSE,11,12879,14568
2023-12-21,0,23,"folio",FALSE,23,12902,14591
2023-12-22,0,6,"folio",FALSE,6,12908,14597
2023-12-23,0,1,"folio",FALSE,1,12909,14598
2023-12-24,0,20,"folio",FALSE,20,12929,14618
2023-12-25,0,9,"folio",FALSE,9,12938,14627
2023-12-26,0,3,"folio",FALSE,3,12941,14630
2023-12-27,2,25,"folio",FALSE,23,12964,14655
2023-12-28,0,18,"folio",FALSE,18,12982,14673
2023-12-29,0,3,"folio",FALSE,3,12985,14676
2023-12-30,0,5,"folio",FALSE,5,12990,14681
2023-12-31,0,16,"folio",FALSE,16,13006,14697
2024-01-01,0,3,"folio",FALSE,3,13009,14700
2024-01-02,0,3,"folio",FALSE,3,13012,14703
2024-01-03,1,22,"folio",FALSE,21,13033,14725
2024-01-04,0,3,"folio",FALSE,3,13036,14728
2024-01-05,0,1,"folio",FALSE,1,13037,14729
2024-01-06,0,20,"folio",FALSE,20,13057,14749
2024-01-07,0,8,"folio",FALSE,8,13065,14757
2024-01-08,0,25,"folio",FALSE,25,13090,14782
2024-01-09,0,6,"folio",FALSE,6,13096,14788
2024-01-10,2,15,"folio",FALSE,13,13109,14803
2024-01-11,0,20,"folio",FALSE,20,13129,14823
2024-01-12,0,6,"folio",FALSE,6,13135,14829
2024-01-13,0,4,"folio",FALSE,4,13139,14833
2024-01-14,0,17,"folio",FALSE,17,13156,14850
2024-01-15,0,6,"folio",FALSE,6,13162,14856
2024-01-16,0,4,"folio",FALSE,4,13166,14860
2024-01-17,2,47,"folio",FALSE,45,13211,14907
2024-01-18,0,7,"folio",FALSE,7,13218,14914
2024-01-19,0,3,"folio",FALSE,3,13221,14917
2024-01-20,0,21,"folio",FALSE,21,13242,14938
2024-01-21,0,3,"folio",FALSE,3,13245,14941
2024-01-22,0,5,"folio",FALSE,5,13250,14946
2024-01-23,0,37,"folio",FALSE,37,13287,14983
2024-01-24,10,120,"folio",FALSE,110,13397,15103
2024-01-25,1,122,"folio",FALSE,121,13518,15225
2024-01-26,0,20,"folio",FALSE,20,13538,15245
2024-01-27,0,6,"folio",FALSE,6,13544,15251
2024-01-28,0,3,"folio",FALSE,3,13547,15254
2024-01-29,0,36,"folio",FALSE,36,13583,15290
2024-01-30,0,22,"folio",FALSE,22,13605,15312
2024-01-31,2,16,"folio",FALSE,14,13619,15328
2024-02-01,0,22,"folio",FALSE,22,13641,15350
2024-02-02,0,11,"folio",FALSE,11,13652,15361
2024-02-03,0,7,"folio",FALSE,7,13659,15368
2024-02-04,0,17,"folio",FALSE,17,13676,15385
2024-02-05,0,20,"folio",FALSE,20,13696,15405
2024-02-06,0,4,"folio",FALSE,4,13700,15409
2024-02-07,2,11,"folio",FALSE,9,13709,15420
2024-02-08,0,24,"folio",FALSE,24,13733,15444
2024-02-09,0,7,"folio",FALSE,7,13740,15451
2024-02-10,0,2,"folio",FALSE,2,13742,15453
2024-02-11,0,17,"folio",FALSE,17,13759,15470
2024-02-12,0,2,"folio",FALSE,2,13761,15472
2024-02-13,0,10,"folio",FALSE,10,13771,15482
2024-02-14,2,30,"folio",FALSE,28,13799,15512
2024-02-15,0,4,"folio",FALSE,4,13803,15516
2024-02-16,0,7,"folio",FALSE,7,13810,15523
2024-02-17,0,20,"folio",FALSE,20,13830,15543
2024-02-18,0,3,"folio",FALSE,3,13833,15546
2024-02-19,0,7,"folio",FALSE,7,13840,15553
2024-02-20,0,20,"folio",FALSE,20,13860,15573
2024-02-21,2,12,"folio",FALSE,10,13870,15585
2024-02-22,0,9,"folio",FALSE,9,13879,15594
2024-02-23,0,35,"folio",FALSE,35,13914,15629
2024-02-24,0,9,"folio",FALSE,9,13923,15638
2024-02-25,0,3,"folio",FALSE,3,13926,15641
2024-02-26,0,31,"folio",TRUE,1,13927,15672
2024-02-27,0,65,"folio",FALSE,1,13928,15737
2024-02-28,2,24,"folio",FALSE,22,13950,15761
2024-02-29,0,30,"folio",FALSE,30,13980,15791
2024-03-01,1,44,"folio",FALSE,43,14023,15835
2024-03-02,0,8,"folio",FALSE,8,14031,15843
2024-03-03,0,13,"folio",FALSE,13,14044,15856
2024-03-04,0,30,"folio",FALSE,30,14074,15886
2024-03-05,0,35,"folio",FALSE,35,14109,15921
2024-03-06,1,34,"folio",FALSE,33,14142,15955
2024-03-07,0,27,"folio",FALSE,27,14169,15982
2024-03-08,0,18,"folio",FALSE,18,14187,16000
2024-03-09,0,8,"folio",FALSE,8,14195,16008
2024-03-10,0,31,"folio",FALSE,31,14226,16039
2024-03-11,0,15,"folio",FALSE,15,14241,16054
2024-03-12,0,10,"folio",FALSE,10,14251,16064
2024-03-13,2,38,"folio",FALSE,36,14287,16102
2024-03-14,0,19,"folio",FALSE,19,14306,16121
2024-03-15,0,10,"folio",FALSE,10,14316,16131
2024-03-16,0,26,"folio",FALSE,26,14342,16157
2024-03-17,0,2,"folio",FALSE,2,14344,16159
2024-03-18,0,7,"folio",FALSE,7,14351,16166
2024-03-19,0,27,"folio",FALSE,27,14378,16193
2024-03-20,0,14,"folio",FALSE,14,14392,16207
2024-03-21,2,15,"folio",FALSE,13,14405,16222
2024-03-22,0,26,"folio",FALSE,26,14431,16248
2024-03-23,0,7,"folio",FALSE,7,14438,16255
2024-03-24,0,8,"folio",FALSE,8,14446,16263
2024-03-25,0,26,"folio",FALSE,26,14472,16289
2024-03-26,0,14,"folio",FALSE,14,14486,16303
2024-03-27,2,17,"folio",FALSE,15,14501,16320
2024-03-28,0,27,"folio",FALSE,27,14528,16347
2024-03-29,0,11,"folio",FALSE,11,14539,16358
2024-03-30,0,20,"folio",FALSE,20,14559,16378
2024-03-31,0,7,"folio",FALSE,7,14566,16385
2024-04-01,0,8,"folio",FALSE,8,14574,16393
2024-04-02,0,19,"folio",FALSE,19,14593,16412
2024-04-03,2,18,"folio",FALSE,16,14609,16430
2024-04-04,0,15,"folio",FALSE,15,14624,16445
2024-04-05,0,23,"folio",FALSE,23,14647,16468
2024-04-06,0,2,"folio",FALSE,2,14649,16470
2024-04-07,0,5,"folio",FALSE,5,14654,16475
2024-04-08,0,18,"folio",FALSE,18,14672,16493
2024-04-09,0,13,"folio",FALSE,13,14685,16506
2024-04-10,2,17,"folio",FALSE,15,14700,16523
2024-04-11,0,21,"folio",FALSE,21,14721,16544
2024-04-12,0,4,"folio",FALSE,4,14725,16548
2024-04-13,0,3,"folio",FALSE,3,14728,16551
2024-04-14,0,19,"folio",FALSE,19,14747,16570
2024-04-15,0,8,"folio",FALSE,8,14755,16578
2024-04-16,0,7,"folio",FALSE,7,14762,16585
2024-04-17,2,35,"folio",FALSE,33,14795,16620
2024-04-18,0,10,"folio",FALSE,10,14805,16630
2024-04-19,0,5,"folio",FALSE,5,14810,16635
2024-04-20,0,22,"folio",FALSE,22,14832,16657
2024-04-21,0,12,"folio",FALSE,12,14844,16669
2024-04-22,0,13,"folio",FALSE,13,14857,16682
2024-04-23,0,29,"folio",FALSE,29,14886,16711
2024-04-24,0,16,"folio",FALSE,16,14902,16727
2024-04-25,0,16,"folio",FALSE,16,14918,16743
2024-04-26,0,27,"folio",FALSE,27,14945,16770
2024-04-27,0,7,"folio",FALSE,7,14952,16777
2024-04-28,0,9,"folio",FALSE,9,14961,16786
2024-04-29,0,23,"folio",FALSE,23,14984,16809
2024-04-30,0,13,"folio",FALSE,13,14997,16822
2024-05-01,2,18,"folio",FALSE,16,15013,16840
2024-05-02,0,20,"folio",FALSE,20,15033,16860
2024-05-03,0,6,"folio",FALSE,6,15039,16866
2024-05-04,0,5,"folio",FALSE,5,15044,16871
2024-05-05,0,17,"folio",FALSE,17,15061,16888
2024-05-06,0,25,"folio",FALSE,25,15086,16913
2024-05-07,0,10,"folio",FALSE,10,15096,16923
2024-05-08,2,28,"folio",FALSE,26,15122,16951
2024-05-09,0,23,"folio",FALSE,23,15145,16974
2024-05-10,0,8,"folio",FALSE,8,15153,16982
2024-05-11,0,8,"folio",FALSE,8,15161,16990
2024-05-12,0,19,"folio",FALSE,19,15180,17009
2024-05-13,0,11,"folio",FALSE,11,15191,17020
2024-05-14,0,8,"folio",FALSE,8,15199,17028
2024-05-15,2,29,"folio",FALSE,27,15226,17057
2024-05-16,0,6,"folio",FALSE,6,15232,17063
2024-05-17,0,9,"folio",FALSE,9,15241,17072
2024-05-18,0,4,"folio",FALSE,4,15245,17076
2024-05-19,0,13,"folio",FALSE,13,15258,17089
2024-05-20,0,3,"folio",FALSE,3,15261,17092
2024-05-21,0,6,"folio",FALSE,6,15267,17098
2024-05-22,2,36,"folio",FALSE,34,15301,17134
2024-05-23,0,3,"folio",FALSE,3,15304,17137
2024-05-24,0,4,"folio",FALSE,4,15308,17141
2024-05-25,0,15,"folio",FALSE,15,15323,17156
2024-05-26,0,16,"folio",FALSE,16,15339,17172
2024-05-27,0,5,"folio",FALSE,5,15344,17177
2024-05-28,0,5,"folio",FALSE,5,15349,17182
2024-05-29,3,35,"folio",FALSE,32,15381,17217
2024-05-30,0,14,"folio",FALSE,14,15395,17231
2024-05-31,0,8,"folio",FALSE,8,15403,17239
2024-06-01,0,16,"folio",FALSE,16,15419,17255
2024-06-02,0,4,"folio",FALSE,4,15423,17259
2024-06-03,0,6,"folio",FALSE,6,15429,17265
2024-06-04,0,36,"folio",FALSE,36,15465,17301
2024-06-05,2,22,"folio",FALSE,20,15485,17323
2024-06-06,0,4,"folio",FALSE,4,15489,17327
2024-06-07,0,16,"folio",FALSE,16,15505,17343
2024-06-08,0,10,"folio",FALSE,10,15515,17353
2024-06-09,0,4,"folio",FALSE,4,15519,17357
2024-06-10,0,16,"folio",FALSE,16,15535,17373
2024-06-11,0,10,"folio",FALSE,10,15545,17383
2024-06-12,2,17,"folio",FALSE,15,15560,17400
2024-06-13,0,17,"folio",FALSE,17,15577,17417
2024-06-14,0,4,"folio",FALSE,4,15581,17421
2024-06-15,0,5,"folio",FALSE,5,15586,17426
2024-06-16,0,21,"folio",FALSE,21,15607,17447
2024-06-17,0,8,"folio",FALSE,8,15615,17455
2024-06-18,0,5,"folio",FALSE,5,15620,17460
2024-06-19,2,26,"folio",FALSE,24,15644,17486
2024-06-20,0,3,"folio",FALSE,3,15647,17489
2024-06-21,0,10,"folio",FALSE,10,15657,17499
2024-06-22,0,24,"folio",FALSE,24,15681,17523
2024-06-23,0,5,"folio",FALSE,5,15686,17528
2024-06-24,0,15,"folio",FALSE,15,15701,17543
2024-06-25,0,18,"folio",FALSE,18,15719,17561
2024-06-26,0,14,"folio",FALSE,14,15733,17575
2024-06-27,0,10,"folio",FALSE,10,15743,17585
2024-06-28,0,17,"folio",FALSE,17,15760,17602
2024-06-29,0,3,"folio",FALSE,3,15763,17605
2024-06-30,0,2,"folio",FALSE,2,15765,17607
2024-07-01,0,24,"folio",FALSE,24,15789,17631
2024-07-02,0,7,"folio",FALSE,7,15796,17638
2024-07-03,2,15,"folio",FALSE,13,15809,17653
2024-07-04,0,22,"folio",FALSE,22,15831,17675
2024-07-05,0,10,"folio",FALSE,10,15841,17685
2024-07-06,0,3,"folio",FALSE,3,15844,17688
2024-07-07,0,1,"folio",FALSE,1,15845,17689
2024-07-08,0,19,"folio",FALSE,19,15864,17708
2024-07-09,0,6,"folio",FALSE,6,15870,17714
2024-07-10,0,15,"folio",FALSE,15,15885,17729
2024-07-11,0,7,"folio",FALSE,7,15892,17736
2024-07-12,0,4,"folio",FALSE,4,15896,17740
2024-07-13,0,2,"folio",FALSE,2,15898,17742
2024-07-14,0,4,"folio",FALSE,4,15902,17746
2024-07-15,0,8,"folio",FALSE,8,15910,17754
2024-07-16,0,10,"folio",FALSE,10,15920,17764
2024-07-17,3,21,"folio",FALSE,18,15938,17785
2024-07-18,0,9,"folio",FALSE,9,15947,17794
2024-07-19,0,4,"folio",FALSE,4,15951,17798
2024-07-20,0,6,"folio",FALSE,6,15957,17804
2024-07-21,0,8,"folio",FALSE,8,15965,17812
2024-07-22,0,13,"folio",FALSE,13,15978,17825
2024-07-23,0,31,"folio",FALSE,31,16009,17856
2024-07-24,2,32,"folio",FALSE,30,16039,17888
2024-07-25,0,4,"folio",FALSE,4,16043,17892
2024-07-26,0,23,"folio",FALSE,23,16066,17915
2024-07-27,0,2,"folio",FALSE,2,16068,17917
2024-07-28,0,3,"folio",FALSE,3,16071,17920
2024-07-29,0,18,"folio",FALSE,18,16089,17938
2024-07-30,0,18,"folio",FALSE,18,16107,17956
2024-07-31,0,12,"folio",FALSE,12,16119,17968
2024-08-01,1,27,"folio",FALSE,26,16145,17995
2024-08-02,0,4,"folio",FALSE,4,16149,17999
2024-08-03,0,8,"folio",FALSE,8,16157,18007
2024-08-04,0,14,"folio",FALSE,14,16171,18021
2024-08-05,0,8,"folio",FALSE,8,16179,18029
2024-08-06,0,9,"folio",FALSE,9,16188,18038
2024-08-07,0,23,"folio",FALSE,23,16211,18061
2024-08-08,2,14,"folio",FALSE,12,16223,18075
2024-08-09,0,3,"folio",FALSE,3,16226,18078
2024-08-10,0,15,"folio",FALSE,15,16241,18093
2024-08-11,0,18,"folio",FALSE,18,16259,18111
2024-08-12,0,18,"folio",FALSE,18,16277,18129
2024-08-13,0,15,"folio",FALSE,15,16292,18144
2024-08-14,0,18,"folio",FALSE,18,16310,18162
2024-08-15,2,29,"folio",FALSE,27,16337,18191
2024-08-16,0,26,"folio",FALSE,26,16363,18217
2024-08-17,0,16,"folio",FALSE,16,16379,18233
2024-08-18,0,14,"folio",FALSE,14,16393,18247
2024-08-19,0,16,"folio",FALSE,16,16409,18263
2024-08-20,0,18,"folio",FALSE,18,16427,18281
2024-08-21,0,22,"folio",FALSE,22,16449,18303
2024-08-22,0,35,"folio",FALSE,35,16484,18338
2024-08-23,0,21,"folio",FALSE,21,16505,18359
2024-08-24,0,23,"folio",FALSE,23,16528,18382
2024-08-25,0,5,"folio",FALSE,5,16533,18387
2024-08-26,0,13,"folio",FALSE,13,16546,18400
2024-08-27,0,18,"folio",FALSE,18,16564,18418
2024-08-28,2,17,"folio",FALSE,15,16579,18435
2024-08-29,0,9,"folio",FALSE,9,16588,18444
2024-08-30,0,15,"folio",FALSE,15,16603,18459
2024-08-31,0,1,"folio",FALSE,1,16604,18460
2024-09-01,0,3,"folio",FALSE,3,16607,18463
2024-09-02,0,18,"folio",FALSE,18,16625,18481
2024-09-03,0,36,"folio",TRUE,1,16626,18517
2024-09-04,2,37,"folio",FALSE,1,16627,18554
2024-09-05,0,57,"folio",FALSE,57,16684,18611
2024-09-06,0,12,"folio",FALSE,12,16696,18623
2024-09-07,0,4,"folio",FALSE,4,16700,18627
2024-09-08,0,29,"folio",FALSE,29,16729,18656
2024-09-09,0,16,"folio",FALSE,16,16745,18672
2024-09-10,0,14,"folio",FALSE,14,16759,18686
2024-09-11,3,56,"folio",FALSE,53,16812,18742
2024-09-12,0,18,"folio",FALSE,18,16830,18760
2024-09-13,0,5,"folio",FALSE,5,16835,18765
2024-09-14,0,29,"folio",FALSE,29,16864,18794
2024-09-15,0,6,"folio",FALSE,6,16870,18800
2024-09-16,0,9,"folio",FALSE,9,16879,18809
2024-09-17,0,26,"folio",FALSE,26,16905,18835
2024-09-18,2,18,"folio",FALSE,16,16921,18853
2024-09-19,0,6,"folio",FALSE,6,16927,18859
2024-09-20,0,26,"folio",FALSE,26,16953,18885
2024-09-21,0,19,"folio",FALSE,19,16972,18904
2024-09-22,0,3,"folio",FALSE,3,16975,18907
2024-09-23,0,26,"folio",FALSE,26,17001,18933
2024-09-24,0,18,"folio",FALSE,18,17019,18951
2024-09-25,0,12,"folio",FALSE,12,17031,18963
2024-09-26,1,38,"folio",FALSE,37,17068,19001
2024-09-27,0,9,"folio",FALSE,9,17077,19010
2024-09-28,1,11,"folio",FALSE,10,17087,19021
2024-09-29,0,0,"folio",FALSE,0,17087,19021
2024-09-30,0,0,"folio",FALSE,0,17087,19021
2023-05-15,2,0,"isopleuros",FALSE,0,0,0
2023-05-16,0,6,"isopleuros",TRUE,1,1,6
2023-05-17,2,9,"isopleuros",FALSE,1,2,15
2023-05-18,0,9,"isopleuros",FALSE,9,11,24
2023-05-19,0,1,"isopleuros",FALSE,1,12,25
2023-05-20,0,34,"isopleuros",FALSE,34,46,59
2023-05-21,0,3,"isopleuros",FALSE,3,49,62
2023-05-22,0,11,"isopleuros",FALSE,11,60,73
2023-05-23,0,7,"isopleuros",FALSE,7,67,80
2023-05-24,2,17,"isopleuros",FALSE,15,82,97
2023-05-25,0,6,"isopleuros",FALSE,6,88,103
2023-05-26,0,6,"isopleuros",FALSE,6,94,109
2023-05-27,0,3,"isopleuros",FALSE,3,97,112
2023-05-28,0,4,"isopleuros",FALSE,4,101,116
2023-05-29,0,3,"isopleuros",FALSE,3,104,119
2023-05-30,0,5,"isopleuros",FALSE,5,109,124
2023-05-31,0,6,"isopleuros",FALSE,6,115,130
2023-06-01,1,9,"isopleuros",FALSE,8,123,139
2023-06-02,0,10,"isopleuros",FALSE,10,133,149
2023-06-03,0,1,"isopleuros",FALSE,1,134,150
2023-06-04,0,5,"isopleuros",FALSE,5,139,155
2023-06-05,0,2,"isopleuros",FALSE,2,141,157
2023-06-06,0,4,"isopleuros",FALSE,4,145,161
2023-06-07,0,2,"isopleuros",FALSE,2,147,163
2023-06-08,2,8,"isopleuros",FALSE,6,153,171
2023-06-09,0,5,"isopleuros",FALSE,5,158,176
2023-06-10,0,5,"isopleuros",FALSE,5,163,181
2023-06-11,0,5,"isopleuros",FALSE,5,168,186
2023-06-12,0,6,"isopleuros",FALSE,6,174,192
2023-06-13,0,5,"isopleuros",FALSE,5,179,197
2023-06-14,0,4,"isopleuros",FALSE,4,183,201
2023-06-15,2,2,"isopleuros",FALSE,0,183,203
2023-06-16,0,6,"isopleuros",FALSE,6,189,209
2023-06-17,0,13,"isopleuros",FALSE,13,202,222
2023-06-18,0,3,"isopleuros",FALSE,3,205,225
2023-06-19,0,6,"isopleuros",FALSE,6,211,231
2023-06-20,0,6,"isopleuros",FALSE,6,217,237
2023-06-21,2,8,"isopleuros",FALSE,6,223,245
2023-06-22,0,3,"isopleuros",FALSE,3,226,248
2023-06-23,0,3,"isopleuros",FALSE,3,229,251
2023-06-24,0,8,"isopleuros",FALSE,8,237,259
2023-06-25,0,6,"isopleuros",FALSE,6,243,265
2023-06-26,0,5,"isopleuros",FALSE,5,248,270
2023-06-27,0,6,"isopleuros",FALSE,6,254,276
2023-06-28,2,7,"isopleuros",FALSE,5,259,283
2023-06-29,0,9,"isopleuros",FALSE,9,268,292
2023-06-30,0,10,"isopleuros",FALSE,10,278,302
2023-07-01,0,5,"isopleuros",FALSE,5,283,307
2023-07-02,0,2,"isopleuros",FALSE,2,285,309
2023-07-03,0,8,"isopleuros",FALSE,8,293,317
2023-07-04,0,9,"isopleuros",FALSE,9,302,326
2023-07-05,1,13,"isopleuros",FALSE,12,314,339
2023-07-06,0,10,"isopleuros",FALSE,10,324,349
2023-07-07,0,10,"isopleuros",FALSE,10,334,359
2023-07-08,0,4,"isopleuros",FALSE,4,338,363
2023-07-09,0,2,"isopleuros",FALSE,2,340,365
2023-07-10,0,7,"isopleuros",FALSE,7,347,372
2023-07-11,0,4,"isopleuros",FALSE,4,351,376
2023-07-12,2,7,"isopleuros",FALSE,5,356,383
2023-07-13,0,1,"isopleuros",FALSE,1,357,384
2023-07-14,0,4,"isopleuros",FALSE,4,361,388
2023-07-15,0,1,"isopleuros",FALSE,1,362,389
2023-07-16,0,2,"isopleuros",FALSE,2,364,391
2023-07-17,0,3,"isopleuros",FALSE,3,367,394
2023-07-18,0,6,"isopleuros",FALSE,6,373,400
2023-07-19,2,4,"isopleuros",FALSE,2,375,404
2023-07-20,0,1,"isopleuros",FALSE,1,376,405
2023-07-21,0,4,"isopleuros",FALSE,4,380,409
2023-07-22,0,4,"isopleuros",FALSE,4,384,413
2023-07-23,0,2,"isopleuros",FALSE,2,386,415
2023-07-24,0,2,"isopleuros",FALSE,2,388,417
2023-07-25,0,10,"isopleuros",FALSE,10,398,427
2023-07-26,3,5,"isopleuros",FALSE,2,400,432
2023-07-27,0,4,"isopleuros",FALSE,4,404,436
2023-07-28,0,4,"isopleuros",FALSE,4,408,440
2023-07-29,0,2,"isopleuros",FALSE,2,410,442
2023-07-30,0,2,"isopleuros",FALSE,2,412,444
2023-07-31,0,1,"isopleuros",FALSE,1,413,445
2023-08-01,0,7,"isopleuros",FALSE,7,420,452
2023-08-02,0,5,"isopleuros",FALSE,5,425,457
2023-08-03,2,3,"isopleuros",FALSE,1,426,460
2023-08-04,0,7,"isopleuros",FALSE,7,433,467
2023-08-05,0,2,"isopleuros",FALSE,2,435,469
2023-08-06,0,8,"isopleuros",FALSE,8,443,477
2023-08-07,0,3,"isopleuros",FALSE,3,446,480
2023-08-08,0,6,"isopleuros",FALSE,6,452,486
2023-08-09,2,4,"isopleuros",FALSE,2,454,490
2023-08-10,0,4,"isopleuros",FALSE,4,458,494
2023-08-11,0,4,"isopleuros",FALSE,4,462,498
2023-08-12,0,1,"isopleuros",FALSE,1,463,499
2023-08-13,0,1,"isopleuros",FALSE,1,464,500
2023-08-14,0,5,"isopleuros",FALSE,5,469,505
2023-08-15,0,6,"isopleuros",FALSE,6,475,511
2023-08-16,2,5,"isopleuros",FALSE,3,478,516
2023-08-17,0,5,"isopleuros",FALSE,5,483,521
2023-08-18,0,4,"isopleuros",FALSE,4,487,525
2023-08-19,0,6,"isopleuros",FALSE,6,493,531
2023-08-20,0,3,"isopleuros",FALSE,3,496,534
2023-08-21,0,1,"isopleuros",FALSE,1,497,535
2023-08-22,0,1,"isopleuros",FALSE,1,498,536
2023-08-23,2,5,"isopleuros",FALSE,3,501,541
2023-08-24,0,7,"isopleuros",FALSE,7,508,548
2023-08-25,0,7,"isopleuros",FALSE,7,515,555
2023-08-26,0,2,"isopleuros",FALSE,2,517,557
2023-08-27,0,3,"isopleuros",FALSE,3,520,560
2023-08-28,0,4,"isopleuros",FALSE,4,524,564
2023-08-29,0,3,"isopleuros",FALSE,3,527,567
2023-08-30,2,5,"isopleuros",FALSE,3,530,572
2023-08-31,0,4,"isopleuros",FALSE,4,534,576
2023-09-01,0,3,"isopleuros",FALSE,3,537,579
2023-09-02,0,1,"isopleuros",FALSE,1,538,580
2023-09-03,0,5,"isopleuros",FALSE,5,543,585
2023-09-04,0,4,"isopleuros",FALSE,4,547,589
2023-09-05,0,7,"isopleuros",FALSE,7,554,596
2023-09-06,1,3,"isopleuros",FALSE,2,556,599
2023-09-07,0,4,"isopleuros",FALSE,4,560,603
2023-09-08,0,3,"isopleuros",FALSE,3,563,606
2023-09-09,0,4,"isopleuros",FALSE,4,567,610
2023-09-10,0,5,"isopleuros",FALSE,5,572,615
2023-09-11,0,5,"isopleuros",FALSE,5,577,620
2023-09-12,0,4,"isopleuros",FALSE,4,581,624
2023-09-13,0,6,"isopleuros",FALSE,6,587,630
2023-09-14,0,7,"isopleuros",FALSE,7,594,637
2023-09-15,0,12,"isopleuros",FALSE,12,606,649
2023-09-16,0,2,"isopleuros",FALSE,2,608,651
2023-09-17,0,1,"isopleuros",FALSE,1,609,652
2023-09-18,0,4,"isopleuros",FALSE,4,613,656
2023-09-19,0,9,"isopleuros",FALSE,9,622,665
2023-09-20,0,5,"isopleuros",FALSE,5,627,670
2023-09-21,0,3,"isopleuros",FALSE,3,630,673
2023-09-22,0,5,"isopleuros",FALSE,5,635,678
2023-09-23,0,2,"isopleuros",FALSE,2,637,680
2023-09-24,0,4,"isopleuros",FALSE,4,641,684
2023-09-25,0,3,"isopleuros",FALSE,3,644,687
2023-09-26,0,2,"isopleuros",FALSE,2,646,689
2023-09-27,2,7,"isopleuros",FALSE,5,651,696
2023-09-28,0,6,"isopleuros",FALSE,6,657,702
2023-09-29,0,4,"isopleuros",FALSE,4,661,706
2023-09-30,0,3,"isopleuros",FALSE,3,664,709
2023-10-01,0,2,"isopleuros",FALSE,2,666,711
2023-10-02,0,4,"isopleuros",FALSE,4,670,715
2023-10-03,0,2,"isopleuros",FALSE,2,672,717
2023-10-04,1,6,"isopleuros",FALSE,5,677,723
2023-10-05,0,7,"isopleuros",FALSE,7,684,730
2023-10-06,0,8,"isopleuros",FALSE,8,692,738
2023-10-07,0,1,"isopleuros",FALSE,1,693,739
2023-10-08,0,2,"isopleuros",FALSE,2,695,741
2023-10-09,0,4,"isopleuros",FALSE,4,699,745
2023-10-10,0,5,"isopleuros",FALSE,5,704,750
2023-10-11,0,2,"isopleuros",FALSE,2,706,752
2023-10-12,0,2,"isopleuros",FALSE,2,708,754
2023-10-13,0,1,"isopleuros",FALSE,1,709,755
2023-10-14,0,5,"isopleuros",FALSE,5,714,760
2023-10-15,0,2,"isopleuros",FALSE,2,716,762
2023-10-16,0,8,"isopleuros",FALSE,8,724,770
2023-10-17,0,5,"isopleuros",FALSE,5,729,775
2023-10-18,1,7,"isopleuros",FALSE,6,735,782
2023-10-19,0,7,"isopleuros",FALSE,7,742,789
2023-10-20,0,6,"isopleuros",FALSE,6,748,795
2023-10-21,0,4,"isopleuros",FALSE,4,752,799
2023-10-22,0,4,"isopleuros",FALSE,4,756,803
2023-10-23,0,8,"isopleuros",FALSE,8,764,811
2023-10-24,0,2,"isopleuros",FALSE,2,766,813
2023-10-25,1,4,"isopleuros",FALSE,3,769,817
2023-10-26,0,10,"isopleuros",FALSE,10,779,827
2023-10-27,0,11,"isopleuros",FALSE,11,790,838
2023-10-28,0,9,"isopleuros",FALSE,9,799,847
2023-10-29,0,2,"isopleuros",FALSE,2,801,849
2023-10-30,0,2,"isopleuros",FALSE,2,803,851
2023-10-31,0,9,"isopleuros",FALSE,9,812,860
2023-11-01,1,9,"isopleuros",FALSE,8,820,869
2023-11-02,0,12,"isopleuros",FALSE,12,832,881
2023-11-03,0,13,"isopleuros",FALSE,13,845,894
2023-11-04,0,1,"isopleuros",FALSE,1,846,895
2023-11-05,0,3,"isopleuros",FALSE,3,849,898
2023-11-06,0,9,"isopleuros",FALSE,9,858,907
2023-11-07,0,6,"isopleuros",FALSE,6,864,913
2023-11-08,2,8,"isopleuros",FALSE,6,870,921
2023-11-09,0,9,"isopleuros",FALSE,9,879,930
2023-11-10,0,2,"isopleuros",FALSE,2,881,932
2023-11-11,0,3,"isopleuros",FALSE,3,884,935
2023-11-12,0,2,"isopleuros",FALSE,2,886,937
2023-11-13,0,7,"isopleuros",FALSE,7,893,944
2023-11-14,0,3,"isopleuros",FALSE,3,896,947
2023-11-15,2,9,"isopleuros",FALSE,7,903,956
2023-11-16,0,3,"isopleuros",FALSE,3,906,959
2023-11-17,0,6,"isopleuros",FALSE,6,912,965
2023-11-18,0,5,"isopleuros",FALSE,5,917,970
2023-11-19,0,7,"isopleuros",FALSE,7,924,977
2023-11-20,0,12,"isopleuros",FALSE,12,936,989
2023-11-21,0,3,"isopleuros",FALSE,3,939,992
2023-11-22,1,9,"isopleuros",FALSE,8,947,1001
2023-11-23,0,3,"isopleuros",FALSE,3,950,1004
2023-11-24,0,5,"isopleuros",FALSE,5,955,1009
2023-11-25,0,6,"isopleuros",FALSE,6,961,1015
2023-11-26,0,1,"isopleuros",FALSE,1,962,1016
2023-11-27,0,5,"isopleuros",FALSE,5,967,1021
2023-11-28,0,4,"isopleuros",FALSE,4,971,1025
2023-11-29,3,5,"isopleuros",FALSE,2,973,1030
2023-11-30,0,10,"isopleuros",FALSE,10,983,1040
2023-12-01,0,7,"isopleuros",FALSE,7,990,1047
2023-12-02,0,1,"isopleuros",FALSE,1,991,1048
2023-12-03,0,6,"isopleuros",FALSE,6,997,1054
2023-12-04,0,2,"isopleuros",FALSE,2,999,1056
2023-12-05,0,3,"isopleuros",FALSE,3,1002,1059
2023-12-06,2,7,"isopleuros",FALSE,5,1007,1066
2023-12-07,0,9,"isopleuros",FALSE,9,1016,1075
2023-12-08,0,6,"isopleuros",FALSE,6,1022,1081
2023-12-09,0,6,"isopleuros",FALSE,6,1028,1087
2023-12-10,0,3,"isopleuros",FALSE,3,1031,1090
2023-12-11,0,29,"isopleuros",TRUE,1,1032,1119
2023-12-12,0,21,"isopleuros",FALSE,1,1033,1140
2023-12-13,0,16,"isopleuros",FALSE,16,1049,1156
2023-12-14,0,33,"isopleuros",FALSE,33,1082,1189
2023-12-15,2,17,"isopleuros",FALSE,15,1097,1206
2023-12-16,0,6,"isopleuros",FALSE,6,1103,1212
2023-12-17,0,6,"isopleuros",FALSE,6,1109,1218
2023-12-18,0,13,"isopleuros",FALSE,13,1122,1231
2023-12-19,0,14,"isopleuros",FALSE,14,1136,1245
2023-12-20,0,16,"isopleuros",FALSE,16,1152,1261
2023-12-21,0,12,"isopleuros",FALSE,12,1164,1273
2023-12-22,0,9,"isopleuros",FALSE,9,1173,1282
2023-12-23,0,2,"isopleuros",FALSE,2,1175,1284
2023-12-24,0,10,"isopleuros",FALSE,10,1185,1294
2023-12-25,0,6,"isopleuros",FALSE,6,1191,1300
2023-12-26,0,5,"isopleuros",FALSE,5,1196,1305
2023-12-27,2,5,"isopleuros",FALSE,3,1199,1310
2023-12-28,0,4,"isopleuros",FALSE,4,1203,1314
2023-12-29,0,6,"isopleuros",FALSE,6,1209,1320
2023-12-30,0,3,"isopleuros",FALSE,3,1212,1323
2023-12-31,0,1,"isopleuros",FALSE,1,1213,1324
2024-01-01,0,7,"isopleuros",FALSE,7,1220,1331
2024-01-02,0,3,"isopleuros",FALSE,3,1223,1334
2024-01-03,1,9,"isopleuros",FALSE,8,1231,1343
2024-01-04,0,3,"isopleuros",FALSE,3,1234,1346
2024-01-05,0,2,"isopleuros",FALSE,2,1236,1348
2024-01-06,0,4,"isopleuros",FALSE,4,1240,1352
2024-01-07,0,5,"isopleuros",FALSE,5,1245,1357
2024-01-08,0,15,"isopleuros",TRUE,1,1246,1372
2024-01-09,0,8,"isopleuros",FALSE,1,1247,1380
2024-01-10,2,17,"isopleuros",FALSE,15,1262,1397
2024-01-11,0,39,"isopleuros",FALSE,39,1301,1436
2024-01-12,0,38,"isopleuros",FALSE,38,1339,1474
2024-01-13,0,7,"isopleuros",FALSE,7,1346,1481
2024-01-14,0,19,"isopleuros",FALSE,19,1365,1500
2024-01-15,0,11,"isopleuros",FALSE,11,1376,1511
2024-01-16,0,16,"isopleuros",FALSE,16,1392,1527
2024-01-17,2,22,"isopleuros",FALSE,20,1412,1549
2024-01-18,0,13,"isopleuros",FALSE,13,1425,1562
2024-01-19,0,6,"isopleuros",FALSE,6,1431,1568
2024-01-20,0,6,"isopleuros",FALSE,6,1437,1574
2024-01-21,0,4,"isopleuros",FALSE,4,1441,1578
2024-01-22,0,7,"isopleuros",FALSE,7,1448,1585
2024-01-23,0,15,"isopleuros",FALSE,15,1463,1600
2024-01-24,10,89,"isopleuros",FALSE,79,1542,1689
2024-01-25,1,81,"isopleuros",FALSE,80,1622,1770
2024-01-26,0,4,"isopleuros",FALSE,4,1626,1774
2024-01-27,0,2,"isopleuros",FALSE,2,1628,1776
2024-01-28,0,2,"isopleuros",FALSE,2,1630,1778
2024-01-29,0,18,"isopleuros",FALSE,18,1648,1796
2024-01-30,0,18,"isopleuros",FALSE,18,1666,1814
2024-01-31,2,14,"isopleuros",FALSE,12,1678,1828
2024-02-01,0,3,"isopleuros",FALSE,3,1681,1831
2024-02-02,0,8,"isopleuros",FALSE,8,1689,1839
2024-02-03,0,16,"isopleuros",FALSE,16,1705,1855
2024-02-04,0,2,"isopleuros",FALSE,2,1707,1857
2024-02-05,0,8,"isopleuros",FALSE,8,1715,1865
2024-02-06,0,3,"isopleuros",FALSE,3,1718,1868
2024-02-07,2,10,"isopleuros",FALSE,8,1726,1878
2024-02-08,0,6,"isopleuros",FALSE,6,1732,1884
2024-02-09,0,3,"isopleuros",FALSE,3,1735,1887
2024-02-10,0,1,"isopleuros",FALSE,1,1736,1888
2024-02-11,0,3,"isopleuros",FALSE,3,1739,1891
2024-02-12,0,8,"isopleuros",FALSE,8,1747,1899
2024-02-13,0,11,"isopleuros",FALSE,11,1758,1910
2024-02-14,2,8,"isopleuros",FALSE,6,1764,1918
2024-02-15,0,3,"isopleuros",FALSE,3,1767,1921
2024-02-16,0,4,"isopleuros",FALSE,4,1771,1925
2024-02-17,0,4,"isopleuros",FALSE,4,1775,1929
2024-02-18,0,6,"isopleuros",FALSE,6,1781,1935
2024-02-19,0,2,"isopleuros",FALSE,2,1783,1937
2024-02-20,0,6,"isopleuros",FALSE,6,1789,1943
2024-02-21,2,7,"isopleuros",FALSE,5,1794,1950
2024-02-22,0,7,"isopleuros",FALSE,7,1801,1957
2024-02-23,0,10,"isopleuros",FALSE,10,1811,1967
2024-02-24,0,4,"isopleuros",FALSE,4,1815,1971
2024-02-25,0,5,"isopleuros",FALSE,5,1820,1976
2024-02-26,0,11,"isopleuros",FALSE,11,1831,1987
2024-02-27,0,11,"isopleuros",FALSE,11,1842,1998
2024-02-28,2,12,"isopleuros",FALSE,10,1852,2010
2024-02-29,0,4,"isopleuros",FALSE,4,1856,2014
2024-03-01,1,8,"isopleuros",FALSE,7,1863,2022
2024-03-02,0,5,"isopleuros",FALSE,5,1868,2027
2024-03-03,0,3,"isopleuros",FALSE,3,1871,2030
2024-03-04,0,6,"isopleuros",FALSE,6,1877,2036
2024-03-05,0,6,"isopleuros",FALSE,6,1883,2042
2024-03-06,1,8,"isopleuros",FALSE,7,1890,2050
2024-03-07,0,8,"isopleuros",FALSE,8,1898,2058
2024-03-08,0,8,"isopleuros",FALSE,8,1906,2066
2024-03-09,0,6,"isopleuros",FALSE,6,1912,2072
2024-03-10,0,5,"isopleuros",FALSE,5,1917,2077
2024-03-11,0,2,"isopleuros",FALSE,2,1919,2079
2024-03-12,0,5,"isopleuros",FALSE,5,1924,2084
2024-03-13,2,11,"isopleuros",FALSE,9,1933,2095
2024-03-14,0,11,"isopleuros",FALSE,11,1944,2106
2024-03-15,0,8,"isopleuros",FALSE,8,1952,2114
2024-03-16,0,9,"isopleuros",FALSE,9,1961,2123
2024-03-17,0,5,"isopleuros",FALSE,5,1966,2128
2024-03-18,0,4,"isopleuros",FALSE,4,1970,2132
2024-03-19,0,5,"isopleuros",FALSE,5,1975,2137
2024-03-20,0,8,"isopleuros",FALSE,8,1983,2145
2024-03-21,2,11,"isopleuros",FALSE,9,1992,2156
2024-03-22,0,8,"isopleuros",FALSE,8,2000,2164
2024-03-23,0,6,"isopleuros",FALSE,6,2006,2170
2024-03-24,0,7,"isopleuros",FALSE,7,2013,2177
2024-03-25,0,4,"isopleuros",FALSE,4,2017,2181
2024-03-26,0,9,"isopleuros",FALSE,9,2026,2190
2024-03-27,2,11,"isopleuros",FALSE,9,2035,2201
2024-03-28,0,7,"isopleuros",FALSE,7,2042,2208
2024-03-29,0,8,"isopleuros",FALSE,8,2050,2216
2024-03-30,0,7,"isopleuros",FALSE,7,2057,2223
2024-03-31,0,8,"isopleuros",FALSE,8,2065,2231
2024-04-01,0,5,"isopleuros",FALSE,5,2070,2236
2024-04-02,0,3,"isopleuros",FALSE,3,2073,2239
2024-04-03,2,10,"isopleuros",FALSE,8,2081,2249
2024-04-04,0,12,"isopleuros",FALSE,12,2093,2261
2024-04-05,0,5,"isopleuros",FALSE,5,2098,2266
2024-04-06,0,1,"isopleuros",FALSE,1,2099,2267
2024-04-07,0,8,"isopleuros",FALSE,8,2107,2275
2024-04-08,0,2,"isopleuros",FALSE,2,2109,2277
2024-04-09,0,11,"isopleuros",FALSE,11,2120,2288
2024-04-10,2,14,"isopleuros",FALSE,12,2132,2302
2024-04-11,0,2,"isopleuros",FALSE,2,2134,2304
2024-04-12,0,3,"isopleuros",FALSE,3,2137,2307
2024-04-13,0,10,"isopleuros",FALSE,10,2147,2317
2024-04-14,0,2,"isopleuros",FALSE,2,2149,2319
2024-04-15,0,5,"isopleuros",FALSE,5,2154,2324
2024-04-16,0,5,"isopleuros",FALSE,5,2159,2329
2024-04-17,2,15,"isopleuros",FALSE,13,2172,2344
2024-04-18,0,6,"isopleuros",FALSE,6,2178,2350
2024-04-19,0,1,"isopleuros",FALSE,1,2179,2351
2024-04-20,0,4,"isopleuros",FALSE,4,2183,2355
2024-04-21,0,7,"isopleuros",FALSE,7,2190,2362
2024-04-22,0,14,"isopleuros",FALSE,14,2204,2376
2024-04-23,0,8,"isopleuros",FALSE,8,2212,2384
2024-04-24,0,9,"isopleuros",FALSE,9,2221,2393
2024-04-25,0,11,"isopleuros",FALSE,11,2232,2404
2024-04-26,0,9,"isopleuros",FALSE,9,2241,2413
2024-04-27,0,7,"isopleuros",FALSE,7,2248,2420
2024-04-28,0,10,"isopleuros",FALSE,10,2258,2430
2024-04-29,0,9,"isopleuros",FALSE,9,2267,2439
2024-04-30,0,8,"isopleuros",FALSE,8,2275,2447
2024-05-01,2,12,"isopleuros",FALSE,10,2285,2459
2024-05-02,0,10,"isopleuros",FALSE,10,2295,2469
2024-05-03,0,7,"isopleuros",FALSE,7,2302,2476
2024-05-04,0,6,"isopleuros",FALSE,6,2308,2482
2024-05-05,0,2,"isopleuros",FALSE,2,2310,2484
2024-05-06,0,11,"isopleuros",FALSE,11,2321,2495
2024-05-07,0,6,"isopleuros",FALSE,6,2327,2501
2024-05-08,2,15,"isopleuros",FALSE,13,2340,2516
2024-05-09,0,5,"isopleuros",FALSE,5,2345,2521
2024-05-10,0,8,"isopleuros",FALSE,8,2353,2529
2024-05-11,0,3,"isopleuros",FALSE,3,2356,2532
2024-05-12,0,5,"isopleuros",FALSE,5,2361,2537
2024-05-13,0,5,"isopleuros",FALSE,5,2366,2542
2024-05-14,0,7,"isopleuros",FALSE,7,2373,2549
2024-05-15,2,11,"isopleuros",FALSE,9,2382,2560
2024-05-16,0,5,"isopleuros",FALSE,5,2387,2565
2024-05-17,0,6,"isopleuros",FALSE,6,2393,2571
2024-05-18,0,4,"isopleuros",FALSE,4,2397,2575
2024-05-19,0,1,"isopleuros",FALSE,1,2398,2576
2024-05-20,0,3,"isopleuros",FALSE,3,2401,2579
2024-05-21,0,6,"isopleuros",FALSE,6,2407,2585
2024-05-22,2,20,"isopleuros",FALSE,18,2425,2605
2024-05-23,0,6,"isopleuros",FALSE,6,2431,2611
2024-05-24,0,2,"isopleuros",FALSE,2,2433,2613
2024-05-25,0,3,"isopleuros",FALSE,3,2436,2616
2024-05-26,0,3,"isopleuros",FALSE,3,2439,2619
2024-05-27,0,6,"isopleuros",FALSE,6,2445,2625
2024-05-28,0,3,"isopleuros",FALSE,3,2448,2628
2024-05-29,3,9,"isopleuros",FALSE,6,2454,2637
2024-05-30,0,11,"isopleuros",FALSE,11,2465,2648
2024-05-31,0,13,"isopleuros",FALSE,13,2478,2661
2024-06-01,0,3,"isopleuros",FALSE,3,2481,2664
2024-06-02,0,5,"isopleuros",FALSE,5,2486,2669
2024-06-03,0,7,"isopleuros",FALSE,7,2493,2676
2024-06-04,0,17,"isopleuros",FALSE,17,2510,2693
2024-06-05,2,18,"isopleuros",FALSE,16,2526,2711
2024-06-06,0,6,"isopleuros",FALSE,6,2532,2717
2024-06-07,0,2,"isopleuros",FALSE,2,2534,2719
2024-06-08,0,7,"isopleuros",FALSE,7,2541,2726
2024-06-09,0,1,"isopleuros",FALSE,1,2542,2727
2024-06-10,0,2,"isopleuros",FALSE,2,2544,2729
2024-06-11,0,7,"isopleuros",FALSE,7,2551,2736
2024-06-12,2,7,"isopleuros",FALSE,5,2556,2743
2024-06-13,0,4,"isopleuros",FALSE,4,2560,2747
2024-06-14,0,11,"isopleuros",FALSE,11,2571,2758
2024-06-15,0,3,"isopleuros",FALSE,3,2574,2761
2024-06-16,0,5,"isopleuros",FALSE,5,2579,2766
2024-06-17,0,7,"isopleuros",FALSE,7,2586,2773
2024-06-18,0,4,"isopleuros",FALSE,4,2590,2777
2024-06-19,2,14,"isopleuros",FALSE,12,2602,2791
2024-06-20,0,2,"isopleuros",FALSE,2,2604,2793
2024-06-21,0,7,"isopleuros",FALSE,7,2611,2800
2024-06-22,0,4,"isopleuros",FALSE,4,2615,2804
2024-06-23,0,5,"isopleuros",FALSE,5,2620,2809
2024-06-24,0,7,"isopleuros",FALSE,7,2627,2816
2024-06-25,0,7,"isopleuros",FALSE,7,2634,2823
2024-06-26,0,9,"isopleuros",FALSE,9,2643,2832
2024-06-27,0,8,"isopleuros",FALSE,8,2651,2840
2024-06-28,0,3,"isopleuros",FALSE,3,2654,2843
2024-06-29,0,5,"isopleuros",FALSE,5,2659,2848
2024-06-30,0,1,"isopleuros",FALSE,1,2660,2849
2024-07-01,0,16,"isopleuros",FALSE,16,2676,2865
2024-07-02,0,8,"isopleuros",FALSE,8,2684,2873
2024-07-03,2,11,"isopleuros",FALSE,9,2693,2884
2024-07-04,0,8,"isopleuros",FALSE,8,2701,2892
2024-07-05,0,9,"isopleuros",FALSE,9,2710,2901
2024-07-06,0,4,"isopleuros",FALSE,4,2714,2905
2024-07-07,0,1,"isopleuros",FALSE,1,2715,2906
2024-07-08,0,5,"isopleuros",FALSE,5,2720,2911
2024-07-09,0,4,"isopleuros",FALSE,4,2724,2915
2024-07-10,0,7,"isopleuros",FALSE,7,2731,2922
2024-07-11,0,7,"isopleuros",FALSE,7,2738,2929
2024-07-12,0,3,"isopleuros",FALSE,3,2741,2932
2024-07-13,0,2,"isopleuros",FALSE,2,2743,2934
2024-07-14,0,4,"isopleuros",FALSE,4,2747,2938
2024-07-15,0,4,"isopleuros",FALSE,4,2751,2942
2024-07-16,0,8,"isopleuros",FALSE,8,2759,2950
2024-07-17,3,17,"isopleuros",FALSE,14,2773,2967
2024-07-18,0,7,"isopleuros",FALSE,7,2780,2974
2024-07-19,0,4,"isopleuros",FALSE,4,2784,2978
2024-07-20,0,5,"isopleuros",FALSE,5,2789,2983
2024-07-21,0,1,"isopleuros",FALSE,1,2790,2984
2024-07-22,0,9,"isopleuros",FALSE,9,2799,2993
2024-07-23,0,11,"isopleuros",FALSE,11,2810,3004
2024-07-24,2,21,"isopleuros",FALSE,19,2829,3025
2024-07-25,0,8,"isopleuros",FALSE,8,2837,3033
2024-07-26,0,8,"isopleuros",FALSE,8,2845,3041
2024-07-27,0,2,"isopleuros",FALSE,2,2847,3043
2024-07-28,0,3,"isopleuros",FALSE,3,2850,3046
2024-07-29,0,6,"isopleuros",FALSE,6,2856,3052
2024-07-30,0,8,"isopleuros",FALSE,8,2864,3060
2024-07-31,0,18,"isopleuros",FALSE,18,2882,3078
2024-08-01,1,11,"isopleuros",FALSE,10,2892,3089
2024-08-02,0,5,"isopleuros",FALSE,5,2897,3094
2024-08-03,0,2,"isopleuros",FALSE,2,2899,3096
2024-08-04,0,2,"isopleuros",FALSE,2,2901,3098
2024-08-05,0,4,"isopleuros",FALSE,4,2905,3102
2024-08-06,0,15,"isopleuros",FALSE,15,2920,3117
2024-08-07,0,11,"isopleuros",FALSE,11,2931,3128
2024-08-08,2,7,"isopleuros",FALSE,5,2936,3135
2024-08-09,0,1,"isopleuros",FALSE,1,2937,3136
2024-08-10,0,2,"isopleuros",FALSE,2,2939,3138
2024-08-11,0,5,"isopleuros",FALSE,5,2944,3143
2024-08-12,0,9,"isopleuros",FALSE,9,2953,3152
2024-08-13,0,7,"isopleuros",FALSE,7,2960,3159
2024-08-14,0,7,"isopleuros",FALSE,7,2967,3166
2024-08-15,2,10,"isopleuros",FALSE,8,2975,3176
2024-08-16,0,12,"isopleuros",FALSE,12,2987,3188
2024-08-17,0,3,"isopleuros",FALSE,3,2990,3191
2024-08-18,0,1,"isopleuros",FALSE,1,2991,3192
2024-08-19,0,2,"isopleuros",FALSE,2,2993,3194
2024-08-20,0,8,"isopleuros",FALSE,8,3001,3202
2024-08-21,0,10,"isopleuros",FALSE,10,3011,3212
2024-08-22,0,23,"isopleuros",FALSE,23,3034,3235
2024-08-23,0,7,"isopleuros",FALSE,7,3041,3242
2024-08-24,0,7,"isopleuros",FALSE,7,3048,3249
2024-08-25,0,7,"isopleuros",FALSE,7,3055,3256
2024-08-26,0,8,"isopleuros",FALSE,8,3063,3264
2024-08-27,0,7,"isopleuros",FALSE,7,3070,3271
2024-08-28,2,12,"isopleuros",FALSE,10,3080,3283
2024-08-29,0,5,"isopleuros",FALSE,5,3085,3288
2024-08-30,0,3,"isopleuros",FALSE,3,3088,3291
2024-08-31,0,3,"isopleuros",FALSE,3,3091,3294
2024-09-01,0,4,"isopleuros",FALSE,4,3095,3298
2024-09-02,0,2,"isopleuros",FALSE,2,3097,3300
2024-09-03,0,6,"isopleuros",FALSE,6,3103,3306
2024-09-04,2,14,"isopleuros",FALSE,12,3115,3320
2024-09-05,0,10,"isopleuros",FALSE,10,3125,3330
2024-09-06,0,24,"isopleuros",FALSE,24,3149,3354
2024-09-07,0,1,"isopleuros",FALSE,1,3150,3355
2024-09-08,0,10,"isopleuros",FALSE,10,3160,3365
2024-09-09,0,7,"isopleuros",FALSE,7,3167,3372
2024-09-10,0,8,"isopleuros",FALSE,8,3175,3380
2024-09-11,3,26,"isopleuros",FALSE,23,3198,3406
2024-09-12,0,8,"isopleuros",FALSE,8,3206,3414
2024-09-13,0,4,"isopleuros",FALSE,4,3210,3418
2024-09-14,0,7,"isopleuros",FALSE,7,3217,3425
2024-09-15,0,1,"isopleuros",FALSE,1,3218,3426
2024-09-16,0,2,"isopleuros",FALSE,2,3220,3428
2024-09-17,0,2,"isopleuros",FALSE,2,3222,3430
2024-09-18,2,8,"isopleuros",FALSE,6,3228,3438
2024-09-19,0,6,"isopleuros",FALSE,6,3234,3444
2024-09-20,0,5,"isopleuros",FALSE,5,3239,3449
2024-09-21,0,8,"isopleuros",FALSE,8,3247,3457
2024-09-22,0,2,"isopleuros",FALSE,2,3249,3459
2024-09-23,0,8,"isopleuros",FALSE,8,3257,3467
2024-09-24,0,4,"isopleuros",FALSE,4,3261,3471
2024-09-25,0,7,"isopleuros",FALSE,7,3268,3478
2024-09-26,1,15,"isopleuros",FALSE,14,3282,3493
2024-09-27,0,5,"isopleuros",FALSE,5,3287,3498
2024-09-28,1,10,"isopleuros",FALSE,9,3296,3508
2024-09-29,0,0,"isopleuros",FALSE,0,3296,3508
2024-09-30,0,0,"isopleuros",FALSE,0,3296,3508
2021-11-07,4,0,"kairos",FALSE,0,0,0
2021-11-08,0,7,"kairos",TRUE,1,1,7
2021-11-09,3,11,"kairos",FALSE,1,2,18
2021-11-10,0,19,"kairos",FALSE,19,21,37
2021-11-11,3,49,"kairos",FALSE,46,67,86
2021-11-12,0,19,"kairos",FALSE,19,86,105
2021-11-13,3,22,"kairos",FALSE,19,105,127
2021-11-14,0,10,"kairos",FALSE,10,115,137
2021-11-15,3,15,"kairos",FALSE,12,127,152
2021-11-16,0,1,"kairos",FALSE,1,128,153
2021-11-17,3,21,"kairos",FALSE,18,146,174
2021-11-18,0,5,"kairos",FALSE,5,151,179
2021-11-19,3,31,"kairos",FALSE,28,179,210
2021-11-20,0,6,"kairos",FALSE,6,185,216
2021-11-21,14,35,"kairos",FALSE,21,206,251
2021-11-22,0,11,"kairos",FALSE,11,217,262
2021-11-23,3,28,"kairos",FALSE,25,242,290
2021-11-24,3,10,"kairos",FALSE,7,249,300
2021-11-25,3,24,"kairos",FALSE,21,270,324
2021-11-26,0,4,"kairos",FALSE,4,274,328
2021-11-27,3,16,"kairos",FALSE,13,287,344
2021-11-28,0,2,"kairos",FALSE,2,289,346
2021-11-29,4,26,"kairos",FALSE,22,311,372
2021-11-30,0,10,"kairos",FALSE,10,321,382
2021-12-01,6,19,"kairos",FALSE,13,334,401
2021-12-02,0,11,"kairos",FALSE,11,345,412
2021-12-03,3,14,"kairos",FALSE,11,356,426
2021-12-04,0,5,"kairos",FALSE,5,361,431
2021-12-05,0,2,"kairos",FALSE,2,363,433
2021-12-06,3,18,"kairos",FALSE,15,378,451
2021-12-07,0,4,"kairos",FALSE,4,382,455
2021-12-08,7,8,"kairos",FALSE,1,383,463
2021-12-09,4,19,"kairos",FALSE,15,398,482
2021-12-10,0,4,"kairos",FALSE,4,402,486
2021-12-11,3,13,"kairos",FALSE,10,412,499
2021-12-12,0,2,"kairos",FALSE,2,414,501
2021-12-13,4,14,"kairos",FALSE,10,424,515
2021-12-14,3,5,"kairos",FALSE,2,426,520
2021-12-15,8,23,"kairos",FALSE,15,441,543
2021-12-16,1,5,"kairos",FALSE,4,445,548
2021-12-17,4,11,"kairos",FALSE,7,452,559
2021-12-18,1,1,"kairos",FALSE,0,452,560
2021-12-19,3,11,"kairos",FALSE,8,460,571
2021-12-20,0,7,"kairos",FALSE,7,467,578
2021-12-21,3,14,"kairos",FALSE,11,478,592
2021-12-22,4,6,"kairos",FALSE,2,480,598
2021-12-23,0,10,"kairos",FALSE,10,490,608
2021-12-24,3,11,"kairos",FALSE,8,498,619
2021-12-25,1,3,"kairos",FALSE,2,500,622
2021-12-26,4,15,"kairos",FALSE,11,511,637
2021-12-27,0,5,"kairos",FALSE,5,516,642
2021-12-28,4,13,"kairos",FALSE,9,525,655
2021-12-29,4,6,"kairos",FALSE,2,527,661
2021-12-30,3,14,"kairos",FALSE,11,538,675
2021-12-31,0,5,"kairos",FALSE,5,543,680
2022-01-01,0,1,"kairos",FALSE,1,544,681
2022-01-02,0,8,"kairos",FALSE,8,552,689
2022-01-03,0,0,"kairos",FALSE,0,552,689
2022-01-04,0,4,"kairos",FALSE,4,556,693
2022-01-05,3,4,"kairos",FALSE,1,557,697
2022-01-06,0,4,"kairos",FALSE,4,561,701
2022-01-07,0,2,"kairos",FALSE,2,563,703
2022-01-08,0,1,"kairos",FALSE,1,564,704
2022-01-09,0,7,"kairos",FALSE,7,571,711
2022-01-10,0,1,"kairos",FALSE,1,572,712
2022-01-11,3,13,"kairos",FALSE,10,582,725
2022-01-12,3,3,"kairos",FALSE,0,582,728
2022-01-13,3,16,"kairos",FALSE,13,595,744
2022-01-14,0,4,"kairos",FALSE,4,599,748
2022-01-15,3,12,"kairos",FALSE,9,608,760
2022-01-16,0,3,"kairos",FALSE,3,611,763
2022-01-17,0,4,"kairos",FALSE,4,615,767
2022-01-18,0,4,"kairos",FALSE,4,619,771
2022-01-19,0,10,"kairos",FALSE,10,629,781
2022-01-20,3,11,"kairos",FALSE,8,637,792
2022-01-21,1,3,"kairos",FALSE,2,639,795
2022-01-22,3,14,"kairos",FALSE,11,650,809
2022-01-23,0,3,"kairos",FALSE,3,653,812
2022-01-24,3,25,"kairos",FALSE,22,675,837
2022-01-25,0,2,"kairos",FALSE,2,677,839
2022-01-26,0,0,"kairos",FALSE,0,677,839
2022-01-27,0,4,"kairos",FALSE,4,681,843
2022-01-28,3,11,"kairos",FALSE,8,689,854
2022-01-29,0,3,"kairos",FALSE,3,692,857
2022-01-30,3,11,"kairos",FALSE,8,700,868
2022-01-31,0,3,"kairos",FALSE,3,703,871
2022-02-01,3,13,"kairos",FALSE,10,713,884
2022-02-02,0,7,"kairos",FALSE,7,720,891
2022-02-03,0,5,"kairos",FALSE,5,725,896
2022-02-04,0,4,"kairos",FALSE,4,729,900
2022-02-05,0,5,"kairos",FALSE,5,734,905
2022-02-06,3,14,"kairos",FALSE,11,745,919
2022-02-07,0,7,"kairos",FALSE,7,752,926
2022-02-08,13,16,"kairos",FALSE,3,755,942
2022-02-09,6,10,"kairos",FALSE,4,759,952
2022-02-10,3,12,"kairos",FALSE,9,768,964
2022-02-11,0,7,"kairos",FALSE,7,775,971
2022-02-12,3,16,"kairos",FALSE,13,788,987
2022-02-13,0,1,"kairos",FALSE,1,789,988
2022-02-14,3,9,"kairos",FALSE,6,795,997
2022-02-15,0,4,"kairos",FALSE,4,799,1001
2022-02-16,9,11,"kairos",FALSE,2,801,1012
2022-02-17,0,6,"kairos",FALSE,6,807,1018
2022-02-18,3,15,"kairos",FALSE,12,819,1033
2022-02-19,0,1,"kairos",FALSE,1,820,1034
2022-02-20,0,1,"kairos",FALSE,1,821,1035
2022-02-21,3,13,"kairos",FALSE,10,831,1048
2022-02-22,0,2,"kairos",FALSE,2,833,1050
2022-02-23,11,16,"kairos",FALSE,5,838,1066
2022-02-24,0,4,"kairos",FALSE,4,842,1070
2022-02-25,3,11,"kairos",FALSE,8,850,1081
2022-02-26,0,2,"kairos",FALSE,2,852,1083
2022-02-27,4,11,"kairos",FALSE,7,859,1094
2022-02-28,0,6,"kairos",FALSE,6,865,1100
2022-03-01,3,22,"kairos",FALSE,19,884,1122
2022-03-02,3,4,"kairos",FALSE,1,885,1126
2022-03-03,3,14,"kairos",FALSE,11,896,1140
2022-03-04,0,4,"kairos",FALSE,4,900,1144
2022-03-05,3,11,"kairos",FALSE,8,908,1155
2022-03-06,0,4,"kairos",FALSE,4,912,1159
2022-03-07,3,19,"kairos",FALSE,16,928,1178
2022-03-08,2,6,"kairos",FALSE,4,932,1184
2022-03-09,10,16,"kairos",FALSE,6,938,1200
2022-03-10,0,4,"kairos",FALSE,4,942,1204
2022-03-11,1,17,"kairos",TRUE,1,943,1221
2022-03-12,0,4,"kairos",FALSE,1,944,1225
2022-03-13,3,31,"kairos",FALSE,28,972,1256
2022-03-14,0,14,"kairos",FALSE,14,986,1270
2022-03-15,3,45,"kairos",FALSE,42,1028,1315
2022-03-16,4,9,"kairos",FALSE,5,1033,1324
2022-03-17,3,30,"kairos",FALSE,27,1060,1354
2022-03-18,0,7,"kairos",FALSE,7,1067,1361
2022-03-19,3,22,"kairos",FALSE,19,1086,1383
2022-03-20,0,8,"kairos",FALSE,8,1094,1391
2022-03-21,4,23,"kairos",FALSE,19,1113,1414
2022-03-22,0,2,"kairos",FALSE,2,1115,1416
2022-03-23,9,26,"kairos",FALSE,17,1132,1442
2022-03-24,0,7,"kairos",FALSE,7,1139,1449
2022-03-25,3,17,"kairos",FALSE,14,1153,1466
2022-03-26,0,6,"kairos",FALSE,6,1159,1472
2022-03-27,3,12,"kairos",FALSE,9,1168,1484
2022-03-28,0,10,"kairos",FALSE,10,1178,1494
2022-03-29,3,15,"kairos",FALSE,12,1190,1509
2022-03-30,5,10,"kairos",FALSE,5,1195,1519
2022-03-31,3,14,"kairos",FALSE,11,1206,1533
2022-04-01,1,4,"kairos",FALSE,3,1209,1537
2022-04-02,3,11,"kairos",FALSE,8,1217,1548
2022-04-03,0,2,"kairos",FALSE,2,1219,1550
2022-04-04,4,18,"kairos",FALSE,14,1233,1568
2022-04-05,0,7,"kairos",FALSE,7,1240,1575
2022-04-06,10,24,"kairos",FALSE,14,1254,1599
2022-04-07,3,14,"kairos",FALSE,11,1265,1613
2022-04-08,0,6,"kairos",FALSE,6,1271,1619
2022-04-09,0,2,"kairos",FALSE,2,1273,1621
2022-04-10,0,6,"kairos",FALSE,6,1279,1627
2022-04-11,6,11,"kairos",FALSE,5,1284,1638
2022-04-12,0,2,"kairos",FALSE,2,1286,1640
2022-04-13,6,22,"kairos",FALSE,16,1302,1662
2022-04-14,0,10,"kairos",FALSE,10,1312,1672
2022-04-15,0,7,"kairos",FALSE,7,1319,1679
2022-04-16,3,14,"kairos",FALSE,11,1330,1693
2022-04-17,0,2,"kairos",FALSE,2,1332,1695
2022-04-18,3,20,"kairos",FALSE,17,1349,1715
2022-04-19,0,5,"kairos",FALSE,5,1354,1720
2022-04-20,10,16,"kairos",FALSE,6,1360,1736
2022-04-21,0,3,"kairos",FALSE,3,1363,1739
2022-04-22,3,13,"kairos",FALSE,10,1373,1752
2022-04-23,0,8,"kairos",FALSE,8,1381,1760
2022-04-24,0,7,"kairos",FALSE,7,1388,1767
2022-04-25,0,5,"kairos",FALSE,5,1393,1772
2022-04-26,0,5,"kairos",FALSE,5,1398,1777
2022-04-27,9,25,"kairos",FALSE,16,1414,1802
2022-04-28,0,3,"kairos",FALSE,3,1417,1805
2022-04-29,0,6,"kairos",FALSE,6,1423,1811
2022-04-30,3,10,"kairos",FALSE,7,1430,1821
2022-05-01,0,2,"kairos",FALSE,2,1432,1823
2022-05-02,3,17,"kairos",FALSE,14,1446,1840
2022-05-03,0,7,"kairos",FALSE,7,1453,1847
2022-05-04,9,21,"kairos",FALSE,12,1465,1868
2022-05-05,0,5,"kairos",FALSE,5,1470,1873
2022-05-06,4,15,"kairos",FALSE,11,1481,1888
2022-05-07,0,7,"kairos",FALSE,7,1488,1895
2022-05-08,3,13,"kairos",FALSE,10,1498,1908
2022-05-09,0,5,"kairos",FALSE,5,1503,1913
2022-05-10,3,14,"kairos",FALSE,11,1514,1927
2022-05-11,4,8,"kairos",FALSE,4,1518,1935
2022-05-12,3,17,"kairos",FALSE,14,1532,1952
2022-05-13,0,5,"kairos",FALSE,5,1537,1957
2022-05-14,3,10,"kairos",FALSE,7,1544,1967
2022-05-15,0,3,"kairos",FALSE,3,1547,1970
2022-05-16,3,16,"kairos",FALSE,13,1560,1986
2022-05-17,1,14,"kairos",FALSE,13,1573,2000
2022-05-18,4,13,"kairos",FALSE,9,1582,2013
2022-05-19,0,20,"kairos",FALSE,20,1602,2033
2022-05-20,3,4,"kairos",FALSE,1,1603,2037
2022-05-21,0,0,"kairos",FALSE,0,1603,2037
2022-05-22,3,11,"kairos",FALSE,8,1611,2048
2022-05-23,0,1,"kairos",FALSE,1,1612,2049
2022-05-24,0,2,"kairos",FALSE,2,1614,2051
2022-05-25,9,17,"kairos",FALSE,8,1622,2068
2022-05-26,0,7,"kairos",FALSE,7,1629,2075
2022-05-27,3,14,"kairos",FALSE,11,1640,2089
2022-05-28,0,4,"kairos",FALSE,4,1644,2093
2022-05-29,3,11,"kairos",FALSE,8,1652,2104
2022-05-30,0,4,"kairos",FALSE,4,1656,2108
2022-05-31,3,15,"kairos",FALSE,12,1668,2123
2022-06-01,2,7,"kairos",FALSE,5,1673,2130
2022-06-02,3,11,"kairos",FALSE,8,1681,2141
2022-06-03,0,4,"kairos",FALSE,4,1685,2145
2022-06-04,3,8,"kairos",FALSE,5,1690,2153
2022-06-05,0,0,"kairos",FALSE,0,1690,2153
2022-06-06,3,10,"kairos",FALSE,7,1697,2163
2022-06-07,0,1,"kairos",FALSE,1,1698,2164
2022-06-08,10,16,"kairos",FALSE,6,1704,2180
2022-06-09,0,4,"kairos",FALSE,4,1708,2184
2022-06-10,0,6,"kairos",FALSE,6,1714,2190
2022-06-11,3,16,"kairos",FALSE,13,1727,2206
2022-06-12,0,2,"kairos",FALSE,2,1729,2208
2022-06-13,3,24,"kairos",FALSE,21,1750,2232
2022-06-14,4,9,"kairos",FALSE,5,1755,2241
2022-06-15,3,10,"kairos",FALSE,7,1762,2251
2022-06-16,0,5,"kairos",FALSE,5,1767,2256
2022-06-17,0,6,"kairos",FALSE,6,1773,2262
2022-06-18,0,10,"kairos",TRUE,1,1774,2272
2022-06-19,0,14,"kairos",FALSE,1,1775,2286
2022-06-20,0,12,"kairos",FALSE,12,1787,2298
2022-06-21,0,7,"kairos",FALSE,7,1794,2305
2022-06-22,2,14,"kairos",FALSE,12,1806,2319
2022-06-23,0,72,"kairos",FALSE,72,1878,2391
2022-06-24,3,344,"kairos",FALSE,341,2219,2735
2022-06-25,0,5,"kairos",FALSE,5,2224,2740
2022-06-26,0,13,"kairos",FALSE,13,2237,2753
2022-06-27,0,54,"kairos",FALSE,54,2291,2807
2022-06-28,0,889,"kairos",FALSE,889,3180,3696
2022-06-29,3,729,"kairos",FALSE,726,3906,4425
2022-06-30,3,685,"kairos",FALSE,682,4588,5110
2022-07-01,0,803,"kairos",FALSE,803,5391,5913
2022-07-02,0,3,"kairos",FALSE,3,5394,5916
2022-07-03,3,35,"kairos",FALSE,32,5426,5951
2022-07-04,0,726,"kairos",FALSE,726,6152,6677
2022-07-05,0,1059,"kairos",FALSE,1059,7211,7736
2022-07-06,9,437,"kairos",FALSE,428,7639,8173
2022-07-07,0,481,"kairos",FALSE,481,8120,8654
2022-07-08,0,1330,"kairos",FALSE,1330,9450,9984
2022-07-09,3,47,"kairos",FALSE,44,9494,10031
2022-07-10,0,5,"kairos",FALSE,5,9499,10036
2022-07-11,0,46,"kairos",FALSE,46,9545,10082
2022-07-12,3,70,"kairos",FALSE,67,9612,10152
2022-07-13,3,1013,"kairos",FALSE,1010,10622,11165
2022-07-14,0,786,"kairos",FALSE,786,11408,11951
2022-07-15,3,478,"kairos",FALSE,475,11883,12429
2022-07-16,0,18,"kairos",FALSE,18,11901,12447
2022-07-17,0,9,"kairos",FALSE,9,11910,12456
2022-07-18,4,92,"kairos",FALSE,88,11998,12548
2022-07-19,0,100,"kairos",FALSE,100,12098,12648
2022-07-20,2,109,"kairos",FALSE,107,12205,12757
2022-07-21,3,1086,"kairos",FALSE,1083,13288,13843
2022-07-22,0,1039,"kairos",FALSE,1039,14327,14882
2022-07-23,0,134,"kairos",FALSE,134,14461,15016
2022-07-24,3,16,"kairos",FALSE,13,14474,15032
2022-07-25,0,625,"kairos",FALSE,625,15099,15657
2022-07-26,0,267,"kairos",FALSE,267,15366,15924
2022-07-27,9,896,"kairos",FALSE,887,16253,16820
2022-07-28,0,621,"kairos",FALSE,621,16874,17441
2022-07-29,0,260,"kairos",FALSE,260,17134,17701
2022-07-30,3,15,"kairos",FALSE,12,17146,17716
2022-07-31,3,20,"kairos",FALSE,17,17163,17736
2022-08-01,0,766,"kairos",FALSE,766,17929,18502
2022-08-02,0,1544,"kairos",FALSE,1544,19473,20046
2022-08-03,9,832,"kairos",FALSE,823,20296,20878
2022-08-04,0,1062,"kairos",FALSE,1062,21358,21940
2022-08-05,0,638,"kairos",FALSE,638,21996,22578
2022-08-06,3,13,"kairos",FALSE,10,22006,22591
2022-08-07,0,2,"kairos",FALSE,2,22008,22593
2022-08-08,0,473,"kairos",FALSE,473,22481,23066
2022-08-09,3,683,"kairos",FALSE,680,23161,23749
2022-08-10,0,858,"kairos",FALSE,858,24019,24607
2022-08-11,1,987,"kairos",FALSE,986,25005,25594
2022-08-12,3,618,"kairos",FALSE,615,25620,26212
2022-08-13,2,7,"kairos",FALSE,5,25625,26219
2022-08-14,1,9,"kairos",FALSE,8,25633,26228
2022-08-15,3,249,"kairos",FALSE,246,25879,26477
2022-08-16,1,171,"kairos",FALSE,170,26049,26648
2022-08-17,6,403,"kairos",FALSE,397,26446,27051
2022-08-18,6,331,"kairos",FALSE,325,26771,27382
2022-08-19,0,111,"kairos",FALSE,111,26882,27493
2022-08-20,0,2,"kairos",FALSE,2,26884,27495
2022-08-21,3,13,"kairos",FALSE,10,26894,27508
2022-08-22,0,383,"kairos",FALSE,383,27277,27891
2022-08-23,0,462,"kairos",FALSE,462,27739,28353
2022-08-24,10,188,"kairos",FALSE,178,27917,28541
2022-08-25,1,751,"kairos",FALSE,750,28667,29292
2022-08-26,0,731,"kairos",FALSE,731,29398,30023
2022-08-27,3,247,"kairos",FALSE,244,29642,30270
2022-08-28,0,701,"kairos",FALSE,701,30343,30971
2022-08-29,0,570,"kairos",FALSE,570,30913,31541
2022-08-30,5,422,"kairos",FALSE,417,31330,31963
2022-08-31,2,30,"kairos",FALSE,28,31358,31993
2022-09-01,0,260,"kairos",FALSE,260,31618,32253
2022-09-02,3,38,"kairos",FALSE,35,31653,32291
2022-09-03,0,1,"kairos",FALSE,1,31654,32292
2022-09-04,0,4,"kairos",FALSE,4,31658,32296
2022-09-05,3,90,"kairos",FALSE,87,31745,32386
2022-09-06,0,63,"kairos",FALSE,63,31808,32449
2022-09-07,0,381,"kairos",FALSE,381,32189,32830
2022-09-08,7,51,"kairos",FALSE,44,32233,32881
2022-09-09,0,86,"kairos",FALSE,86,32319,32967
2022-09-10,0,8,"kairos",FALSE,8,32327,32975
2022-09-11,3,18,"kairos",FALSE,15,32342,32993
2022-09-12,0,93,"kairos",FALSE,93,32435,33086
2022-09-13,0,140,"kairos",FALSE,140,32575,33226
2022-09-14,9,287,"kairos",FALSE,278,32853,33513
2022-09-15,0,83,"kairos",FALSE,83,32936,33596
2022-09-16,0,11,"kairos",FALSE,11,32947,33607
2022-09-17,3,7,"kairos",FALSE,4,32951,33614
2022-09-18,0,2,"kairos",FALSE,2,32953,33616
2022-09-19,0,117,"kairos",FALSE,117,33070,33733
2022-09-20,3,78,"kairos",FALSE,75,33145,33811
2022-09-21,0,121,"kairos",FALSE,121,33266,33932
2022-09-22,0,135,"kairos",FALSE,135,33401,34067
2022-09-23,3,102,"kairos",FALSE,99,33500,34169
2022-09-24,0,1,"kairos",FALSE,1,33501,34170
2022-09-25,0,5,"kairos",FALSE,5,33506,34175
2022-09-26,3,124,"kairos",FALSE,121,33627,34299
2022-09-27,0,84,"kairos",FALSE,84,33711,34383
2022-09-28,0,122,"kairos",FALSE,122,33833,34505
2022-09-29,3,119,"kairos",FALSE,116,33949,34624
2022-09-30,0,86,"kairos",FALSE,86,34035,34710
2022-10-01,0,4,"kairos",FALSE,4,34039,34714
2022-10-02,3,13,"kairos",FALSE,10,34049,34727
2022-10-03,1,104,"kairos",FALSE,103,34152,34831
2022-10-04,0,42,"kairos",FALSE,42,34194,34873
2022-10-05,3,156,"kairos",FALSE,153,34347,35029
2022-10-06,0,144,"kairos",FALSE,144,34491,35173
2022-10-07,0,113,"kairos",FALSE,113,34604,35286
2022-10-08,3,14,"kairos",FALSE,11,34615,35300
2022-10-09,0,9,"kairos",FALSE,9,34624,35309
2022-10-10,0,170,"kairos",FALSE,170,34794,35479
2022-10-11,0,68,"kairos",FALSE,68,34862,35547
2022-10-12,3,102,"kairos",FALSE,99,34961,35649
2022-10-13,0,243,"kairos",FALSE,243,35204,35892
2022-10-14,0,144,"kairos",FALSE,144,35348,36036
2022-10-15,3,15,"kairos",FALSE,12,35360,36051
2022-10-16,0,4,"kairos",FALSE,4,35364,36055
2022-10-17,0,188,"kairos",FALSE,188,35552,36243
2022-10-18,3,165,"kairos",FALSE,162,35714,36408
2022-10-19,0,5,"kairos",FALSE,5,35719,36413
2022-10-20,3,96,"kairos",FALSE,93,35812,36509
2022-10-21,0,34,"kairos",FALSE,34,35846,36543
2022-10-22,0,15,"kairos",FALSE,15,35861,36558
2022-10-23,3,15,"kairos",FALSE,12,35873,36573
2022-10-24,0,60,"kairos",FALSE,60,35933,36633
2022-10-25,0,60,"kairos",FALSE,60,35993,36693
2022-10-26,3,18,"kairos",FALSE,15,36008,36711
2022-10-27,0,90,"kairos",FALSE,90,36098,36801
2022-10-28,0,17,"kairos",FALSE,17,36115,36818
2022-10-29,0,4,"kairos",FALSE,4,36119,36822
2022-10-30,0,5,"kairos",FALSE,5,36124,36827
2022-10-31,0,4,"kairos",FALSE,4,36128,36831
2022-11-01,0,20,"kairos",FALSE,20,36148,36851
2022-11-02,1,15,"kairos",FALSE,14,36162,36866
2022-11-03,3,63,"kairos",FALSE,60,36222,36929
2022-11-04,0,6,"kairos",FALSE,6,36228,36935
2022-11-05,3,14,"kairos",FALSE,11,36239,36949
2022-11-06,0,5,"kairos",FALSE,5,36244,36954
2022-11-07,3,15,"kairos",FALSE,12,36256,36969
2022-11-08,0,14,"kairos",FALSE,14,36270,36983
2022-11-09,0,24,"kairos",TRUE,1,36271,37007
2022-11-10,3,28,"kairos",FALSE,1,36272,37035
2022-11-11,0,14,"kairos",FALSE,14,36286,37049
2022-11-12,0,40,"kairos",FALSE,40,36326,37089
2022-11-13,0,10,"kairos",FALSE,10,36336,37099
2022-11-14,3,24,"kairos",FALSE,21,36357,37123
2022-11-15,0,10,"kairos",FALSE,10,36367,37133
2022-11-16,0,8,"kairos",FALSE,8,36375,37141
2022-11-17,3,22,"kairos",FALSE,19,36394,37163
2022-11-18,7,28,"kairos",FALSE,21,36415,37191
2022-11-19,0,6,"kairos",FALSE,6,36421,37197
2022-11-20,0,6,"kairos",FALSE,6,36427,37203
2022-11-21,3,20,"kairos",FALSE,17,36444,37223
2022-11-22,1,17,"kairos",FALSE,16,36460,37240
2022-11-23,0,11,"kairos",FALSE,11,36471,37251
2022-11-24,0,9,"kairos",FALSE,9,36480,37260
2022-11-25,0,8,"kairos",FALSE,8,36488,37268
2022-11-26,0,19,"kairos",FALSE,19,36507,37287
2022-11-27,0,8,"kairos",FALSE,8,36515,37295
2022-11-28,3,9,"kairos",FALSE,6,36521,37304
2022-11-29,0,31,"kairos",FALSE,31,36552,37335
2022-11-30,0,8,"kairos",FALSE,8,36560,37343
2022-12-01,0,14,"kairos",FALSE,14,36574,37357
2022-12-02,0,9,"kairos",FALSE,9,36583,37366
2022-12-03,0,6,"kairos",FALSE,6,36589,37372
2022-12-04,0,12,"kairos",FALSE,12,36601,37384
2022-12-05,0,11,"kairos",FALSE,11,36612,37395
2022-12-06,2,8,"kairos",FALSE,6,36618,37403
2022-12-07,0,10,"kairos",FALSE,10,36628,37413
2022-12-08,0,7,"kairos",FALSE,7,36635,37420
2022-12-09,0,7,"kairos",FALSE,7,36642,37427
2022-12-10,0,3,"kairos",FALSE,3,36645,37430
2022-12-11,0,4,"kairos",FALSE,4,36649,37434
2022-12-12,0,5,"kairos",FALSE,5,36654,37439
2022-12-13,0,12,"kairos",FALSE,12,36666,37451
2022-12-14,0,10,"kairos",FALSE,10,36676,37461
2022-12-15,0,8,"kairos",FALSE,8,36684,37469
2022-12-16,4,12,"kairos",FALSE,8,36692,37481
2022-12-17,0,2,"kairos",FALSE,2,36694,37483
2022-12-18,0,5,"kairos",FALSE,5,36699,37488
2022-12-19,0,6,"kairos",FALSE,6,36705,37494
2022-12-20,0,6,"kairos",FALSE,6,36711,37500
2022-12-21,0,16,"kairos",FALSE,16,36727,37516
2022-12-22,0,6,"kairos",FALSE,6,36733,37522
2022-12-23,0,19,"kairos",FALSE,19,36752,37541
2022-12-24,2,15,"kairos",FALSE,13,36765,37556
2022-12-25,1,6,"kairos",FALSE,5,36770,37562
2022-12-26,0,6,"kairos",FALSE,6,36776,37568
2022-12-27,0,3,"kairos",FALSE,3,36779,37571
2022-12-28,0,7,"kairos",FALSE,7,36786,37578
2022-12-29,0,3,"kairos",FALSE,3,36789,37581
2022-12-30,0,4,"kairos",FALSE,4,36793,37585
2022-12-31,0,2,"kairos",FALSE,2,36795,37587
2023-01-01,0,2,"kairos",FALSE,2,36797,37589
2023-01-02,0,7,"kairos",FALSE,7,36804,37596
2023-01-03,0,3,"kairos",FALSE,3,36807,37599
2023-01-04,3,5,"kairos",FALSE,2,36809,37604
2023-01-05,0,7,"kairos",FALSE,7,36816,37611
2023-01-06,1,9,"kairos",FALSE,8,36824,37620
2023-01-07,0,10,"kairos",FALSE,10,36834,37630
2023-01-08,0,2,"kairos",FALSE,2,36836,37632
2023-01-09,0,7,"kairos",FALSE,7,36843,37639
2023-01-10,0,2,"kairos",FALSE,2,36845,37641
2023-01-11,0,4,"kairos",FALSE,4,36849,37645
2023-01-12,0,5,"kairos",FALSE,5,36854,37650
2023-01-13,0,7,"kairos",FALSE,7,36861,37657
2023-01-14,0,3,"kairos",FALSE,3,36864,37660
2023-01-15,0,4,"kairos",FALSE,4,36868,37664
2023-01-16,3,4,"kairos",FALSE,1,36869,37668
2023-01-17,7,22,"kairos",FALSE,15,36884,37690
2023-01-18,2,14,"kairos",FALSE,12,36896,37704
2023-01-19,0,13,"kairos",FALSE,13,36909,37717
2023-01-20,0,3,"kairos",FALSE,3,36912,37720
2023-01-21,2,8,"kairos",FALSE,6,36918,37728
2023-01-22,0,10,"kairos",FALSE,10,36928,37738
2023-01-23,0,6,"kairos",FALSE,6,36934,37744
2023-01-24,0,6,"kairos",FALSE,6,36940,37750
2023-01-25,0,5,"kairos",FALSE,5,36945,37755
2023-01-26,0,10,"kairos",FALSE,10,36955,37765
2023-01-27,0,4,"kairos",FALSE,4,36959,37769
2023-01-28,0,3,"kairos",FALSE,3,36962,37772
2023-01-29,0,6,"kairos",FALSE,6,36968,37778
2023-01-30,0,5,"kairos",FALSE,5,36973,37783
2023-01-31,0,5,"kairos",FALSE,5,36978,37788
2023-02-01,0,9,"kairos",FALSE,9,36987,37797
2023-02-02,5,13,"kairos",FALSE,8,36995,37810
2023-02-03,0,8,"kairos",FALSE,8,37003,37818
2023-02-04,0,6,"kairos",FALSE,6,37009,37824
2023-02-05,0,6,"kairos",FALSE,6,37015,37830
2023-02-06,0,6,"kairos",FALSE,6,37021,37836
2023-02-07,0,19,"kairos",FALSE,19,37040,37855
2023-02-08,0,10,"kairos",FALSE,10,37050,37865
2023-02-09,0,12,"kairos",FALSE,12,37062,37877
2023-02-10,0,7,"kairos",FALSE,7,37069,37884
2023-02-11,0,5,"kairos",FALSE,5,37074,37889
2023-02-12,0,9,"kairos",FALSE,9,37083,37898
2023-02-13,0,8,"kairos",FALSE,8,37091,37906
2023-02-14,0,16,"kairos",FALSE,16,37107,37922
2023-02-15,3,18,"kairos",FALSE,15,37122,37940
2023-02-16,0,5,"kairos",FALSE,5,37127,37945
2023-02-17,0,11,"kairos",FALSE,11,37138,37956
2023-02-18,0,4,"kairos",FALSE,4,37142,37960
2023-02-19,2,5,"kairos",FALSE,3,37145,37965
2023-02-20,0,4,"kairos",FALSE,4,37149,37969
2023-02-21,0,9,"kairos",FALSE,9,37158,37978
2023-02-22,0,11,"kairos",FALSE,11,37169,37989
2023-02-23,1,7,"kairos",FALSE,6,37175,37996
2023-02-24,0,7,"kairos",FALSE,7,37182,38003
2023-02-25,0,2,"kairos",FALSE,2,37184,38005
2023-02-26,0,6,"kairos",FALSE,6,37190,38011
2023-02-27,0,7,"kairos",FALSE,7,37197,38018
2023-02-28,0,9,"kairos",FALSE,9,37206,38027
2023-03-01,0,8,"kairos",FALSE,8,37214,38035
2023-03-02,0,8,"kairos",FALSE,8,37222,38043
2023-03-03,0,8,"kairos",FALSE,8,37230,38051
2023-03-04,0,5,"kairos",FALSE,5,37235,38056
2023-03-05,0,14,"kairos",FALSE,14,37249,38070
2023-03-06,3,10,"kairos",FALSE,7,37256,38080
2023-03-07,0,5,"kairos",FALSE,5,37261,38085
2023-03-08,0,3,"kairos",FALSE,3,37264,38088
2023-03-09,3,8,"kairos",FALSE,5,37269,38096
2023-03-10,2,14,"kairos",FALSE,12,37281,38110
2023-03-11,0,6,"kairos",FALSE,6,37287,38116
2023-03-12,0,3,"kairos",FALSE,3,37290,38119
2023-03-13,0,15,"kairos",FALSE,15,37305,38134
2023-03-14,0,7,"kairos",FALSE,7,37312,38141
2023-03-15,5,13,"kairos",FALSE,8,37320,38154
2023-03-16,3,17,"kairos",FALSE,14,37334,38171
2023-03-17,0,3,"kairos",FALSE,3,37337,38174
2023-03-18,2,13,"kairos",FALSE,11,37348,38187
2023-03-19,0,6,"kairos",FALSE,6,37354,38193
2023-03-20,8,23,"kairos",FALSE,15,37369,38216
2023-03-21,0,10,"kairos",FALSE,10,37379,38226
2023-03-22,2,13,"kairos",FALSE,11,37390,38239
2023-03-23,0,3,"kairos",FALSE,3,37393,38242
2023-03-24,0,5,"kairos",FALSE,5,37398,38247
2023-03-25,1,5,"kairos",FALSE,4,37402,38252
2023-03-26,0,11,"kairos",FALSE,11,37413,38263
2023-03-27,4,16,"kairos",FALSE,12,37425,38279
2023-03-28,0,10,"kairos",FALSE,10,37435,38289
2023-03-29,2,13,"kairos",FALSE,11,37446,38302
2023-03-30,0,6,"kairos",FALSE,6,37452,38308
2023-03-31,0,3,"kairos",FALSE,3,37455,38311
2023-04-01,0,9,"kairos",FALSE,9,37464,38320
2023-04-02,3,5,"kairos",FALSE,2,37466,38325
2023-04-03,0,5,"kairos",FALSE,5,37471,38330
2023-04-04,0,5,"kairos",FALSE,5,37476,38335
2023-04-05,0,9,"kairos",FALSE,9,37485,38344
2023-04-06,0,6,"kairos",FALSE,6,37491,38350
2023-04-07,0,17,"kairos",FALSE,17,37508,38367
2023-04-08,3,6,"kairos",FALSE,3,37511,38373
2023-04-09,0,4,"kairos",FALSE,4,37515,38377
2023-04-10,0,6,"kairos",FALSE,6,37521,38383
2023-04-11,0,5,"kairos",FALSE,5,37526,38388
2023-04-12,2,15,"kairos",FALSE,13,37539,38403
2023-04-13,1,9,"kairos",FALSE,8,37547,38412
2023-04-14,3,14,"kairos",FALSE,11,37558,38426
2023-04-15,0,4,"kairos",FALSE,4,37562,38430
2023-04-16,0,8,"kairos",FALSE,8,37570,38438
2023-04-17,0,7,"kairos",FALSE,7,37577,38445
2023-04-18,0,9,"kairos",FALSE,9,37586,38454
2023-04-19,9,27,"kairos",FALSE,18,37604,38481
2023-04-20,0,12,"kairos",FALSE,12,37616,38493
2023-04-21,3,9,"kairos",FALSE,6,37622,38502
2023-04-22,0,6,"kairos",FALSE,6,37628,38508
2023-04-23,0,6,"kairos",FALSE,6,37634,38514
2023-04-24,0,14,"kairos",FALSE,14,37648,38528
2023-04-25,0,6,"kairos",FALSE,6,37654,38534
2023-04-26,2,15,"kairos",FALSE,13,37667,38549
2023-04-27,0,15,"kairos",FALSE,15,37682,38564
2023-04-28,0,4,"kairos",FALSE,4,37686,38568
2023-04-29,0,3,"kairos",FALSE,3,37689,38571
2023-04-30,0,3,"kairos",FALSE,3,37692,38574
2023-05-01,0,8,"kairos",FALSE,8,37700,38582
2023-05-02,0,4,"kairos",FALSE,4,37704,38586
2023-05-03,2,11,"kairos",FALSE,9,37713,38597
2023-05-04,0,2,"kairos",FALSE,2,37715,38599
2023-05-05,0,7,"kairos",FALSE,7,37722,38606
2023-05-06,0,9,"kairos",FALSE,9,37731,38615
2023-05-07,0,5,"kairos",FALSE,5,37736,38620
2023-05-08,0,38,"kairos",FALSE,38,37774,38658
2023-05-09,0,9,"kairos",FALSE,9,37783,38667
2023-05-10,2,17,"kairos",FALSE,15,37798,38684
2023-05-11,0,11,"kairos",FALSE,11,37809,38695
2023-05-12,0,14,"kairos",FALSE,14,37823,38709
2023-05-13,0,11,"kairos",FALSE,11,37834,38720
2023-05-14,0,4,"kairos",FALSE,4,37838,38724
2023-05-15,2,5,"kairos",FALSE,3,37841,38729
2023-05-16,0,13,"kairos",FALSE,13,37854,38742
2023-05-17,2,15,"kairos",FALSE,13,37867,38757
2023-05-18,0,11,"kairos",FALSE,11,37878,38768
2023-05-19,0,4,"kairos",FALSE,4,37882,38772
2023-05-20,0,1,"kairos",FALSE,1,37883,38773
2023-05-21,0,11,"kairos",FALSE,11,37894,38784
2023-05-22,0,7,"kairos",FALSE,7,37901,38791
2023-05-23,0,12,"kairos",FALSE,12,37913,38803
2023-05-24,2,20,"kairos",FALSE,18,37931,38823
2023-05-25,0,10,"kairos",FALSE,10,37941,38833
2023-05-26,0,8,"kairos",FALSE,8,37949,38841
2023-05-27,0,3,"kairos",FALSE,3,37952,38844
2023-05-28,0,2,"kairos",FALSE,2,37954,38846
2023-05-29,0,7,"kairos",FALSE,7,37961,38853
2023-05-30,0,7,"kairos",FALSE,7,37968,38860
2023-05-31,0,9,"kairos",FALSE,9,37977,38869
2023-06-01,1,13,"kairos",FALSE,12,37989,38882
2023-06-02,0,14,"kairos",FALSE,14,38003,38896
2023-06-03,0,2,"kairos",FALSE,2,38005,38898
2023-06-04,0,5,"kairos",FALSE,5,38010,38903
2023-06-05,0,3,"kairos",FALSE,3,38013,38906
2023-06-06,0,6,"kairos",FALSE,6,38019,38912
2023-06-07,0,1,"kairos",FALSE,1,38020,38913
2023-06-08,2,13,"kairos",FALSE,11,38031,38926
2023-06-09,0,5,"kairos",FALSE,5,38036,38931
2023-06-10,0,5,"kairos",FALSE,5,38041,38936
2023-06-11,0,5,"kairos",FALSE,5,38046,38941
2023-06-12,0,8,"kairos",FALSE,8,38054,38949
2023-06-13,0,6,"kairos",FALSE,6,38060,38955
2023-06-14,0,4,"kairos",FALSE,4,38064,38959
2023-06-15,2,9,"kairos",FALSE,7,38071,38968
2023-06-16,0,8,"kairos",FALSE,8,38079,38976
2023-06-17,0,9,"kairos",FALSE,9,38088,38985
2023-06-18,0,2,"kairos",FALSE,2,38090,38987
2023-06-19,0,4,"kairos",FALSE,4,38094,38991
2023-06-20,0,7,"kairos",FALSE,7,38101,38998
2023-06-21,2,14,"kairos",FALSE,12,38113,39012
2023-06-22,0,9,"kairos",FALSE,9,38122,39021
2023-06-23,0,6,"kairos",FALSE,6,38128,39027
2023-06-24,0,8,"kairos",FALSE,8,38136,39035
2023-06-25,0,5,"kairos",FALSE,5,38141,39040
2023-06-26,0,6,"kairos",FALSE,6,38147,39046
2023-06-27,0,9,"kairos",FALSE,9,38156,39055
2023-06-28,2,17,"kairos",FALSE,15,38171,39072
2023-06-29,0,8,"kairos",FALSE,8,38179,39080
2023-06-30,0,6,"kairos",FALSE,6,38185,39086
2023-07-01,0,4,"kairos",FALSE,4,38189,39090
2023-07-02,0,5,"kairos",FALSE,5,38194,39095
2023-07-03,0,10,"kairos",FALSE,10,38204,39105
2023-07-04,0,10,"kairos",FALSE,10,38214,39115
2023-07-05,1,17,"kairos",FALSE,16,38230,39132
2023-07-06,0,9,"kairos",FALSE,9,38239,39141
2023-07-07,0,10,"kairos",FALSE,10,38249,39151
2023-07-08,0,4,"kairos",FALSE,4,38253,39155
2023-07-09,0,1,"kairos",FALSE,1,38254,39156
2023-07-10,0,7,"kairos",FALSE,7,38261,39163
2023-07-11,0,3,"kairos",FALSE,3,38264,39166
2023-07-12,2,14,"kairos",FALSE,12,38276,39180
2023-07-13,0,4,"kairos",FALSE,4,38280,39184
2023-07-14,0,7,"kairos",FALSE,7,38287,39191
2023-07-15,0,5,"kairos",FALSE,5,38292,39196
2023-07-16,0,4,"kairos",FALSE,4,38296,39200
2023-07-17,0,4,"kairos",FALSE,4,38300,39204
2023-07-18,0,10,"kairos",FALSE,10,38310,39214
2023-07-19,2,11,"kairos",FALSE,9,38319,39225
2023-07-20,0,3,"kairos",FALSE,3,38322,39228
2023-07-21,0,5,"kairos",FALSE,5,38327,39233
2023-07-22,0,3,"kairos",FALSE,3,38330,39236
2023-07-23,0,2,"kairos",FALSE,2,38332,39238
2023-07-24,0,1,"kairos",FALSE,1,38333,39239
2023-07-25,0,10,"kairos",FALSE,10,38343,39249
2023-07-26,3,14,"kairos",FALSE,11,38354,39263
2023-07-27,0,6,"kairos",FALSE,6,38360,39269
2023-07-28,0,3,"kairos",FALSE,3,38363,39272
2023-07-29,0,1,"kairos",FALSE,1,38364,39273
2023-07-30,0,3,"kairos",FALSE,3,38367,39276
2023-07-31,0,1,"kairos",FALSE,1,38368,39277
2023-08-01,0,12,"kairos",FALSE,12,38380,39289
2023-08-02,0,10,"kairos",FALSE,10,38390,39299
2023-08-03,2,10,"kairos",FALSE,8,38398,39309
2023-08-04,0,7,"kairos",FALSE,7,38405,39316
2023-08-05,0,3,"kairos",FALSE,3,38408,39319
2023-08-06,0,2,"kairos",FALSE,2,38410,39321
2023-08-07,0,6,"kairos",FALSE,6,38416,39327
2023-08-08,0,9,"kairos",FALSE,9,38425,39336
2023-08-09,2,12,"kairos",FALSE,10,38435,39348
2023-08-10,0,7,"kairos",FALSE,7,38442,39355
2023-08-11,0,6,"kairos",FALSE,6,38448,39361
2023-08-12,0,1,"kairos",FALSE,1,38449,39362
2023-08-13,0,1,"kairos",FALSE,1,38450,39363
2023-08-14,0,5,"kairos",FALSE,5,38455,39368
2023-08-15,0,6,"kairos",FALSE,6,38461,39374
2023-08-16,2,10,"kairos",FALSE,8,38469,39384
2023-08-17,0,8,"kairos",FALSE,8,38477,39392
2023-08-18,0,5,"kairos",FALSE,5,38482,39397
2023-08-19,0,8,"kairos",FALSE,8,38490,39405
2023-08-20,0,2,"kairos",FALSE,2,38492,39407
2023-08-21,0,1,"kairos",FALSE,1,38493,39408
2023-08-22,0,3,"kairos",FALSE,3,38496,39411
2023-08-23,2,10,"kairos",FALSE,8,38504,39421
2023-08-24,0,8,"kairos",FALSE,8,38512,39429
2023-08-25,0,8,"kairos",FALSE,8,38520,39437
2023-08-26,0,7,"kairos",FALSE,7,38527,39444
2023-08-27,0,8,"kairos",FALSE,8,38535,39452
2023-08-28,0,3,"kairos",FALSE,3,38538,39455
2023-08-29,0,5,"kairos",FALSE,5,38543,39460
2023-08-30,2,29,"kairos",TRUE,1,38544,39489
2023-08-31,0,30,"kairos",FALSE,1,38545,39519
2023-09-01,0,15,"kairos",FALSE,15,38560,39534
2023-09-02,0,6,"kairos",FALSE,6,38566,39540
2023-09-03,0,26,"kairos",FALSE,26,38592,39566
2023-09-04,0,11,"kairos",FALSE,11,38603,39577
2023-09-05,0,19,"kairos",TRUE,1,38604,39596
2023-09-06,1,39,"kairos",FALSE,1,38605,39635
2023-09-07,0,13,"kairos",FALSE,13,38618,39648
2023-09-08,0,10,"kairos",FALSE,10,38628,39658
2023-09-09,0,23,"kairos",FALSE,23,38651,39681
2023-09-10,0,7,"kairos",FALSE,7,38658,39688
2023-09-11,0,11,"kairos",FALSE,11,38669,39699
2023-09-12,0,17,"kairos",FALSE,17,38686,39716
2023-09-13,0,14,"kairos",FALSE,14,38700,39730
2023-09-14,0,4,"kairos",FALSE,4,38704,39734
2023-09-15,0,17,"kairos",FALSE,17,38721,39751
2023-09-16,0,26,"kairos",FALSE,26,38747,39777
2023-09-17,0,3,"kairos",FALSE,3,38750,39780
2023-09-18,0,6,"kairos",FALSE,6,38756,39786
2023-09-19,0,13,"kairos",FALSE,13,38769,39799
2023-09-20,0,8,"kairos",FALSE,8,38777,39807
2023-09-21,0,3,"kairos",FALSE,3,38780,39810
2023-09-22,0,16,"kairos",FALSE,16,38796,39826
2023-09-23,0,17,"kairos",FALSE,17,38813,39843
2023-09-24,0,3,"kairos",FALSE,3,38816,39846
2023-09-25,0,6,"kairos",FALSE,6,38822,39852
2023-09-26,0,3,"kairos",FALSE,3,38825,39855
2023-09-27,2,21,"kairos",FALSE,19,38844,39876
2023-09-28,0,13,"kairos",FALSE,13,38857,39889
2023-09-29,0,4,"kairos",FALSE,4,38861,39893
2023-09-30,0,5,"kairos",FALSE,5,38866,39898
2023-10-01,0,5,"kairos",FALSE,5,38871,39903
2023-10-02,0,6,"kairos",FALSE,6,38877,39909
2023-10-03,0,3,"kairos",FALSE,3,38880,39912
2023-10-04,1,10,"kairos",FALSE,9,38889,39922
2023-10-05,0,15,"kairos",FALSE,15,38904,39937
2023-10-06,0,12,"kairos",FALSE,12,38916,39949
2023-10-07,0,10,"kairos",FALSE,10,38926,39959
2023-10-08,0,3,"kairos",FALSE,3,38929,39962
2023-10-09,0,4,"kairos",FALSE,4,38933,39966
2023-10-10,0,5,"kairos",FALSE,5,38938,39971
2023-10-11,0,5,"kairos",FALSE,5,38943,39976
2023-10-12,0,15,"kairos",FALSE,15,38958,39991
2023-10-13,0,4,"kairos",FALSE,4,38962,39995
2023-10-14,0,9,"kairos",FALSE,9,38971,40004
2023-10-15,0,7,"kairos",FALSE,7,38978,40011
2023-10-16,0,8,"kairos",FALSE,8,38986,40019
2023-10-17,0,5,"kairos",FALSE,5,38991,40024
2023-10-18,1,15,"kairos",FALSE,14,39005,40039
2023-10-19,0,10,"kairos",FALSE,10,39015,40049
2023-10-20,0,6,"kairos",FALSE,6,39021,40055
2023-10-21,0,5,"kairos",FALSE,5,39026,40060
2023-10-22,0,6,"kairos",FALSE,6,39032,40066
2023-10-23,0,7,"kairos",FALSE,7,39039,40073
2023-10-24,0,4,"kairos",FALSE,4,39043,40077
2023-10-25,1,10,"kairos",FALSE,9,39052,40087
2023-10-26,0,14,"kairos",FALSE,14,39066,40101
2023-10-27,0,8,"kairos",FALSE,8,39074,40109
2023-10-28,0,7,"kairos",FALSE,7,39081,40116
2023-10-29,0,2,"kairos",FALSE,2,39083,40118
2023-10-30,0,8,"kairos",FALSE,8,39091,40126
2023-10-31,0,10,"kairos",FALSE,10,39101,40136
2023-11-01,1,15,"kairos",FALSE,14,39115,40151
2023-11-02,0,9,"kairos",FALSE,9,39124,40160
2023-11-03,0,5,"kairos",FALSE,5,39129,40165
2023-11-04,0,1,"kairos",FALSE,1,39130,40166
2023-11-05,0,2,"kairos",FALSE,2,39132,40168
2023-11-06,0,10,"kairos",FALSE,10,39142,40178
2023-11-07,0,8,"kairos",FALSE,8,39150,40186
2023-11-08,2,18,"kairos",FALSE,16,39166,40204
2023-11-09,0,9,"kairos",FALSE,9,39175,40213
2023-11-10,0,2,"kairos",FALSE,2,39177,40215
2023-11-11,0,3,"kairos",FALSE,3,39180,40218
2023-11-12,0,3,"kairos",FALSE,3,39183,40221
2023-11-13,0,10,"kairos",FALSE,10,39193,40231
2023-11-14,0,5,"kairos",FALSE,5,39198,40236
2023-11-15,2,22,"kairos",FALSE,20,39218,40258
2023-11-16,0,8,"kairos",FALSE,8,39226,40266
2023-11-17,0,14,"kairos",FALSE,14,39240,40280
2023-11-18,0,11,"kairos",FALSE,11,39251,40291
2023-11-19,0,9,"kairos",FALSE,9,39260,40300
2023-11-20,0,13,"kairos",FALSE,13,39273,40313
2023-11-21,0,6,"kairos",FALSE,6,39279,40319
2023-11-22,1,13,"kairos",FALSE,12,39291,40332
2023-11-23,0,3,"kairos",FALSE,3,39294,40335
2023-11-24,0,5,"kairos",FALSE,5,39299,40340
2023-11-25,0,7,"kairos",FALSE,7,39306,40347
2023-11-26,0,5,"kairos",FALSE,5,39311,40352
2023-11-27,0,21,"kairos",TRUE,1,39312,40373
2023-11-28,0,23,"kairos",FALSE,1,39313,40396
2023-11-29,3,24,"kairos",FALSE,21,39334,40420
2023-11-30,0,17,"kairos",FALSE,17,39351,40437
2023-12-01,0,12,"kairos",FALSE,12,39363,40449
2023-12-02,0,21,"kairos",FALSE,21,39384,40470
2023-12-03,0,19,"kairos",FALSE,19,39403,40489
2023-12-04,0,9,"kairos",FALSE,9,39412,40498
2023-12-05,0,15,"kairos",FALSE,15,39427,40513
2023-12-06,2,39,"kairos",FALSE,37,39464,40552
2023-12-07,0,11,"kairos",FALSE,11,39475,40563
2023-12-08,0,11,"kairos",FALSE,11,39486,40574
2023-12-09,0,7,"kairos",FALSE,7,39493,40581
2023-12-10,0,9,"kairos",FALSE,9,39502,40590
2023-12-11,0,8,"kairos",FALSE,8,39510,40598
2023-12-12,0,8,"kairos",FALSE,8,39518,40606
2023-12-13,0,9,"kairos",FALSE,9,39527,40615
2023-12-14,0,7,"kairos",FALSE,7,39534,40622
2023-12-15,2,22,"kairos",FALSE,20,39554,40644
2023-12-16,0,5,"kairos",FALSE,5,39559,40649
2023-12-17,0,7,"kairos",FALSE,7,39566,40656
2023-12-18,0,2,"kairos",FALSE,2,39568,40658
2023-12-19,0,14,"kairos",FALSE,14,39582,40672
2023-12-20,0,16,"kairos",FALSE,16,39598,40688
2023-12-21,0,9,"kairos",FALSE,9,39607,40697
2023-12-22,0,7,"kairos",FALSE,7,39614,40704
2023-12-23,0,5,"kairos",FALSE,5,39619,40709
2023-12-24,0,10,"kairos",FALSE,10,39629,40719
2023-12-25,0,8,"kairos",FALSE,8,39637,40727
2023-12-26,0,4,"kairos",FALSE,4,39641,40731
2023-12-27,2,15,"kairos",FALSE,13,39654,40746
2023-12-28,0,4,"kairos",FALSE,4,39658,40750
2023-12-29,0,5,"kairos",FALSE,5,39663,40755
2023-12-30,0,4,"kairos",FALSE,4,39667,40759
2023-12-31,0,2,"kairos",FALSE,2,39669,40761
2024-01-01,0,4,"kairos",FALSE,4,39673,40765
2024-01-02,0,1,"kairos",FALSE,1,39674,40766
2024-01-03,1,12,"kairos",FALSE,11,39685,40778
2024-01-04,0,3,"kairos",FALSE,3,39688,40781
2024-01-05,0,2,"kairos",FALSE,2,39690,40783
2024-01-06,0,2,"kairos",FALSE,2,39692,40785
2024-01-07,0,5,"kairos",FALSE,5,39697,40790
2024-01-08,0,9,"kairos",FALSE,9,39706,40799
2024-01-09,0,8,"kairos",FALSE,8,39714,40807
2024-01-10,2,21,"kairos",FALSE,19,39733,40828
2024-01-11,0,5,"kairos",FALSE,5,39738,40833
2024-01-12,0,36,"kairos",FALSE,36,39774,40869
2024-01-13,0,9,"kairos",FALSE,9,39783,40878
2024-01-14,0,3,"kairos",FALSE,3,39786,40881
2024-01-15,0,5,"kairos",FALSE,5,39791,40886
2024-01-16,0,11,"kairos",FALSE,11,39802,40897
2024-01-17,2,20,"kairos",FALSE,18,39820,40917
2024-01-18,0,15,"kairos",FALSE,15,39835,40932
2024-01-19,0,6,"kairos",FALSE,6,39841,40938
2024-01-20,0,6,"kairos",FALSE,6,39847,40944
2024-01-21,0,3,"kairos",FALSE,3,39850,40947
2024-01-22,0,9,"kairos",FALSE,9,39859,40956
2024-01-23,0,16,"kairos",FALSE,16,39875,40972
2024-01-24,10,128,"kairos",FALSE,118,39993,41100
2024-01-25,1,109,"kairos",FALSE,108,40101,41209
2024-01-26,0,5,"kairos",FALSE,5,40106,41214
2024-01-27,0,2,"kairos",FALSE,2,40108,41216
2024-01-28,0,3,"kairos",FALSE,3,40111,41219
2024-01-29,0,20,"kairos",FALSE,20,40131,41239
2024-01-30,0,22,"kairos",FALSE,22,40153,41261
2024-01-31,2,19,"kairos",FALSE,17,40170,41280
2024-02-01,0,3,"kairos",FALSE,3,40173,41283
2024-02-02,0,6,"kairos",FALSE,6,40179,41289
2024-02-03,0,16,"kairos",FALSE,16,40195,41305
2024-02-04,0,2,"kairos",FALSE,2,40197,41307
2024-02-05,0,4,"kairos",FALSE,4,40201,41311
2024-02-06,0,4,"kairos",FALSE,4,40205,41315
2024-02-07,2,16,"kairos",FALSE,14,40219,41331
2024-02-08,0,7,"kairos",FALSE,7,40226,41338
2024-02-09,0,4,"kairos",FALSE,4,40230,41342
2024-02-10,0,2,"kairos",FALSE,2,40232,41344
2024-02-11,0,1,"kairos",FALSE,1,40233,41345
2024-02-12,0,4,"kairos",FALSE,4,40237,41349
2024-02-13,0,8,"kairos",FALSE,8,40245,41357
2024-02-14,2,15,"kairos",FALSE,13,40258,41372
2024-02-15,0,4,"kairos",FALSE,4,40262,41376
2024-02-16,0,6,"kairos",FALSE,6,40268,41382
2024-02-17,0,5,"kairos",FALSE,5,40273,41387
2024-02-18,0,3,"kairos",FALSE,3,40276,41390
2024-02-19,0,6,"kairos",FALSE,6,40282,41396
2024-02-20,0,5,"kairos",FALSE,5,40287,41401
2024-02-21,2,18,"kairos",FALSE,16,40303,41419
2024-02-22,0,8,"kairos",FALSE,8,40311,41427
2024-02-23,0,12,"kairos",FALSE,12,40323,41439
2024-02-24,0,4,"kairos",FALSE,4,40327,41443
2024-02-25,0,8,"kairos",FALSE,8,40335,41451
2024-02-26,0,8,"kairos",TRUE,1,40336,41459
2024-02-27,0,43,"kairos",FALSE,1,40337,41502
2024-02-28,2,33,"kairos",FALSE,31,40368,41535
2024-02-29,0,9,"kairos",FALSE,9,40377,41544
2024-03-01,1,32,"kairos",FALSE,31,40408,41576
2024-03-02,0,5,"kairos",FALSE,5,40413,41581
2024-03-03,0,12,"kairos",FALSE,12,40425,41593
2024-03-04,0,16,"kairos",FALSE,16,40441,41609
2024-03-05,0,15,"kairos",FALSE,15,40456,41624
2024-03-06,1,20,"kairos",FALSE,19,40475,41644
2024-03-07,0,16,"kairos",FALSE,16,40491,41660
2024-03-08,0,14,"kairos",FALSE,14,40505,41674
2024-03-09,0,8,"kairos",FALSE,8,40513,41682
2024-03-10,0,7,"kairos",FALSE,7,40520,41689
2024-03-11,0,3,"kairos",FALSE,3,40523,41692
2024-03-12,0,9,"kairos",FALSE,9,40532,41701
2024-03-13,2,23,"kairos",FALSE,21,40553,41724
2024-03-14,0,10,"kairos",FALSE,10,40563,41734
2024-03-15,0,9,"kairos",FALSE,9,40572,41743
2024-03-16,0,9,"kairos",FALSE,9,40581,41752
2024-03-17,0,4,"kairos",FALSE,4,40585,41756
2024-03-18,0,7,"kairos",FALSE,7,40592,41763
2024-03-19,0,6,"kairos",FALSE,6,40598,41769
2024-03-20,0,11,"kairos",FALSE,11,40609,41780
2024-03-21,2,23,"kairos",FALSE,21,40630,41803
2024-03-22,0,9,"kairos",FALSE,9,40639,41812
2024-03-23,0,7,"kairos",FALSE,7,40646,41819
2024-03-24,0,9,"kairos",FALSE,9,40655,41828
2024-03-25,0,6,"kairos",FALSE,6,40661,41834
2024-03-26,0,14,"kairos",FALSE,14,40675,41848
2024-03-27,2,24,"kairos",FALSE,22,40697,41872
2024-03-28,0,15,"kairos",FALSE,15,40712,41887
2024-03-29,0,8,"kairos",FALSE,8,40720,41895
2024-03-30,0,7,"kairos",FALSE,7,40727,41902
2024-03-31,0,5,"kairos",FALSE,5,40732,41907
2024-04-01,0,5,"kairos",FALSE,5,40737,41912
2024-04-02,0,3,"kairos",FALSE,3,40740,41915
2024-04-03,2,22,"kairos",FALSE,20,40760,41937
2024-04-04,0,14,"kairos",FALSE,14,40774,41951
2024-04-05,0,6,"kairos",FALSE,6,40780,41957
2024-04-06,0,1,"kairos",FALSE,1,40781,41958
2024-04-07,0,10,"kairos",FALSE,10,40791,41968
2024-04-08,0,2,"kairos",FALSE,2,40793,41970
2024-04-09,0,12,"kairos",FALSE,12,40805,41982
2024-04-10,2,23,"kairos",FALSE,21,40826,42005
2024-04-11,0,2,"kairos",FALSE,2,40828,42007
2024-04-12,0,8,"kairos",FALSE,8,40836,42015
2024-04-13,0,2,"kairos",FALSE,2,40838,42017
2024-04-14,0,3,"kairos",FALSE,3,40841,42020
2024-04-15,0,3,"kairos",FALSE,3,40844,42023
2024-04-16,0,5,"kairos",FALSE,5,40849,42028
2024-04-17,2,25,"kairos",FALSE,23,40872,42053
2024-04-18,0,9,"kairos",FALSE,9,40881,42062
2024-04-19,0,2,"kairos",FALSE,2,40883,42064
2024-04-20,0,2,"kairos",FALSE,2,40885,42066
2024-04-21,0,6,"kairos",FALSE,6,40891,42072
2024-04-22,0,12,"kairos",FALSE,12,40903,42084
2024-04-23,0,8,"kairos",FALSE,8,40911,42092
2024-04-24,0,10,"kairos",FALSE,10,40921,42102
2024-04-25,0,19,"kairos",FALSE,19,40940,42121
2024-04-26,0,9,"kairos",FALSE,9,40949,42130
2024-04-27,0,4,"kairos",FALSE,4,40953,42134
2024-04-28,0,10,"kairos",FALSE,10,40963,42144
2024-04-29,0,9,"kairos",FALSE,9,40972,42153
2024-04-30,0,8,"kairos",FALSE,8,40980,42161
2024-05-01,2,21,"kairos",FALSE,19,40999,42182
2024-05-02,0,8,"kairos",FALSE,8,41007,42190
2024-05-03,0,4,"kairos",FALSE,4,41011,42194
2024-05-04,0,4,"kairos",FALSE,4,41015,42198
2024-05-05,0,5,"kairos",FALSE,5,41020,42203
2024-05-06,0,10,"kairos",FALSE,10,41030,42213
2024-05-07,0,6,"kairos",FALSE,6,41036,42219
2024-05-08,2,25,"kairos",FALSE,23,41059,42244
2024-05-09,0,6,"kairos",FALSE,6,41065,42250
2024-05-10,0,9,"kairos",FALSE,9,41074,42259
2024-05-11,0,4,"kairos",FALSE,4,41078,42263
2024-05-12,0,6,"kairos",FALSE,6,41084,42269
2024-05-13,0,6,"kairos",FALSE,6,41090,42275
2024-05-14,0,8,"kairos",FALSE,8,41098,42283
2024-05-15,2,20,"kairos",FALSE,18,41116,42303
2024-05-16,0,5,"kairos",FALSE,5,41121,42308
2024-05-17,0,8,"kairos",FALSE,8,41129,42316
2024-05-18,0,4,"kairos",FALSE,4,41133,42320
2024-05-19,0,2,"kairos",FALSE,2,41135,42322
2024-05-20,0,3,"kairos",FALSE,3,41138,42325
2024-05-21,0,5,"kairos",FALSE,5,41143,42330
2024-05-22,2,33,"kairos",FALSE,31,41174,42363
2024-05-23,0,3,"kairos",FALSE,3,41177,42366
2024-05-24,0,7,"kairos",FALSE,7,41184,42373
2024-05-25,0,1,"kairos",FALSE,1,41185,42374
2024-05-26,0,8,"kairos",FALSE,8,41193,42382
2024-05-27,0,8,"kairos",FALSE,8,41201,42390
2024-05-28,0,4,"kairos",FALSE,4,41205,42394
2024-05-29,3,23,"kairos",FALSE,20,41225,42417
2024-05-30,0,16,"kairos",FALSE,16,41241,42433
2024-05-31,0,12,"kairos",FALSE,12,41253,42445
2024-06-01,0,4,"kairos",FALSE,4,41257,42449
2024-06-02,0,7,"kairos",FALSE,7,41264,42456
2024-06-03,0,4,"kairos",FALSE,4,41268,42460
2024-06-04,0,17,"kairos",FALSE,17,41285,42477
2024-06-05,2,31,"kairos",FALSE,29,41314,42508
2024-06-06,0,4,"kairos",FALSE,4,41318,42512
2024-06-07,0,3,"kairos",FALSE,3,41321,42515
2024-06-08,0,9,"kairos",FALSE,9,41330,42524
2024-06-09,0,4,"kairos",FALSE,4,41334,42528
2024-06-10,0,2,"kairos",FALSE,2,41336,42530
2024-06-11,0,11,"kairos",FALSE,11,41347,42541
2024-06-12,2,19,"kairos",FALSE,17,41364,42560
2024-06-13,0,5,"kairos",FALSE,5,41369,42565
2024-06-14,0,3,"kairos",FALSE,3,41372,42568
2024-06-15,0,2,"kairos",FALSE,2,41374,42570
2024-06-16,0,7,"kairos",FALSE,7,41381,42577
2024-06-17,0,8,"kairos",FALSE,8,41389,42585
2024-06-18,0,5,"kairos",FALSE,5,41394,42590
2024-06-19,2,20,"kairos",FALSE,18,41412,42610
2024-06-20,0,4,"kairos",FALSE,4,41416,42614
2024-06-21,0,8,"kairos",FALSE,8,41424,42622
2024-06-22,0,13,"kairos",FALSE,13,41437,42635
2024-06-23,0,10,"kairos",FALSE,10,41447,42645
2024-06-24,0,8,"kairos",FALSE,8,41455,42653
2024-06-25,0,6,"kairos",FALSE,6,41461,42659
2024-06-26,0,15,"kairos",FALSE,15,41476,42674
2024-06-27,0,15,"kairos",FALSE,15,41491,42689
2024-06-28,0,3,"kairos",FALSE,3,41494,42692
2024-06-29,0,3,"kairos",FALSE,3,41497,42695
2024-06-30,0,2,"kairos",FALSE,2,41499,42697
2024-07-01,0,12,"kairos",FALSE,12,41511,42709
2024-07-02,0,9,"kairos",FALSE,9,41520,42718
2024-07-03,2,20,"kairos",FALSE,18,41538,42738
2024-07-04,0,11,"kairos",FALSE,11,41549,42749
2024-07-05,0,6,"kairos",FALSE,6,41555,42755
2024-07-06,0,4,"kairos",FALSE,4,41559,42759
2024-07-07,0,3,"kairos",FALSE,3,41562,42762
2024-07-08,0,6,"kairos",FALSE,6,41568,42768
2024-07-09,0,6,"kairos",FALSE,6,41574,42774
2024-07-10,0,13,"kairos",FALSE,13,41587,42787
2024-07-11,0,17,"kairos",FALSE,17,41604,42804
2024-07-12,0,14,"kairos",FALSE,14,41618,42818
2024-07-13,0,2,"kairos",FALSE,2,41620,42820
2024-07-14,0,6,"kairos",FALSE,6,41626,42826
2024-07-15,0,5,"kairos",FALSE,5,41631,42831
2024-07-16,0,8,"kairos",FALSE,8,41639,42839
2024-07-17,3,31,"kairos",FALSE,28,41667,42870
2024-07-18,0,10,"kairos",FALSE,10,41677,42880
2024-07-19,0,3,"kairos",FALSE,3,41680,42883
2024-07-20,0,7,"kairos",FALSE,7,41687,42890
2024-07-21,0,1,"kairos",FALSE,1,41688,42891
2024-07-22,0,8,"kairos",FALSE,8,41696,42899
2024-07-23,0,29,"kairos",FALSE,29,41725,42928
2024-07-24,2,35,"kairos",FALSE,33,41758,42963
2024-07-25,0,14,"kairos",FALSE,14,41772,42977
2024-07-26,0,10,"kairos",TRUE,1,41773,42987
2024-07-27,0,11,"kairos",FALSE,1,41774,42998
2024-07-28,0,15,"kairos",FALSE,15,41789,43013
2024-07-29,0,43,"kairos",FALSE,43,41832,43056
2024-07-30,0,26,"kairos",FALSE,26,41858,43082
2024-07-31,0,14,"kairos",FALSE,14,41872,43096
2024-08-01,1,36,"kairos",FALSE,35,41907,43132
2024-08-02,0,5,"kairos",FALSE,5,41912,43137
2024-08-03,0,2,"kairos",FALSE,2,41914,43139
2024-08-04,0,13,"kairos",FALSE,13,41927,43152
2024-08-05,0,9,"kairos",FALSE,9,41936,43161
2024-08-06,0,10,"kairos",FALSE,10,41946,43171
2024-08-07,0,16,"kairos",FALSE,16,41962,43187
2024-08-08,2,19,"kairos",FALSE,17,41979,43206
2024-08-09,0,4,"kairos",FALSE,4,41983,43210
2024-08-10,0,2,"kairos",FALSE,2,41985,43212
2024-08-11,0,3,"kairos",FALSE,3,41988,43215
2024-08-12,0,6,"kairos",FALSE,6,41994,43221
2024-08-13,0,7,"kairos",FALSE,7,42001,43228
2024-08-14,0,9,"kairos",FALSE,9,42010,43237
2024-08-15,2,30,"kairos",FALSE,28,42038,43267
2024-08-16,0,11,"kairos",FALSE,11,42049,43278
2024-08-17,0,4,"kairos",FALSE,4,42053,43282
2024-08-18,0,2,"kairos",FALSE,2,42055,43284
2024-08-19,0,7,"kairos",FALSE,7,42062,43291
2024-08-20,0,10,"kairos",FALSE,10,42072,43301
2024-08-21,0,14,"kairos",FALSE,14,42086,43315
2024-08-22,0,37,"kairos",FALSE,37,42123,43352
2024-08-23,0,10,"kairos",FALSE,10,42133,43362
2024-08-24,0,11,"kairos",FALSE,11,42144,43373
2024-08-25,0,6,"kairos",FALSE,6,42150,43379
2024-08-26,0,11,"kairos",FALSE,11,42161,43390
2024-08-27,0,9,"kairos",FALSE,9,42170,43399
2024-08-28,2,24,"kairos",FALSE,22,42192,43423
2024-08-29,0,11,"kairos",FALSE,11,42203,43434
2024-08-30,0,6,"kairos",FALSE,6,42209,43440
2024-08-31,0,12,"kairos",FALSE,12,42221,43452
2024-09-01,0,3,"kairos",FALSE,3,42224,43455
2024-09-02,0,4,"kairos",FALSE,4,42228,43459
2024-09-03,0,8,"kairos",FALSE,8,42236,43467
2024-09-04,2,25,"kairos",FALSE,23,42259,43492
2024-09-05,0,8,"kairos",FALSE,8,42267,43500
2024-09-06,0,18,"kairos",FALSE,18,42285,43518
2024-09-07,0,2,"kairos",FALSE,2,42287,43520
2024-09-08,0,13,"kairos",FALSE,13,42300,43533
2024-09-09,0,9,"kairos",FALSE,9,42309,43542
2024-09-10,0,9,"kairos",FALSE,9,42318,43551
2024-09-11,3,44,"kairos",FALSE,41,42359,43595
2024-09-12,0,6,"kairos",FALSE,6,42365,43601
2024-09-13,0,3,"kairos",FALSE,3,42368,43604
2024-09-14,0,8,"kairos",FALSE,8,42376,43612
2024-09-15,0,3,"kairos",FALSE,3,42379,43615
2024-09-16,0,6,"kairos",FALSE,6,42385,43621
2024-09-17,0,2,"kairos",FALSE,2,42387,43623
2024-09-18,2,19,"kairos",FALSE,17,42404,43642
2024-09-19,0,7,"kairos",FALSE,7,42411,43649
2024-09-20,0,3,"kairos",FALSE,3,42414,43652
2024-09-21,0,10,"kairos",FALSE,10,42424,43662
2024-09-22,0,1,"kairos",FALSE,1,42425,43663
2024-09-23,0,7,"kairos",FALSE,7,42432,43670
2024-09-24,0,7,"kairos",FALSE,7,42439,43677
2024-09-25,0,10,"kairos",FALSE,10,42449,43687
2024-09-26,1,23,"kairos",FALSE,22,42471,43710
2024-09-27,0,16,"kairos",FALSE,16,42487,43726
2024-09-28,1,17,"kairos",FALSE,16,42503,43743
2024-09-29,0,0,"kairos",FALSE,0,42503,43743
2024-09-30,0,0,"kairos",FALSE,0,42503,43743
2018-10-18,9,0,"khroma",FALSE,0,0,0
2018-10-19,9,119,"khroma",TRUE,1,1,119
2018-10-20,2,6,"khroma",FALSE,1,2,125
2018-10-21,4,3,"khroma",FALSE,0,2,128
2018-10-22,8,10,"khroma",FALSE,2,4,138
2018-10-23,5,8,"khroma",FALSE,3,7,146
2018-10-24,7,12,"khroma",FALSE,5,12,158
2018-10-25,2,4,"khroma",FALSE,2,14,162
2018-10-26,5,6,"khroma",FALSE,1,15,168
2018-10-27,1,2,"khroma",FALSE,1,16,170
2018-10-28,1,8,"khroma",FALSE,7,23,178
2018-10-29,9,10,"khroma",FALSE,1,24,188
2018-10-30,3,5,"khroma",FALSE,2,26,193
2018-10-31,7,6,"khroma",FALSE,0,26,199
2018-11-01,6,8,"khroma",FALSE,2,28,207
2018-11-02,1,3,"khroma",FALSE,2,30,210
2018-11-03,2,3,"khroma",FALSE,1,31,213
2018-11-04,3,3,"khroma",FALSE,0,31,216
2018-11-05,4,4,"khroma",FALSE,0,31,220
2018-11-06,3,5,"khroma",FALSE,2,33,225
2018-11-07,6,7,"khroma",FALSE,1,34,232
2018-11-08,6,8,"khroma",FALSE,2,36,240
2018-11-09,11,19,"khroma",FALSE,8,44,259
2018-11-10,6,7,"khroma",FALSE,1,45,266
2018-11-11,4,4,"khroma",FALSE,0,45,270
2018-11-12,8,9,"khroma",FALSE,1,46,279
2018-11-13,11,16,"khroma",FALSE,5,51,295
2018-11-14,10,14,"khroma",FALSE,4,55,309
2018-11-15,8,8,"khroma",FALSE,0,55,317
2018-11-16,4,6,"khroma",FALSE,2,57,323
2018-11-17,5,6,"khroma",FALSE,1,58,329
2018-11-18,8,8,"khroma",FALSE,0,58,337
2018-11-19,7,7,"khroma",FALSE,0,58,344
2018-11-20,3,7,"khroma",FALSE,4,62,351
2018-11-21,7,9,"khroma",FALSE,2,64,360
2018-11-22,6,8,"khroma",FALSE,2,66,368
2018-11-23,6,7,"khroma",FALSE,1,67,375
2018-11-24,6,6,"khroma",FALSE,0,67,381
2018-11-25,3,6,"khroma",FALSE,3,70,387
2018-11-26,5,12,"khroma",FALSE,7,77,399
2018-11-27,11,13,"khroma",FALSE,2,79,412
2018-11-28,4,5,"khroma",FALSE,1,80,417
2018-11-29,5,6,"khroma",FALSE,1,81,423
2018-11-30,1,4,"khroma",FALSE,3,84,427
2018-12-01,3,5,"khroma",FALSE,2,86,432
2018-12-02,2,3,"khroma",FALSE,1,87,435
2018-12-03,9,10,"khroma",FALSE,1,88,445
2018-12-04,2,3,"khroma",FALSE,1,89,448
2018-12-05,7,5,"khroma",FALSE,0,89,453
2018-12-06,5,3,"khroma",FALSE,0,89,456
2018-12-07,12,15,"khroma",FALSE,3,92,471
2018-12-08,2,3,"khroma",FALSE,1,93,474
2018-12-09,3,5,"khroma",FALSE,2,95,479
2018-12-10,4,4,"khroma",FALSE,0,95,483
2018-12-11,0,1,"khroma",FALSE,1,96,484
2018-12-12,7,9,"khroma",FALSE,2,98,493
2018-12-13,10,10,"khroma",FALSE,0,98,503
2018-12-14,3,5,"khroma",FALSE,2,100,508
2018-12-15,7,8,"khroma",FALSE,1,101,516
2018-12-16,3,5,"khroma",FALSE,2,103,521
2018-12-17,0,1,"khroma",FALSE,1,104,522
2018-12-18,8,12,"khroma",FALSE,4,108,534
2018-12-19,8,9,"khroma",FALSE,1,109,543
2018-12-20,4,6,"khroma",FALSE,2,111,549
2018-12-21,5,9,"khroma",FALSE,4,115,558
2018-12-22,2,2,"khroma",FALSE,0,115,560
2018-12-23,6,6,"khroma",FALSE,0,115,566
2018-12-24,2,2,"khroma",FALSE,0,115,568
2018-12-25,5,7,"khroma",FALSE,2,117,575
2018-12-26,6,6,"khroma",FALSE,0,117,581
2018-12-27,6,7,"khroma",FALSE,1,118,588
2018-12-28,7,7,"khroma",FALSE,0,118,595
2018-12-29,4,4,"khroma",FALSE,0,118,599
2018-12-30,2,2,"khroma",FALSE,0,118,601
2018-12-31,4,5,"khroma",FALSE,1,119,606
2019-01-01,1,1,"khroma",FALSE,0,119,607
2019-01-02,8,10,"khroma",FALSE,2,121,617
2019-01-03,4,5,"khroma",FALSE,1,122,622
2019-01-04,4,4,"khroma",FALSE,0,122,626
2019-01-05,2,2,"khroma",FALSE,0,122,628
2019-01-06,5,5,"khroma",FALSE,0,122,633
2019-01-07,8,12,"khroma",FALSE,4,126,645
2019-01-08,18,20,"khroma",FALSE,2,128,665
2019-01-09,8,8,"khroma",FALSE,0,128,673
2019-01-10,7,9,"khroma",FALSE,2,130,682
2019-01-11,8,8,"khroma",FALSE,0,130,690
2019-01-12,3,3,"khroma",FALSE,0,130,693
2019-01-13,1,3,"khroma",FALSE,2,132,696
2019-01-14,10,10,"khroma",FALSE,0,132,706
2019-01-15,8,11,"khroma",FALSE,3,135,717
2019-01-16,10,9,"khroma",FALSE,0,135,726
2019-01-17,4,7,"khroma",FALSE,3,138,733
2019-01-18,7,11,"khroma",FALSE,4,142,744
2019-01-19,8,9,"khroma",FALSE,1,143,753
2019-01-20,7,7,"khroma",FALSE,0,143,760
2019-01-21,7,8,"khroma",FALSE,1,144,768
2019-01-22,5,6,"khroma",FALSE,1,145,774
2019-01-23,11,15,"khroma",FALSE,4,149,789
2019-01-24,8,10,"khroma",FALSE,2,151,799
2019-01-25,5,6,"khroma",FALSE,1,152,805
2019-01-26,1,2,"khroma",FALSE,1,153,807
2019-01-27,2,2,"khroma",FALSE,0,153,809
2019-01-28,6,6,"khroma",FALSE,0,153,815
2019-01-29,8,9,"khroma",FALSE,1,154,824
2019-01-30,11,9,"khroma",FALSE,0,154,833
2019-01-31,4,7,"khroma",FALSE,3,157,840
2019-02-01,3,4,"khroma",FALSE,1,158,844
2019-02-02,1,4,"khroma",FALSE,3,161,848
2019-02-03,2,3,"khroma",FALSE,1,162,851
2019-02-04,10,11,"khroma",FALSE,1,163,862
2019-02-05,6,9,"khroma",FALSE,3,166,871
2019-02-06,13,15,"khroma",FALSE,2,168,886
2019-02-07,4,4,"khroma",FALSE,0,168,890
2019-02-08,3,5,"khroma",FALSE,2,170,895
2019-02-09,7,7,"khroma",FALSE,0,170,902
2019-02-10,4,4,"khroma",FALSE,0,170,906
2019-02-11,10,9,"khroma",FALSE,0,170,915
2019-02-12,10,12,"khroma",FALSE,2,172,927
2019-02-13,9,9,"khroma",FALSE,0,172,936
2019-02-14,3,3,"khroma",FALSE,0,172,939
2019-02-15,5,5,"khroma",FALSE,0,172,944
2019-02-16,2,3,"khroma",FALSE,1,173,947
2019-02-17,7,8,"khroma",FALSE,1,174,955
2019-02-18,10,11,"khroma",FALSE,1,175,966
2019-02-19,7,7,"khroma",FALSE,0,175,973
2019-02-20,10,17,"khroma",FALSE,7,182,990
2019-02-21,9,9,"khroma",FALSE,0,182,999
2019-02-22,6,10,"khroma",FALSE,4,186,1009
2019-02-23,1,1,"khroma",FALSE,0,186,1010
2019-02-24,2,179,"khroma",TRUE,1,187,1189
2019-02-25,8,146,"khroma",FALSE,1,188,1335
2019-02-26,5,11,"khroma",FALSE,6,194,1346
2019-02-27,3,13,"khroma",FALSE,10,204,1359
2019-02-28,7,8,"khroma",FALSE,1,205,1367
2019-03-01,4,10,"khroma",FALSE,6,211,1377
2019-03-02,1,3,"khroma",FALSE,2,213,1380
2019-03-03,6,7,"khroma",FALSE,1,214,1387
2019-03-04,4,13,"khroma",FALSE,9,223,1400
2019-03-05,10,11,"khroma",FALSE,1,224,1411
2019-03-06,6,11,"khroma",FALSE,5,229,1422
2019-03-07,10,12,"khroma",FALSE,2,231,1434
2019-03-08,11,16,"khroma",FALSE,5,236,1450
2019-03-09,5,13,"khroma",FALSE,8,244,1463
2019-03-10,5,8,"khroma",FALSE,3,247,1471
2019-03-11,4,11,"khroma",FALSE,7,254,1482
2019-03-12,9,17,"khroma",FALSE,8,262,1499
2019-03-13,11,23,"khroma",FALSE,12,274,1522
2019-03-14,3,14,"khroma",FALSE,11,285,1536
2019-03-15,8,16,"khroma",FALSE,8,293,1552
2019-03-16,6,9,"khroma",FALSE,3,296,1561
2019-03-17,8,8,"khroma",FALSE,0,296,1569
2019-03-18,7,19,"khroma",FALSE,12,308,1588
2019-03-19,9,13,"khroma",FALSE,4,312,1601
2019-03-20,11,17,"khroma",FALSE,6,318,1618
2019-03-21,6,5,"khroma",FALSE,0,318,1623
2019-03-22,9,10,"khroma",FALSE,1,319,1633
2019-03-23,4,3,"khroma",FALSE,0,319,1636
2019-03-24,3,7,"khroma",FALSE,4,323,1643
2019-03-25,6,8,"khroma",FALSE,2,325,1651
2019-03-26,6,10,"khroma",FALSE,4,329,1661
2019-03-27,17,20,"khroma",FALSE,3,332,1681
2019-03-28,9,15,"khroma",FALSE,6,338,1696
2019-03-29,11,11,"khroma",FALSE,0,338,1707
2019-03-30,3,3,"khroma",FALSE,0,338,1710
2019-03-31,5,7,"khroma",FALSE,2,340,1717
2019-04-01,8,11,"khroma",FALSE,3,343,1728
2019-04-02,18,26,"khroma",FALSE,8,351,1754
2019-04-03,10,17,"khroma",FALSE,7,358,1771
2019-04-04,12,18,"khroma",FALSE,6,364,1789
2019-04-05,7,8,"khroma",FALSE,1,365,1797
2019-04-06,12,12,"khroma",FALSE,0,365,1809
2019-04-07,5,6,"khroma",FALSE,1,366,1815
2019-04-08,7,13,"khroma",FALSE,6,372,1828
2019-04-09,8,11,"khroma",FALSE,3,375,1839
2019-04-10,11,228,"khroma",TRUE,1,376,2067
2019-04-11,4,21,"khroma",FALSE,1,377,2088
2019-04-12,11,22,"khroma",FALSE,11,388,2110
2019-04-13,4,10,"khroma",FALSE,6,394,2120
2019-04-14,5,6,"khroma",FALSE,1,395,2126
2019-04-15,8,14,"khroma",FALSE,6,401,2140
2019-04-16,6,10,"khroma",FALSE,4,405,2150
2019-04-17,13,24,"khroma",FALSE,11,416,2174
2019-04-18,7,13,"khroma",FALSE,6,422,2187
2019-04-19,9,11,"khroma",FALSE,2,424,2198
2019-04-20,9,13,"khroma",FALSE,4,428,2211
2019-04-21,8,10,"khroma",FALSE,2,430,2221
2019-04-22,5,10,"khroma",FALSE,5,435,2231
2019-04-23,4,6,"khroma",FALSE,2,437,2237
2019-04-24,8,16,"khroma",FALSE,8,445,2253
2019-04-25,8,18,"khroma",FALSE,10,455,2271
2019-04-26,1,4,"khroma",FALSE,3,458,2275
2019-04-27,2,3,"khroma",FALSE,1,459,2278
2019-04-28,5,11,"khroma",FALSE,6,465,2289
2019-04-29,20,22,"khroma",FALSE,2,467,2311
2019-04-30,8,10,"khroma",FALSE,2,469,2321
2019-05-01,5,12,"khroma",FALSE,7,476,2333
2019-05-02,9,17,"khroma",FALSE,8,484,2350
2019-05-03,7,7,"khroma",FALSE,0,484,2357
2019-05-04,1,4,"khroma",FALSE,3,487,2361
2019-05-05,8,13,"khroma",FALSE,5,492,2374
2019-05-06,20,24,"khroma",FALSE,4,496,2398
2019-05-07,15,17,"khroma",FALSE,2,498,2415
2019-05-08,10,24,"khroma",FALSE,14,512,2439
2019-05-09,5,7,"khroma",FALSE,2,514,2446
2019-05-10,3,4,"khroma",FALSE,1,515,2450
2019-05-11,4,5,"khroma",FALSE,1,516,2455
2019-05-12,15,18,"khroma",FALSE,3,519,2473
2019-05-13,17,17,"khroma",FALSE,0,519,2490
2019-05-14,12,17,"khroma",FALSE,5,524,2507
2019-05-15,49,52,"khroma",FALSE,3,527,2559
2019-05-16,26,24,"khroma",FALSE,0,527,2583
2019-05-17,16,16,"khroma",FALSE,0,527,2599
2019-05-18,18,22,"khroma",FALSE,4,531,2621
2019-05-19,18,17,"khroma",FALSE,0,531,2638
2019-05-20,7,8,"khroma",FALSE,1,532,2646
2019-05-21,5,10,"khroma",FALSE,5,537,2656
2019-05-22,6,8,"khroma",FALSE,2,539,2664
2019-05-23,7,11,"khroma",FALSE,4,543,2675
2019-05-24,8,12,"khroma",FALSE,4,547,2687
2019-05-25,2,4,"khroma",FALSE,2,549,2691
2019-05-26,5,7,"khroma",FALSE,2,551,2698
2019-05-27,7,8,"khroma",FALSE,1,552,2706
2019-05-28,5,10,"khroma",FALSE,5,557,2716
2019-05-29,8,12,"khroma",FALSE,4,561,2728
2019-05-30,3,4,"khroma",FALSE,1,562,2732
2019-05-31,6,6,"khroma",FALSE,0,562,2738
2019-06-01,4,4,"khroma",FALSE,0,562,2742
2019-06-02,1,500,"khroma",TRUE,1,563,3242
2019-06-03,1,12,"khroma",FALSE,1,564,3254
2019-06-04,5,25,"khroma",FALSE,20,584,3279
2019-06-05,8,44,"khroma",TRUE,1,585,3323
2019-06-06,4,22,"khroma",FALSE,1,586,3345
2019-06-07,6,11,"khroma",FALSE,5,591,3356
2019-06-08,5,8,"khroma",FALSE,3,594,3364
2019-06-09,1,2,"khroma",FALSE,1,595,3366
2019-06-10,2,6,"khroma",FALSE,4,599,3372
2019-06-11,0,26,"khroma",FALSE,26,625,3398
2019-06-12,2,13,"khroma",FALSE,11,636,3411
2019-06-13,7,11,"khroma",FALSE,4,640,3422
2019-06-14,4,11,"khroma",FALSE,7,647,3433
2019-06-15,2,4,"khroma",FALSE,2,649,3437
2019-06-16,1,3,"khroma",FALSE,2,651,3440
2019-06-17,6,8,"khroma",FALSE,2,653,3448
2019-06-18,5,29,"khroma",FALSE,24,677,3477
2019-06-19,2,30,"khroma",FALSE,28,705,3507
2019-06-20,2,9,"khroma",FALSE,7,712,3516
2019-06-21,1,5,"khroma",FALSE,4,716,3521
2019-06-22,2,4,"khroma",FALSE,2,718,3525
2019-06-23,1,3,"khroma",FALSE,2,720,3528
2019-06-24,4,8,"khroma",FALSE,4,724,3536
2019-06-25,10,13,"khroma",FALSE,3,727,3549
2019-06-26,5,6,"khroma",FALSE,1,728,3555
2019-06-27,4,8,"khroma",FALSE,4,732,3563
2019-06-28,7,15,"khroma",FALSE,8,740,3578
2019-06-29,9,8,"khroma",FALSE,0,740,3586
2019-06-30,3,6,"khroma",FALSE,3,743,3592
2019-07-01,10,13,"khroma",FALSE,3,746,3605
2019-07-02,5,9,"khroma",FALSE,4,750,3614
2019-07-03,13,18,"khroma",FALSE,5,755,3632
2019-07-04,5,7,"khroma",FALSE,2,757,3639
2019-07-05,8,10,"khroma",FALSE,2,759,3649
2019-07-06,3,7,"khroma",FALSE,4,763,3656
2019-07-07,6,6,"khroma",FALSE,0,763,3662
2019-07-08,10,11,"khroma",FALSE,1,764,3673
2019-07-09,7,45,"khroma",FALSE,38,802,3718
2019-07-10,9,15,"khroma",FALSE,6,808,3733
2019-07-11,11,15,"khroma",FALSE,4,812,3748
2019-07-12,9,14,"khroma",FALSE,5,817,3762
2019-07-13,10,12,"khroma",FALSE,2,819,3774
2019-07-14,4,5,"khroma",FALSE,1,820,3779
2019-07-15,7,6,"khroma",FALSE,0,820,3785
2019-07-16,8,12,"khroma",FALSE,4,824,3797
2019-07-17,7,19,"khroma",FALSE,12,836,3816
2019-07-18,25,26,"khroma",FALSE,1,837,3842
2019-07-19,10,13,"khroma",FALSE,3,840,3855
2019-07-20,6,10,"khroma",FALSE,4,844,3865
2019-07-21,14,15,"khroma",FALSE,1,845,3880
2019-07-22,27,31,"khroma",FALSE,4,849,3911
2019-07-23,18,17,"khroma",FALSE,0,849,3928
2019-07-24,6,13,"khroma",FALSE,7,856,3941
2019-07-25,8,12,"khroma",FALSE,4,860,3953
2019-07-26,8,8,"khroma",FALSE,0,860,3961
2019-07-27,6,12,"khroma",FALSE,6,866,3973
2019-07-28,0,5,"khroma",FALSE,5,871,3978
2019-07-29,5,7,"khroma",FALSE,2,873,3985
2019-07-30,7,14,"khroma",FALSE,7,880,3999
2019-07-31,16,20,"khroma",FALSE,4,884,4019
2019-08-01,2,4,"khroma",FALSE,2,886,4023
2019-08-02,8,13,"khroma",FALSE,5,891,4036
2019-08-03,1,2,"khroma",FALSE,1,892,4038
2019-08-04,1,2,"khroma",FALSE,1,893,4040
2019-08-05,6,10,"khroma",FALSE,4,897,4050
2019-08-06,9,9,"khroma",FALSE,0,897,4059
2019-08-07,23,27,"khroma",FALSE,4,901,4086
2019-08-08,4,4,"khroma",FALSE,0,901,4090
2019-08-09,8,8,"khroma",FALSE,0,901,4098
2019-08-10,6,5,"khroma",FALSE,0,901,4103
2019-08-11,11,11,"khroma",FALSE,0,901,4114
2019-08-12,10,7,"khroma",FALSE,0,901,4121
2019-08-13,2,3,"khroma",FALSE,1,902,4124
2019-08-14,7,13,"khroma",FALSE,6,908,4137
2019-08-15,3,3,"khroma",FALSE,0,908,4140
2019-08-16,8,9,"khroma",FALSE,1,909,4149
2019-08-17,7,5,"khroma",FALSE,0,909,4154
2019-08-18,3,7,"khroma",FALSE,4,913,4161
2019-08-19,3,7,"khroma",TRUE,1,914,4168
2019-08-20,3,14,"khroma",FALSE,1,915,4182
2019-08-21,6,26,"khroma",FALSE,20,935,4208
2019-08-22,9,16,"khroma",FALSE,7,942,4224
2019-08-23,5,9,"khroma",FALSE,4,946,4233
2019-08-24,1,3,"khroma",FALSE,2,948,4236
2019-08-25,1,3,"khroma",FALSE,2,950,4239
2019-08-26,3,6,"khroma",FALSE,3,953,4245
2019-08-27,4,9,"khroma",FALSE,5,958,4254
2019-08-28,6,22,"khroma",FALSE,16,974,4276
2019-08-29,6,32,"khroma",FALSE,26,1000,4308
2019-08-30,8,12,"khroma",FALSE,4,1004,4320
2019-08-31,5,6,"khroma",FALSE,1,1005,4326
2019-09-01,2,4,"khroma",FALSE,2,1007,4330
2019-09-02,3,7,"khroma",FALSE,4,1011,4337
2019-09-03,10,21,"khroma",FALSE,11,1022,4358
2019-09-04,13,27,"khroma",FALSE,14,1036,4385
2019-09-05,12,14,"khroma",FALSE,2,1038,4399
2019-09-06,8,18,"khroma",FALSE,10,1048,4417
2019-09-07,5,8,"khroma",FALSE,3,1051,4425
2019-09-08,4,12,"khroma",FALSE,8,1059,4437
2019-09-09,5,12,"khroma",FALSE,7,1066,4449
2019-09-10,17,14,"khroma",FALSE,0,1066,4463
2019-09-11,8,13,"khroma",FALSE,5,1071,4476
2019-09-12,8,10,"khroma",FALSE,2,1073,4486
2019-09-13,8,13,"khroma",FALSE,5,1078,4499
2019-09-14,4,7,"khroma",FALSE,3,1081,4506
2019-09-15,7,9,"khroma",FALSE,2,1083,4515
2019-09-16,13,18,"khroma",FALSE,5,1088,4533
2019-09-17,31,35,"khroma",FALSE,4,1092,4568
2019-09-18,19,24,"khroma",FALSE,5,1097,4592
2019-09-19,7,11,"khroma",FALSE,4,1101,4603
2019-09-20,8,14,"khroma",FALSE,6,1107,4617
2019-09-21,8,12,"khroma",FALSE,4,1111,4629
2019-09-22,4,6,"khroma",FALSE,2,1113,4635
2019-09-23,8,13,"khroma",FALSE,5,1118,4648
2019-09-24,6,5,"khroma",FALSE,0,1118,4653
2019-09-25,8,25,"khroma",FALSE,17,1135,4678
2019-09-26,5,5,"khroma",FALSE,0,1135,4683
2019-09-27,3,3,"khroma",FALSE,0,1135,4686
2019-09-28,4,3,"khroma",FALSE,0,1135,4689
2019-09-29,3,2,"khroma",FALSE,0,1135,4691
2019-09-30,6,9,"khroma",FALSE,3,1138,4700
2019-10-01,5,13,"khroma",FALSE,8,1146,4713
2019-10-02,7,13,"khroma",FALSE,6,1152,4726
2019-10-03,8,3,"khroma",FALSE,0,1152,4729
2019-10-04,5,11,"khroma",FALSE,6,1158,4740
2019-10-05,6,7,"khroma",FALSE,1,1159,4747
2019-10-06,4,8,"khroma",FALSE,4,1163,4755
2019-10-07,2,5,"khroma",FALSE,3,1166,4760
2019-10-08,4,9,"khroma",FALSE,5,1171,4769
2019-10-09,8,13,"khroma",FALSE,5,1176,4782
2019-10-10,4,19,"khroma",FALSE,15,1191,4801
2019-10-11,13,18,"khroma",FALSE,5,1196,4819
2019-10-12,10,11,"khroma",FALSE,1,1197,4830
2019-10-13,6,6,"khroma",FALSE,0,1197,4836
2019-10-14,11,10,"khroma",FALSE,0,1197,4846
2019-10-15,9,8,"khroma",FALSE,0,1197,4854
2019-10-16,6,10,"khroma",FALSE,4,1201,4864
2019-10-17,8,12,"khroma",FALSE,4,1205,4876
2019-10-18,6,10,"khroma",FALSE,4,1209,4886
2019-10-19,4,5,"khroma",FALSE,1,1210,4891
2019-10-20,2,3,"khroma",FALSE,1,1211,4894
2019-10-21,8,17,"khroma",FALSE,9,1220,4911
2019-10-22,15,29,"khroma",FALSE,14,1234,4940
2019-10-23,16,21,"khroma",FALSE,5,1239,4961
2019-10-24,9,10,"khroma",FALSE,1,1240,4971
2019-10-25,4,5,"khroma",FALSE,1,1241,4976
2019-10-26,3,12,"khroma",TRUE,1,1242,4988
2019-10-27,3,13,"khroma",FALSE,1,1243,5001
2019-10-28,3,14,"khroma",FALSE,11,1254,5015
2019-10-29,4,13,"khroma",FALSE,9,1263,5028
2019-10-30,5,15,"khroma",FALSE,10,1273,5043
2019-10-31,5,12,"khroma",FALSE,7,1280,5055
2019-11-01,3,12,"khroma",FALSE,9,1289,5067
2019-11-02,3,8,"khroma",FALSE,5,1294,5075
2019-11-03,2,4,"khroma",FALSE,2,1296,5079
2019-11-04,2,9,"khroma",FALSE,7,1303,5088
2019-11-05,11,15,"khroma",FALSE,4,1307,5103
2019-11-06,10,20,"khroma",FALSE,10,1317,5123
2019-11-07,7,25,"khroma",FALSE,18,1335,5148
2019-11-08,8,14,"khroma",FALSE,6,1341,5162
2019-11-09,4,5,"khroma",FALSE,1,1342,5167
2019-11-10,2,1,"khroma",FALSE,0,1342,5168
2019-11-11,7,11,"khroma",FALSE,4,1346,5179
2019-11-12,3,8,"khroma",FALSE,5,1351,5187
2019-11-13,6,26,"khroma",FALSE,20,1371,5213
2019-11-14,8,13,"khroma",FALSE,5,1376,5226
2019-11-15,5,11,"khroma",FALSE,6,1382,5237
2019-11-16,4,5,"khroma",FALSE,1,1383,5242
2019-11-17,1,3,"khroma",FALSE,2,1385,5245
2019-11-18,6,7,"khroma",FALSE,1,1386,5252
2019-11-19,10,18,"khroma",FALSE,8,1394,5270
2019-11-20,14,27,"khroma",FALSE,13,1407,5297
2019-11-21,7,14,"khroma",FALSE,7,1414,5311
2019-11-22,11,25,"khroma",FALSE,14,1428,5336
2019-11-23,8,10,"khroma",FALSE,2,1430,5346
2019-11-24,7,12,"khroma",FALSE,5,1435,5358
2019-11-25,6,9,"khroma",FALSE,3,1438,5367
2019-11-26,3,10,"khroma",FALSE,7,1445,5377
2019-11-27,9,22,"khroma",FALSE,13,1458,5399
2019-11-28,9,13,"khroma",FALSE,4,1462,5412
2019-11-29,6,9,"khroma",FALSE,3,1465,5421
2019-11-30,7,6,"khroma",FALSE,0,1465,5427
2019-12-01,6,7,"khroma",FALSE,1,1466,5434
2019-12-02,7,10,"khroma",FALSE,3,1469,5444
2019-12-03,3,5,"khroma",FALSE,2,1471,5449
2019-12-04,17,27,"khroma",FALSE,10,1481,5476
2019-12-05,3,4,"khroma",FALSE,1,1482,5480
2019-12-06,12,15,"khroma",FALSE,3,1485,5495
2019-12-07,6,6,"khroma",FALSE,0,1485,5501
2019-12-08,7,8,"khroma",FALSE,1,1486,5509
2019-12-09,3,6,"khroma",FALSE,3,1489,5515
2019-12-10,3,6,"khroma",FALSE,3,1492,5521
2019-12-11,13,29,"khroma",FALSE,16,1508,5550
2019-12-12,9,17,"khroma",FALSE,8,1516,5567
2019-12-13,7,14,"khroma",FALSE,7,1523,5581
2019-12-14,3,9,"khroma",FALSE,6,1529,5590
2019-12-15,3,9,"khroma",FALSE,6,1535,5599
2019-12-16,0,13,"khroma",FALSE,13,1548,5612
2019-12-17,1,8,"khroma",FALSE,7,1555,5620
2019-12-18,6,13,"khroma",FALSE,7,1562,5633
2019-12-19,3,11,"khroma",FALSE,8,1570,5644
2019-12-20,10,10,"khroma",FALSE,0,1570,5654
2019-12-21,7,11,"khroma",FALSE,4,1574,5665
2019-12-22,13,13,"khroma",FALSE,0,1574,5678
2019-12-23,10,11,"khroma",FALSE,1,1575,5689
2019-12-24,5,7,"khroma",FALSE,2,1577,5696
2019-12-25,10,15,"khroma",FALSE,5,1582,5711
2019-12-26,11,10,"khroma",FALSE,0,1582,5721
2019-12-27,9,7,"khroma",FALSE,0,1582,5728
2019-12-28,8,9,"khroma",FALSE,1,1583,5737
2019-12-29,9,8,"khroma",FALSE,0,1583,5745
2019-12-30,13,20,"khroma",FALSE,7,1590,5765
2019-12-31,11,11,"khroma",FALSE,0,1590,5776
2020-01-01,13,17,"khroma",FALSE,4,1594,5793
2020-01-02,11,11,"khroma",FALSE,0,1594,5804
2020-01-03,12,9,"khroma",FALSE,0,1594,5813
2020-01-04,12,14,"khroma",FALSE,2,1596,5827
2020-01-05,10,9,"khroma",FALSE,0,1596,5836
2020-01-06,12,16,"khroma",FALSE,4,1600,5852
2020-01-07,15,17,"khroma",FALSE,2,1602,5869
2020-01-08,21,38,"khroma",FALSE,17,1619,5907
2020-01-09,13,23,"khroma",FALSE,10,1629,5930
2020-01-10,13,18,"khroma",FALSE,5,1634,5948
2020-01-11,12,15,"khroma",FALSE,3,1637,5963
2020-01-12,9,14,"khroma",FALSE,5,1642,5977
2020-01-13,10,12,"khroma",FALSE,2,1644,5989
2020-01-14,9,15,"khroma",FALSE,6,1650,6004
2020-01-15,12,22,"khroma",FALSE,10,1660,6026
2020-01-16,12,16,"khroma",FALSE,4,1664,6042
2020-01-17,13,26,"khroma",FALSE,13,1677,6068
2020-01-18,7,8,"khroma",FALSE,1,1678,6076
2020-01-19,11,11,"khroma",FALSE,0,1678,6087
2020-01-20,11,10,"khroma",FALSE,0,1678,6097
2020-01-21,13,13,"khroma",FALSE,0,1678,6110
2020-01-22,14,21,"khroma",FALSE,7,1685,6131
2020-01-23,10,14,"khroma",FALSE,4,1689,6145
2020-01-24,8,8,"khroma",FALSE,0,1689,6153
2020-01-25,11,12,"khroma",FALSE,1,1690,6165
2020-01-26,11,12,"khroma",FALSE,1,1691,6177
2020-01-27,10,13,"khroma",FALSE,3,1694,6190
2020-01-28,17,20,"khroma",FALSE,3,1697,6210
2020-01-29,20,38,"khroma",FALSE,18,1715,6248
2020-01-30,13,13,"khroma",FALSE,0,1715,6261
2020-01-31,12,18,"khroma",FALSE,6,1721,6279
2020-02-01,12,15,"khroma",FALSE,3,1724,6294
2020-02-02,13,10,"khroma",FALSE,0,1724,6304
2020-02-03,8,6,"khroma",FALSE,0,1724,6310
2020-02-04,11,16,"khroma",FALSE,5,1729,6326
2020-02-05,7,22,"khroma",FALSE,15,1744,6348
2020-02-06,8,25,"khroma",FALSE,17,1761,6373
2020-02-07,6,12,"khroma",FALSE,6,1767,6385
2020-02-08,3,21,"khroma",FALSE,18,1785,6406
2020-02-09,3,9,"khroma",FALSE,6,1791,6415
2020-02-10,3,10,"khroma",FALSE,7,1798,6425
2020-02-11,3,12,"khroma",FALSE,9,1807,6437
2020-02-12,9,22,"khroma",FALSE,13,1820,6459
2020-02-13,3,15,"khroma",FALSE,12,1832,6474
2020-02-14,3,15,"khroma",FALSE,12,1844,6489
2020-02-15,5,17,"khroma",FALSE,12,1856,6506
2020-02-16,5,10,"khroma",FALSE,5,1861,6516
2020-02-17,3,12,"khroma",FALSE,9,1870,6528
2020-02-18,4,12,"khroma",FALSE,8,1878,6540
2020-02-19,10,28,"khroma",FALSE,18,1896,6568
2020-02-20,4,13,"khroma",FALSE,9,1905,6581
2020-02-21,3,14,"khroma",FALSE,11,1916,6595
2020-02-22,3,10,"khroma",FALSE,7,1923,6605
2020-02-23,3,13,"khroma",FALSE,10,1933,6618
2020-02-24,3,14,"khroma",FALSE,11,1944,6632
2020-02-25,3,20,"khroma",FALSE,17,1961,6652
2020-02-26,8,25,"khroma",FALSE,17,1978,6677
2020-02-27,3,18,"khroma",FALSE,15,1993,6695
2020-02-28,4,10,"khroma",FALSE,6,1999,6705
2020-02-29,0,3,"khroma",FALSE,3,2002,6708
2020-03-01,4,17,"khroma",FALSE,13,2015,6725
2020-03-02,5,7,"khroma",FALSE,2,2017,6732
2020-03-03,6,15,"khroma",FALSE,9,2026,6747
2020-03-04,8,31,"khroma",FALSE,23,2049,6778
2020-03-05,3,11,"khroma",FALSE,8,2057,6789
2020-03-06,4,20,"khroma",FALSE,16,2073,6809
2020-03-07,3,13,"khroma",FALSE,10,2083,6822
2020-03-08,4,18,"khroma",FALSE,14,2097,6840
2020-03-09,6,15,"khroma",FALSE,9,2106,6855
2020-03-10,3,18,"khroma",FALSE,15,2121,6873
2020-03-11,4,21,"khroma",FALSE,17,2138,6894
2020-03-12,3,20,"khroma",FALSE,17,2155,6914
2020-03-13,4,12,"khroma",FALSE,8,2163,6926
2020-03-14,3,9,"khroma",FALSE,6,2169,6935
2020-03-15,3,24,"khroma",FALSE,21,2190,6959
2020-03-16,3,25,"khroma",FALSE,22,2212,6984
2020-03-17,3,15,"khroma",FALSE,12,2224,6999
2020-03-18,5,13,"khroma",FALSE,8,2232,7012
2020-03-19,3,14,"khroma",FALSE,11,2243,7026
2020-03-20,3,15,"khroma",FALSE,12,2255,7041
2020-03-21,3,17,"khroma",FALSE,14,2269,7058
2020-03-22,4,8,"khroma",FALSE,4,2273,7066
2020-03-23,5,35,"khroma",FALSE,30,2303,7101
2020-03-24,1,12,"khroma",FALSE,11,2314,7113
2020-03-25,6,26,"khroma",FALSE,20,2334,7139
2020-03-26,0,15,"khroma",FALSE,15,2349,7154
2020-03-27,0,7,"khroma",FALSE,7,2356,7161
2020-03-28,3,14,"khroma",FALSE,11,2367,7175
2020-03-29,3,23,"khroma",FALSE,20,2387,7198
2020-03-30,4,18,"khroma",FALSE,14,2401,7216
2020-03-31,4,17,"khroma",FALSE,13,2414,7233
2020-04-01,9,25,"khroma",FALSE,16,2430,7258
2020-04-02,1,14,"khroma",FALSE,13,2443,7272
2020-04-03,3,17,"khroma",FALSE,14,2457,7289
2020-04-04,3,9,"khroma",FALSE,6,2463,7298
2020-04-05,3,16,"khroma",FALSE,13,2476,7314
2020-04-06,3,25,"khroma",FALSE,22,2498,7339
2020-04-07,3,25,"khroma",FALSE,22,2520,7364
2020-04-08,8,31,"khroma",FALSE,23,2543,7395
2020-04-09,3,23,"khroma",FALSE,20,2563,7418
2020-04-10,4,10,"khroma",FALSE,6,2569,7428
2020-04-11,1,7,"khroma",FALSE,6,2575,7435
2020-04-12,4,13,"khroma",FALSE,9,2584,7448
2020-04-13,3,18,"khroma",FALSE,15,2599,7466
2020-04-14,4,13,"khroma",FALSE,9,2608,7479
2020-04-15,8,38,"khroma",FALSE,30,2638,7517
2020-04-16,0,11,"khroma",FALSE,11,2649,7528
2020-04-17,3,28,"khroma",FALSE,25,2674,7556
2020-04-18,0,7,"khroma",FALSE,7,2681,7563
2020-04-19,0,6,"khroma",FALSE,6,2687,7569
2020-04-20,0,8,"khroma",FALSE,8,2695,7577
2020-04-21,1,13,"khroma",FALSE,12,2707,7590
2020-04-22,8,40,"khroma",FALSE,32,2739,7630
2020-04-23,2,9,"khroma",FALSE,7,2746,7639
2020-04-24,3,20,"khroma",FALSE,17,2763,7659
2020-04-25,3,30,"khroma",FALSE,27,2790,7689
2020-04-26,0,13,"khroma",FALSE,13,2803,7702
2020-04-27,3,26,"khroma",FALSE,23,2826,7728
2020-04-28,3,38,"khroma",FALSE,35,2861,7766
2020-04-29,8,50,"khroma",FALSE,42,2903,7816
2020-04-30,3,32,"khroma",FALSE,29,2932,7848
2020-05-01,3,28,"khroma",FALSE,25,2957,7876
2020-05-02,3,25,"khroma",FALSE,22,2979,7901
2020-05-03,3,21,"khroma",FALSE,18,2997,7922
2020-05-04,3,29,"khroma",FALSE,26,3023,7951
2020-05-05,3,25,"khroma",FALSE,22,3045,7976
2020-05-06,9,47,"khroma",FALSE,38,3083,8023
2020-05-07,3,25,"khroma",FALSE,22,3105,8048
2020-05-08,3,50,"khroma",FALSE,47,3152,8098
2020-05-09,3,30,"khroma",FALSE,27,3179,8128
2020-05-10,3,53,"khroma",FALSE,50,3229,8181
2020-05-11,3,41,"khroma",FALSE,38,3267,8222
2020-05-12,3,24,"khroma",FALSE,21,3288,8246
2020-05-13,9,29,"khroma",FALSE,20,3308,8275
2020-05-14,3,17,"khroma",FALSE,14,3322,8292
2020-05-15,3,20,"khroma",FALSE,17,3339,8312
2020-05-16,3,26,"khroma",FALSE,23,3362,8338
2020-05-17,3,15,"khroma",FALSE,12,3374,8353
2020-05-18,3,26,"khroma",FALSE,23,3397,8379
2020-05-19,3,28,"khroma",FALSE,25,3422,8407
2020-05-20,9,41,"khroma",FALSE,32,3454,8448
2020-05-21,3,16,"khroma",FALSE,13,3467,8464
2020-05-22,3,19,"khroma",FALSE,16,3483,8483
2020-05-23,3,17,"khroma",FALSE,14,3497,8500
2020-05-24,3,16,"khroma",FALSE,13,3510,8516
2020-05-25,3,22,"khroma",FALSE,19,3529,8538
2020-05-26,3,23,"khroma",FALSE,20,3549,8561
2020-05-27,9,55,"khroma",FALSE,46,3595,8616
2020-05-28,3,28,"khroma",FALSE,25,3620,8644
2020-05-29,3,22,"khroma",FALSE,19,3639,8666
2020-05-30,3,15,"khroma",FALSE,12,3651,8681
2020-05-31,3,17,"khroma",FALSE,14,3665,8698
2020-06-01,3,14,"khroma",FALSE,11,3676,8712
2020-06-02,3,18,"khroma",FALSE,15,3691,8730
2020-06-03,10,39,"khroma",FALSE,29,3720,8769
2020-06-04,5,13,"khroma",FALSE,8,3728,8782
2020-06-05,5,59,"khroma",FALSE,54,3782,8841
2020-06-06,3,39,"khroma",FALSE,36,3818,8880
2020-06-07,4,25,"khroma",FALSE,21,3839,8905
2020-06-08,3,21,"khroma",FALSE,18,3857,8926
2020-06-09,3,17,"khroma",FALSE,14,3871,8943
2020-06-10,10,41,"khroma",FALSE,31,3902,8984
2020-06-11,5,31,"khroma",FALSE,26,3928,9015
2020-06-12,4,58,"khroma",FALSE,54,3982,9073
2020-06-13,3,20,"khroma",FALSE,17,3999,9093
2020-06-14,3,15,"khroma",FALSE,12,4011,9108
2020-06-15,3,23,"khroma",FALSE,20,4031,9131
2020-06-16,3,18,"khroma",FALSE,15,4046,9149
2020-06-17,6,21,"khroma",FALSE,15,4061,9170
2020-06-18,5,40,"khroma",FALSE,35,4096,9210
2020-06-19,5,21,"khroma",FALSE,16,4112,9231
2020-06-20,3,16,"khroma",FALSE,13,4125,9247
2020-06-21,3,17,"khroma",FALSE,14,4139,9264
2020-06-22,3,19,"khroma",FALSE,16,4155,9283
2020-06-23,3,23,"khroma",FALSE,20,4175,9306
2020-06-24,11,47,"khroma",FALSE,36,4211,9353
2020-06-25,7,23,"khroma",FALSE,16,4227,9376
2020-06-26,5,22,"khroma",FALSE,17,4244,9398
2020-06-27,0,14,"khroma",FALSE,14,4258,9412
2020-06-28,4,16,"khroma",FALSE,12,4270,9428
2020-06-29,3,20,"khroma",FALSE,17,4287,9448
2020-06-30,3,16,"khroma",FALSE,13,4300,9464
2020-07-01,7,23,"khroma",FALSE,16,4316,9487
2020-07-02,3,16,"khroma",FALSE,13,4329,9503
2020-07-03,3,20,"khroma",FALSE,17,4346,9523
2020-07-04,3,12,"khroma",FALSE,9,4355,9535
2020-07-05,3,60,"khroma",FALSE,57,4412,9595
2020-07-06,3,20,"khroma",FALSE,17,4429,9615
2020-07-07,3,31,"khroma",FALSE,28,4457,9646
2020-07-08,10,38,"khroma",FALSE,28,4485,9684
2020-07-09,4,22,"khroma",FALSE,18,4503,9706
2020-07-10,4,14,"khroma",FALSE,10,4513,9720
2020-07-11,3,11,"khroma",FALSE,8,4521,9731
2020-07-12,4,18,"khroma",FALSE,14,4535,9749
2020-07-13,4,17,"khroma",FALSE,13,4548,9766
2020-07-14,4,17,"khroma",FALSE,13,4561,9783
2020-07-15,11,30,"khroma",FALSE,19,4580,9813
2020-07-16,3,17,"khroma",FALSE,14,4594,9830
2020-07-17,3,15,"khroma",FALSE,12,4606,9845
2020-07-18,3,20,"khroma",FALSE,17,4623,9865
2020-07-19,3,15,"khroma",FALSE,12,4635,9880
2020-07-20,3,14,"khroma",FALSE,11,4646,9894
2020-07-21,3,22,"khroma",FALSE,19,4665,9916
2020-07-22,11,39,"khroma",FALSE,28,4693,9955
2020-07-23,3,14,"khroma",FALSE,11,4704,9969
2020-07-24,3,14,"khroma",FALSE,11,4715,9983
2020-07-25,3,11,"khroma",FALSE,8,4723,9994
2020-07-26,3,23,"khroma",FALSE,20,4743,10017
2020-07-27,3,17,"khroma",FALSE,14,4757,10034
2020-07-28,4,21,"khroma",FALSE,17,4774,10055
2020-07-29,7,25,"khroma",FALSE,18,4792,10080
2020-07-30,6,26,"khroma",FALSE,20,4812,10106
2020-07-31,0,5,"khroma",FALSE,5,4817,10111
2020-08-01,0,3,"khroma",FALSE,3,4820,10114
2020-08-02,4,14,"khroma",FALSE,10,4830,10128
2020-08-03,4,16,"khroma",FALSE,12,4842,10144
2020-08-04,3,29,"khroma",FALSE,26,4868,10173
2020-08-05,9,32,"khroma",FALSE,23,4891,10205
2020-08-06,3,22,"khroma",FALSE,19,4910,10227
2020-08-07,3,27,"khroma",FALSE,24,4934,10254
2020-08-08,4,16,"khroma",FALSE,12,4946,10270
2020-08-09,3,21,"khroma",FALSE,18,4964,10291
2020-08-10,3,32,"khroma",FALSE,29,4993,10323
2020-08-11,3,15,"khroma",FALSE,12,5005,10338
2020-08-12,9,31,"khroma",FALSE,22,5027,10369
2020-08-13,3,30,"khroma",FALSE,27,5054,10399
2020-08-14,3,21,"khroma",FALSE,18,5072,10420
2020-08-15,3,20,"khroma",FALSE,17,5089,10440
2020-08-16,3,12,"khroma",FALSE,9,5098,10452
2020-08-17,3,26,"khroma",FALSE,23,5121,10478
2020-08-18,3,21,"khroma",FALSE,18,5139,10499
2020-08-19,10,28,"khroma",FALSE,18,5157,10527
2020-08-20,3,18,"khroma",FALSE,15,5172,10545
2020-08-21,3,21,"khroma",FALSE,18,5190,10566
2020-08-22,3,14,"khroma",FALSE,11,5201,10580
2020-08-23,3,10,"khroma",FALSE,7,5208,10590
2020-08-24,3,17,"khroma",FALSE,14,5222,10607
2020-08-25,3,15,"khroma",FALSE,12,5234,10622
2020-08-26,9,27,"khroma",FALSE,18,5252,10649
2020-08-27,3,18,"khroma",FALSE,15,5267,10667
2020-08-28,3,13,"khroma",FALSE,10,5277,10680
2020-08-29,3,15,"khroma",FALSE,12,5289,10695
2020-08-30,3,15,"khroma",FALSE,12,5301,10710
2020-08-31,3,18,"khroma",FALSE,15,5316,10728
2020-09-01,3,25,"khroma",FALSE,22,5338,10753
2020-09-02,9,36,"khroma",FALSE,27,5365,10789
2020-09-03,3,20,"khroma",FALSE,17,5382,10809
2020-09-04,3,17,"khroma",FALSE,14,5396,10826
2020-09-05,3,25,"khroma",FALSE,22,5418,10851
2020-09-06,3,20,"khroma",FALSE,17,5435,10871
2020-09-07,3,27,"khroma",FALSE,24,5459,10898
2020-09-08,3,24,"khroma",FALSE,21,5480,10922
2020-09-09,9,37,"khroma",FALSE,28,5508,10959
2020-09-10,0,16,"khroma",FALSE,16,5524,10975
2020-09-11,4,28,"khroma",FALSE,24,5548,11003
2020-09-12,3,24,"khroma",FALSE,21,5569,11027
2020-09-13,3,19,"khroma",FALSE,16,5585,11046
2020-09-14,3,49,"khroma",FALSE,46,5631,11095
2020-09-15,4,22,"khroma",FALSE,18,5649,11117
2020-09-16,7,26,"khroma",FALSE,19,5668,11143
2020-09-17,3,33,"khroma",FALSE,30,5698,11176
2020-09-18,3,27,"khroma",FALSE,24,5722,11203
2020-09-19,3,16,"khroma",FALSE,13,5735,11219
2020-09-20,3,22,"khroma",FALSE,19,5754,11241
2020-09-21,3,22,"khroma",FALSE,19,5773,11263
2020-09-22,3,31,"khroma",FALSE,28,5801,11294
2020-09-23,9,40,"khroma",FALSE,31,5832,11334
2020-09-24,0,10,"khroma",FALSE,10,5842,11344
2020-09-25,3,22,"khroma",FALSE,19,5861,11366
2020-09-26,3,13,"khroma",FALSE,10,5871,11379
2020-09-27,3,17,"khroma",FALSE,14,5885,11396
2020-09-28,3,28,"khroma",FALSE,25,5910,11424
2020-09-29,3,23,"khroma",FALSE,20,5930,11447
2020-09-30,9,24,"khroma",FALSE,15,5945,11471
2020-10-01,4,28,"khroma",FALSE,24,5969,11499
2020-10-02,4,22,"khroma",FALSE,18,5987,11521
2020-10-03,6,16,"khroma",FALSE,10,5997,11537
2020-10-04,3,19,"khroma",FALSE,16,6013,11556
2020-10-05,3,32,"khroma",TRUE,1,6014,11588
2020-10-06,3,33,"khroma",FALSE,1,6015,11621
2020-10-07,6,61,"khroma",FALSE,55,6070,11682
2020-10-08,3,43,"khroma",FALSE,40,6110,11725
2020-10-09,3,39,"khroma",FALSE,36,6146,11764
2020-10-10,3,32,"khroma",FALSE,29,6175,11796
2020-10-11,3,35,"khroma",FALSE,32,6207,11831
2020-10-12,3,33,"khroma",FALSE,30,6237,11864
2020-10-13,3,32,"khroma",FALSE,29,6266,11896
2020-10-14,9,49,"khroma",FALSE,40,6306,11945
2020-10-15,3,36,"khroma",FALSE,33,6339,11981
2020-10-16,3,31,"khroma",FALSE,28,6367,12012
2020-10-17,0,3,"khroma",FALSE,3,6370,12015
2020-10-18,3,21,"khroma",FALSE,18,6388,12036
2020-10-19,3,31,"khroma",FALSE,28,6416,12067
2020-10-20,3,29,"khroma",FALSE,26,6442,12096
2020-10-21,9,36,"khroma",FALSE,27,6469,12132
2020-10-22,3,35,"khroma",FALSE,32,6501,12167
2020-10-23,3,22,"khroma",FALSE,19,6520,12189
2020-10-24,4,29,"khroma",FALSE,25,6545,12218
2020-10-25,3,16,"khroma",FALSE,13,6558,12234
2020-10-26,3,28,"khroma",FALSE,25,6583,12262
2020-10-27,3,31,"khroma",FALSE,28,6611,12293
2020-10-28,6,30,"khroma",FALSE,24,6635,12323
2020-10-29,3,34,"khroma",FALSE,31,6666,12357
2020-10-30,0,14,"khroma",FALSE,14,6680,12371
2020-10-31,3,20,"khroma",FALSE,17,6697,12391
2020-11-01,4,15,"khroma",FALSE,11,6708,12406
2020-11-02,1,9,"khroma",FALSE,8,6716,12415
2020-11-03,3,39,"khroma",FALSE,36,6752,12454
2020-11-04,4,21,"khroma",FALSE,17,6769,12475
2020-11-05,3,28,"khroma",FALSE,25,6794,12503
2020-11-06,5,26,"khroma",FALSE,21,6815,12529
2020-11-07,4,30,"khroma",FALSE,26,6841,12559
2020-11-08,3,16,"khroma",FALSE,13,6854,12575
2020-11-09,3,27,"khroma",FALSE,24,6878,12602
2020-11-10,3,45,"khroma",FALSE,42,6920,12647
2020-11-11,9,41,"khroma",FALSE,32,6952,12688
2020-11-12,3,56,"khroma",FALSE,53,7005,12744
2020-11-13,3,35,"khroma",FALSE,32,7037,12779
2020-11-14,3,22,"khroma",FALSE,19,7056,12801
2020-11-15,3,41,"khroma",FALSE,38,7094,12842
2020-11-16,3,22,"khroma",FALSE,19,7113,12864
2020-11-17,9,29,"khroma",FALSE,20,7133,12893
2020-11-18,13,39,"khroma",FALSE,26,7159,12932
2020-11-19,4,25,"khroma",FALSE,21,7180,12957
2020-11-20,3,18,"khroma",FALSE,15,7195,12975
2020-11-21,5,23,"khroma",FALSE,18,7213,12998
2020-11-22,6,19,"khroma",FALSE,13,7226,13017
2020-11-23,3,19,"khroma",FALSE,16,7242,13036
2020-11-24,4,21,"khroma",FALSE,17,7259,13057
2020-11-25,8,26,"khroma",FALSE,18,7277,13083
2020-11-26,1,16,"khroma",FALSE,15,7292,13099
2020-11-27,3,26,"khroma",FALSE,23,7315,13125
2020-11-28,3,21,"khroma",FALSE,18,7333,13146
2020-11-29,3,16,"khroma",FALSE,13,7346,13162
2020-11-30,4,17,"khroma",FALSE,13,7359,13179
2020-12-01,4,23,"khroma",FALSE,19,7378,13202
2020-12-02,10,41,"khroma",FALSE,31,7409,13243
2020-12-03,3,32,"khroma",FALSE,29,7438,13275
2020-12-04,3,37,"khroma",FALSE,34,7472,13312
2020-12-05,3,20,"khroma",FALSE,17,7489,13332
2020-12-06,3,17,"khroma",FALSE,14,7503,13349
2020-12-07,4,24,"khroma",FALSE,20,7523,13373
2020-12-08,0,28,"khroma",FALSE,28,7551,13401
2020-12-09,9,55,"khroma",FALSE,46,7597,13456
2020-12-10,3,33,"khroma",FALSE,30,7627,13489
2020-12-11,3,47,"khroma",FALSE,44,7671,13536
2020-12-12,3,29,"khroma",FALSE,26,7697,13565
2020-12-13,4,18,"khroma",FALSE,14,7711,13583
2020-12-14,4,23,"khroma",FALSE,19,7730,13606
2020-12-15,12,22,"khroma",FALSE,10,7740,13628
2020-12-16,16,28,"khroma",FALSE,12,7752,13656
2020-12-17,3,23,"khroma",FALSE,20,7772,13679
2020-12-18,3,20,"khroma",FALSE,17,7789,13699
2020-12-19,3,19,"khroma",FALSE,16,7805,13718
2020-12-20,4,15,"khroma",FALSE,11,7816,13733
2020-12-21,4,20,"khroma",FALSE,16,7832,13753
2020-12-22,4,36,"khroma",FALSE,32,7864,13789
2020-12-23,9,33,"khroma",FALSE,24,7888,13822
2020-12-24,3,18,"khroma",FALSE,15,7903,13840
2020-12-25,3,19,"khroma",FALSE,16,7919,13859
2020-12-26,3,13,"khroma",FALSE,10,7929,13872
2020-12-27,3,17,"khroma",FALSE,14,7943,13889
2020-12-28,4,23,"khroma",FALSE,19,7962,13912
2020-12-29,4,24,"khroma",FALSE,20,7982,13936
2020-12-30,9,32,"khroma",FALSE,23,8005,13968
2020-12-31,4,18,"khroma",FALSE,14,8019,13986
2021-01-01,3,21,"khroma",FALSE,18,8037,14007
2021-01-02,4,16,"khroma",FALSE,12,8049,14023
2021-01-03,4,30,"khroma",FALSE,26,8075,14053
2021-01-04,5,66,"khroma",FALSE,61,8136,14119
2021-01-05,3,17,"khroma",FALSE,14,8150,14136
2021-01-06,9,33,"khroma",FALSE,24,8174,14169
2021-01-07,4,23,"khroma",FALSE,19,8193,14192
2021-01-08,3,18,"khroma",FALSE,15,8208,14210
2021-01-09,3,18,"khroma",FALSE,15,8223,14228
2021-01-10,3,15,"khroma",FALSE,12,8235,14243
2021-01-11,3,23,"khroma",FALSE,20,8255,14266
2021-01-12,3,31,"khroma",FALSE,28,8283,14297
2021-01-13,11,31,"khroma",FALSE,20,8303,14328
2021-01-14,4,26,"khroma",FALSE,22,8325,14354
2021-01-15,3,22,"khroma",FALSE,19,8344,14376
2021-01-16,3,11,"khroma",FALSE,8,8352,14387
2021-01-17,3,13,"khroma",FALSE,10,8362,14400
2021-01-18,3,16,"khroma",FALSE,13,8375,14416
2021-01-19,3,23,"khroma",FALSE,20,8395,14439
2021-01-20,7,26,"khroma",FALSE,19,8414,14465
2021-01-21,3,20,"khroma",FALSE,17,8431,14485
2021-01-22,0,6,"khroma",FALSE,6,8437,14491
2021-01-23,3,19,"khroma",FALSE,16,8453,14510
2021-01-24,0,8,"khroma",FALSE,8,8461,14518
2021-01-25,3,21,"khroma",FALSE,18,8479,14539
2021-01-26,0,17,"khroma",FALSE,17,8496,14556
2021-01-27,7,34,"khroma",FALSE,27,8523,14590
2021-01-28,0,14,"khroma",FALSE,14,8537,14604
2021-01-29,4,25,"khroma",FALSE,21,8558,14629
2021-01-30,4,16,"khroma",FALSE,12,8570,14645
2021-01-31,3,19,"khroma",FALSE,16,8586,14664
2021-02-01,3,18,"khroma",FALSE,15,8601,14682
2021-02-02,4,22,"khroma",FALSE,18,8619,14704
2021-02-03,7,31,"khroma",FALSE,24,8643,14735
2021-02-04,3,21,"khroma",FALSE,18,8661,14756
2021-02-05,0,10,"khroma",FALSE,10,8671,14766
2021-02-06,4,22,"khroma",FALSE,18,8689,14788
2021-02-07,6,23,"khroma",FALSE,17,8706,14811
2021-02-08,5,16,"khroma",FALSE,11,8717,14827
2021-02-09,5,20,"khroma",FALSE,15,8732,14847
2021-02-10,10,35,"khroma",FALSE,25,8757,14882
2021-02-11,4,35,"khroma",FALSE,31,8788,14917
2021-02-12,3,24,"khroma",FALSE,21,8809,14941
2021-02-13,4,25,"khroma",FALSE,21,8830,14966
2021-02-14,1,12,"khroma",FALSE,11,8841,14978
2021-02-15,4,22,"khroma",FALSE,18,8859,15000
2021-02-16,2,17,"khroma",FALSE,15,8874,15017
2021-02-17,11,39,"khroma",FALSE,28,8902,15056
2021-02-18,6,40,"khroma",FALSE,34,8936,15096
2021-02-19,4,27,"khroma",FALSE,23,8959,15123
2021-02-20,4,27,"khroma",FALSE,23,8982,15150
2021-02-21,3,21,"khroma",FALSE,18,9000,15171
2021-02-22,3,41,"khroma",FALSE,38,9038,15212
2021-02-23,0,13,"khroma",FALSE,13,9051,15225
2021-02-24,11,52,"khroma",FALSE,41,9092,15277
2021-02-25,7,31,"khroma",FALSE,24,9116,15308
2021-02-26,8,37,"khroma",FALSE,29,9145,15345
2021-02-27,3,25,"khroma",FALSE,22,9167,15370
2021-02-28,4,14,"khroma",FALSE,10,9177,15384
2021-03-01,3,23,"khroma",FALSE,20,9197,15407
2021-03-02,3,27,"khroma",FALSE,24,9221,15434
2021-03-03,9,43,"khroma",FALSE,34,9255,15477
2021-03-04,3,29,"khroma",FALSE,26,9281,15506
2021-03-05,4,46,"khroma",FALSE,42,9323,15552
2021-03-06,3,23,"khroma",FALSE,20,9343,15575
2021-03-07,4,14,"khroma",FALSE,10,9353,15589
2021-03-08,4,28,"khroma",FALSE,24,9377,15617
2021-03-09,4,23,"khroma",FALSE,19,9396,15640
2021-03-10,11,49,"khroma",FALSE,38,9434,15689
2021-03-11,3,24,"khroma",FALSE,21,9455,15713
2021-03-12,3,21,"khroma",FALSE,18,9473,15734
2021-03-13,3,21,"khroma",FALSE,18,9491,15755
2021-03-14,3,18,"khroma",FALSE,15,9506,15773
2021-03-15,3,19,"khroma",FALSE,16,9522,15792
2021-03-16,3,18,"khroma",FALSE,15,9537,15810
2021-03-17,7,60,"khroma",TRUE,1,9538,15870
2021-03-18,4,47,"khroma",FALSE,1,9539,15917
2021-03-19,0,17,"khroma",FALSE,17,9556,15934
2021-03-20,3,34,"khroma",FALSE,31,9587,15968
2021-03-21,0,17,"khroma",FALSE,17,9604,15985
2021-03-22,3,46,"khroma",FALSE,43,9647,16031
2021-03-23,0,17,"khroma",FALSE,17,9664,16048
2021-03-24,9,61,"khroma",FALSE,52,9716,16109
2021-03-25,0,18,"khroma",FALSE,18,9734,16127
2021-03-26,3,39,"khroma",FALSE,36,9770,16166
2021-03-27,0,9,"khroma",FALSE,9,9779,16175
2021-03-28,3,23,"khroma",FALSE,20,9799,16198
2021-03-29,0,21,"khroma",FALSE,21,9820,16219
2021-03-30,3,23,"khroma",FALSE,20,9840,16242
2021-03-31,4,30,"khroma",FALSE,26,9866,16272
2021-04-01,3,21,"khroma",FALSE,18,9884,16293
2021-04-02,0,9,"khroma",FALSE,9,9893,16302
2021-04-03,3,19,"khroma",FALSE,16,9909,16321
2021-04-04,0,18,"khroma",FALSE,18,9927,16339
2021-04-05,3,20,"khroma",FALSE,17,9944,16359
2021-04-06,0,11,"khroma",FALSE,11,9955,16370
2021-04-07,9,40,"khroma",FALSE,31,9986,16410
2021-04-08,3,34,"khroma",FALSE,31,10017,16444
2021-04-09,0,17,"khroma",FALSE,17,10034,16461
2021-04-10,5,19,"khroma",FALSE,14,10048,16480
2021-04-11,3,18,"khroma",FALSE,15,10063,16498
2021-04-12,5,35,"khroma",FALSE,30,10093,16533
2021-04-13,0,12,"khroma",FALSE,12,10105,16545
2021-04-14,6,39,"khroma",FALSE,33,10138,16584
2021-04-15,0,17,"khroma",FALSE,17,10155,16601
2021-04-16,3,22,"khroma",FALSE,19,10174,16623
2021-04-17,2,15,"khroma",FALSE,13,10187,16638
2021-04-18,3,24,"khroma",FALSE,21,10208,16662
2021-04-19,0,18,"khroma",FALSE,18,10226,16680
2021-04-20,4,32,"khroma",FALSE,28,10254,16712
2021-04-21,5,30,"khroma",FALSE,25,10279,16742
2021-04-22,3,38,"khroma",FALSE,35,10314,16780
2021-04-23,1,45,"khroma",TRUE,1,10315,16825
2021-04-24,3,23,"khroma",FALSE,1,10316,16848
2021-04-25,0,14,"khroma",FALSE,14,10330,16862
2021-04-26,6,58,"khroma",FALSE,52,10382,16920
2021-04-27,1,40,"khroma",FALSE,39,10421,16960
2021-04-28,6,68,"khroma",FALSE,62,10483,17028
2021-04-29,0,20,"khroma",FALSE,20,10503,17048
2021-04-30,0,16,"khroma",FALSE,16,10519,17064
2021-05-01,4,34,"khroma",FALSE,30,10549,17098
2021-05-02,1,12,"khroma",FALSE,11,10560,17110
2021-05-03,4,31,"khroma",FALSE,27,10587,17141
2021-05-04,1,36,"khroma",FALSE,35,10622,17177
2021-05-05,4,24,"khroma",FALSE,20,10642,17201
2021-05-06,3,31,"khroma",FALSE,28,10670,17232
2021-05-07,0,14,"khroma",FALSE,14,10684,17246
2021-05-08,3,17,"khroma",FALSE,14,10698,17263
2021-05-09,0,13,"khroma",FALSE,13,10711,17276
2021-05-10,3,25,"khroma",FALSE,22,10733,17301
2021-05-11,0,31,"khroma",FALSE,31,10764,17332
2021-05-12,10,53,"khroma",FALSE,43,10807,17385
2021-05-13,0,17,"khroma",FALSE,17,10824,17402
2021-05-14,3,27,"khroma",FALSE,24,10848,17429
2021-05-15,1,19,"khroma",FALSE,18,10866,17448
2021-05-16,4,24,"khroma",FALSE,20,10886,17472
2021-05-17,1,33,"khroma",FALSE,32,10918,17505
2021-05-18,7,51,"khroma",FALSE,44,10962,17556
2021-05-19,5,28,"khroma",FALSE,23,10985,17584
2021-05-20,5,34,"khroma",FALSE,29,11014,17618
2021-05-21,2,28,"khroma",FALSE,26,11040,17646
2021-05-22,3,22,"khroma",FALSE,19,11059,17668
2021-05-23,0,17,"khroma",FALSE,17,11076,17685
2021-05-24,0,30,"khroma",FALSE,30,11106,17715
2021-05-25,3,36,"khroma",FALSE,33,11139,17751
2021-05-26,5,32,"khroma",FALSE,27,11166,17783
2021-05-27,0,15,"khroma",FALSE,15,11181,17798
2021-05-28,3,24,"khroma",FALSE,21,11202,17822
2021-05-29,0,11,"khroma",FALSE,11,11213,17833
2021-05-30,3,16,"khroma",FALSE,13,11226,17849
2021-05-31,0,12,"khroma",FALSE,12,11238,17861
2021-06-01,3,24,"khroma",FALSE,21,11259,17885
2021-06-02,4,31,"khroma",FALSE,27,11286,17916
2021-06-03,3,18,"khroma",FALSE,15,11301,17934
2021-06-04,0,8,"khroma",FALSE,8,11309,17942
2021-06-05,0,12,"khroma",FALSE,12,11321,17954
2021-06-06,3,15,"khroma",FALSE,12,11333,17969
2021-06-07,0,11,"khroma",FALSE,11,11344,17980
2021-06-08,5,23,"khroma",FALSE,18,11362,18003
2021-06-09,6,46,"khroma",FALSE,40,11402,18049
2021-06-10,1,14,"khroma",FALSE,13,11415,18063
2021-06-11,3,19,"khroma",FALSE,16,11431,18082
2021-06-12,0,13,"khroma",FALSE,13,11444,18095
2021-06-13,4,14,"khroma",FALSE,10,11454,18109
2021-06-14,0,24,"khroma",TRUE,1,11455,18133
2021-06-15,0,29,"khroma",FALSE,1,11456,18162
2021-06-16,6,58,"khroma",FALSE,52,11508,18220
2021-06-17,0,26,"khroma",FALSE,26,11534,18246
2021-06-18,3,46,"khroma",FALSE,43,11577,18292
2021-06-19,0,9,"khroma",FALSE,9,11586,18301
2021-06-20,3,50,"khroma",FALSE,47,11633,18351
2021-06-21,0,23,"khroma",FALSE,23,11656,18374
2021-06-22,7,62,"khroma",FALSE,55,11711,18436
2021-06-23,5,39,"khroma",FALSE,34,11745,18475
2021-06-24,3,73,"khroma",FALSE,70,11815,18548
2021-06-25,0,13,"khroma",FALSE,13,11828,18561
2021-06-26,3,25,"khroma",FALSE,22,11850,18586
2021-06-27,0,12,"khroma",FALSE,12,11862,18598
2021-06-28,3,59,"khroma",FALSE,56,11918,18657
2021-06-29,0,23,"khroma",FALSE,23,11941,18680
2021-06-30,6,52,"khroma",FALSE,46,11987,18732
2021-07-01,0,23,"khroma",FALSE,23,12010,18755
2021-07-02,3,27,"khroma",FALSE,24,12034,18782
2021-07-03,3,21,"khroma",FALSE,18,12052,18803
2021-07-04,0,16,"khroma",FALSE,16,12068,18819
2021-07-05,3,29,"khroma",FALSE,26,12094,18848
2021-07-06,4,26,"khroma",FALSE,22,12116,18874
2021-07-07,6,39,"khroma",FALSE,33,12149,18913
2021-07-08,4,27,"khroma",FALSE,23,12172,18940
2021-07-09,1,15,"khroma",FALSE,14,12186,18955
2021-07-10,4,20,"khroma",FALSE,16,12202,18975
2021-07-11,0,12,"khroma",FALSE,12,12214,18987
2021-07-12,3,31,"khroma",FALSE,28,12242,19018
2021-07-13,1,17,"khroma",FALSE,16,12258,19035
2021-07-14,12,42,"khroma",FALSE,30,12288,19077
2021-07-15,2,8,"khroma",FALSE,6,12294,19085
2021-07-16,4,17,"khroma",FALSE,13,12307,19102
2021-07-17,0,11,"khroma",FALSE,11,12318,19113
2021-07-18,3,20,"khroma",FALSE,17,12335,19133
2021-07-19,1,11,"khroma",FALSE,10,12345,19144
2021-07-20,3,25,"khroma",FALSE,22,12367,19169
2021-07-21,7,38,"khroma",FALSE,31,12398,19207
2021-07-22,5,23,"khroma",FALSE,18,12416,19230
2021-07-23,1,8,"khroma",FALSE,7,12423,19238
2021-07-24,3,22,"khroma",FALSE,19,12442,19260
2021-07-25,0,17,"khroma",FALSE,17,12459,19277
2021-07-26,3,29,"khroma",FALSE,26,12485,19306
2021-07-27,0,14,"khroma",FALSE,14,12499,19320
2021-07-28,9,53,"khroma",FALSE,44,12543,19373
2021-07-29,0,10,"khroma",FALSE,10,12553,19383
2021-07-30,3,19,"khroma",FALSE,16,12569,19402
2021-07-31,0,11,"khroma",FALSE,11,12580,19413
2021-08-01,3,19,"khroma",FALSE,16,12596,19432
2021-08-02,1,18,"khroma",FALSE,17,12613,19450
2021-08-03,3,45,"khroma",FALSE,42,12655,19495
2021-08-04,4,134,"khroma",FALSE,130,12785,19629
2021-08-05,3,22,"khroma",FALSE,19,12804,19651
2021-08-06,0,8,"khroma",FALSE,8,12812,19659
2021-08-07,3,18,"khroma",FALSE,15,12827,19677
2021-08-08,0,8,"khroma",FALSE,8,12835,19685
2021-08-09,8,40,"khroma",FALSE,32,12867,19725
2021-08-10,2,13,"khroma",FALSE,11,12878,19738
2021-08-11,9,45,"khroma",FALSE,36,12914,19783
2021-08-12,0,9,"khroma",FALSE,9,12923,19792
2021-08-13,3,27,"khroma",FALSE,24,12947,19819
2021-08-14,0,6,"khroma",FALSE,6,12953,19825
2021-08-15,3,21,"khroma",FALSE,18,12971,19846
2021-08-16,0,15,"khroma",FALSE,15,12986,19861
2021-08-17,0,9,"khroma",FALSE,9,12995,19870
2021-08-18,4,42,"khroma",FALSE,38,13033,19912
2021-08-19,4,32,"khroma",FALSE,28,13061,19944
2021-08-20,0,22,"khroma",FALSE,22,13083,19966
2021-08-21,0,7,"khroma",FALSE,7,13090,19973
2021-08-22,0,8,"khroma",FALSE,8,13098,19981
2021-08-23,4,62,"khroma",FALSE,58,13156,20043
2021-08-24,0,18,"khroma",FALSE,18,13174,20061
2021-08-25,7,50,"khroma",FALSE,43,13217,20111
2021-08-26,0,22,"khroma",FALSE,22,13239,20133
2021-08-27,0,21,"khroma",FALSE,21,13260,20154
2021-08-28,3,21,"khroma",FALSE,18,13278,20175
2021-08-29,1,4,"khroma",FALSE,3,13281,20179
2021-08-30,1,15,"khroma",FALSE,14,13295,20194
2021-08-31,4,32,"khroma",FALSE,28,13323,20226
2021-09-01,6,29,"khroma",FALSE,23,13346,20255
2021-09-02,0,25,"khroma",TRUE,1,13347,20280
2021-09-03,3,43,"khroma",FALSE,1,13348,20323
2021-09-04,0,10,"khroma",FALSE,10,13358,20333
2021-09-05,1,15,"khroma",FALSE,14,13372,20348
2021-09-06,3,70,"khroma",FALSE,67,13439,20418
2021-09-07,2,36,"khroma",FALSE,34,13473,20454
2021-09-08,4,37,"khroma",FALSE,33,13506,20491
2021-09-09,0,17,"khroma",FALSE,17,13523,20508
2021-09-10,3,54,"khroma",FALSE,51,13574,20562
2021-09-11,2,7,"khroma",FALSE,5,13579,20569
2021-09-12,6,31,"khroma",FALSE,25,13604,20600
2021-09-13,1,16,"khroma",FALSE,15,13619,20616
2021-09-14,3,34,"khroma",FALSE,31,13650,20650
2021-09-15,3,34,"khroma",FALSE,31,13681,20684
2021-09-16,5,38,"khroma",FALSE,33,13714,20722
2021-09-17,0,15,"khroma",FALSE,15,13729,20737
2021-09-18,3,25,"khroma",FALSE,22,13751,20762
2021-09-19,0,9,"khroma",FALSE,9,13760,20771
2021-09-20,3,32,"khroma",FALSE,29,13789,20803
2021-09-21,0,22,"khroma",FALSE,22,13811,20825
2021-09-22,7,43,"khroma",FALSE,36,13847,20868
2021-09-23,0,16,"khroma",FALSE,16,13863,20884
2021-09-24,3,38,"khroma",FALSE,35,13898,20922
2021-09-25,0,10,"khroma",FALSE,10,13908,20932
2021-09-26,3,21,"khroma",FALSE,18,13926,20953
2021-09-27,0,31,"khroma",FALSE,31,13957,20984
2021-09-28,3,34,"khroma",FALSE,31,13988,21018
2021-09-29,3,39,"khroma",FALSE,36,14024,21057
2021-09-30,3,34,"khroma",FALSE,31,14055,21091
2021-10-01,0,33,"khroma",FALSE,33,14088,21124
2021-10-02,3,25,"khroma",FALSE,22,14110,21149
2021-10-03,0,11,"khroma",FALSE,11,14121,21160
2021-10-04,3,37,"khroma",FALSE,34,14155,21197
2021-10-05,4,38,"khroma",FALSE,34,14189,21235
2021-10-06,3,41,"khroma",FALSE,38,14227,21276
2021-10-07,3,20,"khroma",FALSE,17,14244,21296
2021-10-08,0,22,"khroma",FALSE,22,14266,21318
2021-10-09,3,25,"khroma",FALSE,22,14288,21343
2021-10-10,0,6,"khroma",FALSE,6,14294,21349
2021-10-11,4,31,"khroma",FALSE,27,14321,21380
2021-10-12,0,23,"khroma",FALSE,23,14344,21403
2021-10-13,6,45,"khroma",FALSE,39,14383,21448
2021-10-14,0,18,"khroma",FALSE,18,14401,21466
2021-10-15,3,23,"khroma",FALSE,20,14421,21489
2021-10-16,0,9,"khroma",FALSE,9,14430,21498
2021-10-17,4,20,"khroma",FALSE,16,14446,21518
2021-10-18,0,20,"khroma",FALSE,20,14466,21538
2021-10-19,4,25,"khroma",FALSE,21,14487,21563
2021-10-20,6,38,"khroma",FALSE,32,14519,21601
2021-10-21,3,22,"khroma",FALSE,19,14538,21623
2021-10-22,0,19,"khroma",FALSE,19,14557,21642
2021-10-23,3,28,"khroma",FALSE,25,14582,21670
2021-10-24,0,14,"khroma",FALSE,14,14596,21684
2021-10-25,4,30,"khroma",FALSE,26,14622,21714
2021-10-26,0,56,"khroma",FALSE,56,14678,21770
2021-10-27,6,103,"khroma",FALSE,97,14775,21873
2021-10-28,0,27,"khroma",FALSE,27,14802,21900
2021-10-29,3,31,"khroma",FALSE,28,14830,21931
2021-10-30,0,7,"khroma",FALSE,7,14837,21938
2021-10-31,3,25,"khroma",FALSE,22,14859,21963
2021-11-01,0,33,"khroma",FALSE,33,14892,21996
2021-11-02,3,40,"khroma",FALSE,37,14929,22036
2021-11-03,3,42,"khroma",FALSE,39,14968,22078
2021-11-04,4,45,"khroma",FALSE,41,15009,22123
2021-11-05,0,37,"khroma",FALSE,37,15046,22160
2021-11-06,0,28,"khroma",FALSE,28,15074,22188
2021-11-07,4,37,"khroma",FALSE,33,15107,22225
2021-11-08,0,83,"khroma",FALSE,83,15190,22308
2021-11-09,3,76,"khroma",FALSE,73,15263,22384
2021-11-10,0,113,"khroma",FALSE,113,15376,22497
2021-11-11,3,60,"khroma",FALSE,57,15433,22557
2021-11-12,0,28,"khroma",FALSE,28,15461,22585
2021-11-13,3,31,"khroma",FALSE,28,15489,22616
2021-11-14,0,13,"khroma",FALSE,13,15502,22629
2021-11-15,3,30,"khroma",FALSE,27,15529,22659
2021-11-16,0,26,"khroma",FALSE,26,15555,22685
2021-11-17,3,40,"khroma",FALSE,37,15592,22725
2021-11-18,0,29,"khroma",FALSE,29,15621,22754
2021-11-19,3,28,"khroma",FALSE,25,15646,22782
2021-11-20,0,8,"khroma",FALSE,8,15654,22790
2021-11-21,14,69,"khroma",FALSE,55,15709,22859
2021-11-22,0,32,"khroma",FALSE,32,15741,22891
2021-11-23,3,37,"khroma",FALSE,34,15775,22928
2021-11-24,3,31,"khroma",FALSE,28,15803,22959
2021-11-25,3,40,"khroma",FALSE,37,15840,22999
2021-11-26,0,26,"khroma",FALSE,26,15866,23025
2021-11-27,3,15,"khroma",FALSE,12,15878,23040
2021-11-28,0,10,"khroma",FALSE,10,15888,23050
2021-11-29,4,33,"khroma",FALSE,29,15917,23083
2021-11-30,0,49,"khroma",FALSE,49,15966,23132
2021-12-01,6,48,"khroma",FALSE,42,16008,23180
2021-12-02,0,27,"khroma",FALSE,27,16035,23207
2021-12-03,3,33,"khroma",FALSE,30,16065,23240
2021-12-04,0,14,"khroma",FALSE,14,16079,23254
2021-12-05,0,6,"khroma",FALSE,6,16085,23260
2021-12-06,3,24,"khroma",FALSE,21,16106,23284
2021-12-07,0,27,"khroma",FALSE,27,16133,23311
2021-12-08,7,50,"khroma",FALSE,43,16176,23361
2021-12-09,4,56,"khroma",FALSE,52,16228,23417
2021-12-10,0,33,"khroma",FALSE,33,16261,23450
2021-12-11,3,27,"khroma",FALSE,24,16285,23477
2021-12-12,0,12,"khroma",FALSE,12,16297,23489
2021-12-13,4,37,"khroma",FALSE,33,16330,23526
2021-12-14,3,30,"khroma",FALSE,27,16357,23556
2021-12-15,8,53,"khroma",FALSE,45,16402,23609
2021-12-16,1,20,"khroma",FALSE,19,16421,23629
2021-12-17,4,45,"khroma",FALSE,41,16462,23674
2021-12-18,1,8,"khroma",FALSE,7,16469,23682
2021-12-19,3,17,"khroma",FALSE,14,16483,23699
2021-12-20,0,21,"khroma",FALSE,21,16504,23720
2021-12-21,3,34,"khroma",FALSE,31,16535,23754
2021-12-22,4,46,"khroma",FALSE,42,16577,23800
2021-12-23,0,16,"khroma",FALSE,16,16593,23816
2021-12-24,3,15,"khroma",FALSE,12,16605,23831
2021-12-25,1,4,"khroma",FALSE,3,16608,23835
2021-12-26,4,18,"khroma",FALSE,14,16622,23853
2021-12-27,0,6,"khroma",FALSE,6,16628,23859
2021-12-28,4,22,"khroma",FALSE,18,16646,23881
2021-12-29,4,36,"khroma",FALSE,32,16678,23917
2021-12-30,3,31,"khroma",FALSE,28,16706,23948
2021-12-31,0,11,"khroma",FALSE,11,16717,23959
2022-01-01,0,2,"khroma",FALSE,2,16719,23961
2022-01-02,0,8,"khroma",FALSE,8,16727,23969
2022-01-03,0,12,"khroma",FALSE,12,16739,23981
2022-01-04,0,17,"khroma",FALSE,17,16756,23998
2022-01-05,3,44,"khroma",FALSE,41,16797,24042
2022-01-06,0,14,"khroma",FALSE,14,16811,24056
2022-01-07,0,20,"khroma",FALSE,20,16831,24076
2022-01-08,0,3,"khroma",FALSE,3,16834,24079
2022-01-09,0,15,"khroma",FALSE,15,16849,24094
2022-01-10,0,16,"khroma",FALSE,16,16865,24110
2022-01-11,3,45,"khroma",FALSE,42,16907,24155
2022-01-12,3,145,"khroma",FALSE,142,17049,24300
2022-01-13,3,46,"khroma",FALSE,43,17092,24346
2022-01-14,0,39,"khroma",FALSE,39,17131,24385
2022-01-15,3,19,"khroma",FALSE,16,17147,24404
2022-01-16,0,11,"khroma",FALSE,11,17158,24415
2022-01-17,0,21,"khroma",FALSE,21,17179,24436
2022-01-18,0,26,"khroma",FALSE,26,17205,24462
2022-01-19,0,39,"khroma",FALSE,39,17244,24501
2022-01-20,3,50,"khroma",TRUE,1,17245,24551
2022-01-21,1,78,"khroma",FALSE,1,17246,24629
2022-01-22,3,53,"khroma",FALSE,50,17296,24682
2022-01-23,0,19,"khroma",FALSE,19,17315,24701
2022-01-24,3,84,"khroma",FALSE,81,17396,24785
2022-01-25,0,65,"khroma",FALSE,65,17461,24850
2022-01-26,0,63,"khroma",FALSE,63,17524,24913
2022-01-27,0,44,"khroma",FALSE,44,17568,24957
2022-01-28,3,28,"khroma",FALSE,25,17593,24985
2022-01-29,0,10,"khroma",FALSE,10,17603,24995
2022-01-30,3,30,"khroma",FALSE,27,17630,25025
2022-01-31,0,27,"khroma",FALSE,27,17657,25052
2022-02-01,3,51,"khroma",FALSE,48,17705,25103
2022-02-02,0,38,"khroma",FALSE,38,17743,25141
2022-02-03,0,17,"khroma",FALSE,17,17760,25158
2022-02-04,0,20,"khroma",FALSE,20,17780,25178
2022-02-05,0,9,"khroma",FALSE,9,17789,25187
2022-02-06,3,22,"khroma",FALSE,19,17808,25209
2022-02-07,0,23,"khroma",FALSE,23,17831,25232
2022-02-08,13,81,"khroma",FALSE,68,17899,25313
2022-02-09,6,56,"khroma",FALSE,50,17949,25369
2022-02-10,3,45,"khroma",FALSE,42,17991,25414
2022-02-11,0,14,"khroma",FALSE,14,18005,25428
2022-02-12,3,22,"khroma",FALSE,19,18024,25450
2022-02-13,0,2,"khroma",FALSE,2,18026,25452
2022-02-14,3,36,"khroma",FALSE,33,18059,25488
2022-02-15,0,18,"khroma",FALSE,18,18077,25506
2022-02-16,9,51,"khroma",FALSE,42,18119,25557
2022-02-17,0,24,"khroma",FALSE,24,18143,25581
2022-02-18,3,28,"khroma",FALSE,25,18168,25609
2022-02-19,0,11,"khroma",FALSE,11,18179,25620
2022-02-20,0,41,"khroma",FALSE,41,18220,25661
2022-02-21,3,69,"khroma",FALSE,66,18286,25730
2022-02-22,0,22,"khroma",FALSE,22,18308,25752
2022-02-23,11,59,"khroma",FALSE,48,18356,25811
2022-02-24,0,20,"khroma",FALSE,20,18376,25831
2022-02-25,3,37,"khroma",FALSE,34,18410,25868
2022-02-26,0,6,"khroma",FALSE,6,18416,25874
2022-02-27,4,18,"khroma",FALSE,14,18430,25892
2022-02-28,0,22,"khroma",FALSE,22,18452,25914
2022-03-01,3,37,"khroma",FALSE,34,18486,25951
2022-03-02,3,37,"khroma",FALSE,34,18520,25988
2022-03-03,3,36,"khroma",FALSE,33,18553,26024
2022-03-04,0,26,"khroma",FALSE,26,18579,26050
2022-03-05,3,20,"khroma",FALSE,17,18596,26070
2022-03-06,0,12,"khroma",FALSE,12,18608,26082
2022-03-07,3,46,"khroma",FALSE,43,18651,26128
2022-03-08,2,30,"khroma",FALSE,28,18679,26158
2022-03-09,10,58,"khroma",FALSE,48,18727,26216
2022-03-10,0,22,"khroma",FALSE,22,18749,26238
2022-03-11,1,39,"khroma",FALSE,38,18787,26277
2022-03-12,0,14,"khroma",FALSE,14,18801,26291
2022-03-13,3,20,"khroma",FALSE,17,18818,26311
2022-03-14,0,22,"khroma",FALSE,22,18840,26333
2022-03-15,3,33,"khroma",FALSE,30,18870,26366
2022-03-16,4,61,"khroma",FALSE,57,18927,26427
2022-03-17,3,44,"khroma",FALSE,41,18968,26471
2022-03-18,0,25,"khroma",FALSE,25,18993,26496
2022-03-19,3,19,"khroma",FALSE,16,19009,26515
2022-03-20,0,7,"khroma",FALSE,7,19016,26522
2022-03-21,4,30,"khroma",FALSE,26,19042,26552
2022-03-22,0,20,"khroma",FALSE,20,19062,26572
2022-03-23,9,61,"khroma",FALSE,52,19114,26633
2022-03-24,0,22,"khroma",FALSE,22,19136,26655
2022-03-25,3,22,"khroma",FALSE,19,19155,26677
2022-03-26,0,13,"khroma",FALSE,13,19168,26690
2022-03-27,3,15,"khroma",FALSE,12,19180,26705
2022-03-28,0,26,"khroma",FALSE,26,19206,26731
2022-03-29,3,30,"khroma",FALSE,27,19233,26761
2022-03-30,5,40,"khroma",FALSE,35,19268,26801
2022-03-31,3,29,"khroma",FALSE,26,19294,26830
2022-04-01,1,14,"khroma",FALSE,13,19307,26844
2022-04-02,3,20,"khroma",FALSE,17,19324,26864
2022-04-03,0,10,"khroma",FALSE,10,19334,26874
2022-04-04,4,29,"khroma",FALSE,25,19359,26903
2022-04-05,0,19,"khroma",FALSE,19,19378,26922
2022-04-06,10,79,"khroma",FALSE,69,19447,27001
2022-04-07,3,30,"khroma",FALSE,27,19474,27031
2022-04-08,0,19,"khroma",FALSE,19,19493,27050
2022-04-09,0,4,"khroma",FALSE,4,19497,27054
2022-04-10,0,13,"khroma",FALSE,13,19510,27067
2022-04-11,6,31,"khroma",FALSE,25,19535,27098
2022-04-12,0,8,"khroma",FALSE,8,19543,27106
2022-04-13,6,42,"khroma",FALSE,36,19579,27148
2022-04-14,0,16,"khroma",FALSE,16,19595,27164
2022-04-15,0,12,"khroma",FALSE,12,19607,27176
2022-04-16,3,22,"khroma",FALSE,19,19626,27198
2022-04-17,0,4,"khroma",FALSE,4,19630,27202
2022-04-18,3,39,"khroma",FALSE,36,19666,27241
2022-04-19,0,16,"khroma",FALSE,16,19682,27257
2022-04-20,10,54,"khroma",FALSE,44,19726,27311
2022-04-21,0,23,"khroma",FALSE,23,19749,27334
2022-04-22,3,29,"khroma",FALSE,26,19775,27363
2022-04-23,0,12,"khroma",FALSE,12,19787,27375
2022-04-24,0,8,"khroma",FALSE,8,19795,27383
2022-04-25,0,29,"khroma",FALSE,29,19824,27412
2022-04-26,0,21,"khroma",FALSE,21,19845,27433
2022-04-27,9,60,"khroma",FALSE,51,19896,27493
2022-04-28,0,17,"khroma",FALSE,17,19913,27510
2022-04-29,0,29,"khroma",FALSE,29,19942,27539
2022-04-30,3,21,"khroma",FALSE,18,19960,27560
2022-05-01,0,8,"khroma",FALSE,8,19968,27568
2022-05-02,3,26,"khroma",FALSE,23,19991,27594
2022-05-03,0,26,"khroma",FALSE,26,20017,27620
2022-05-04,9,55,"khroma",FALSE,46,20063,27675
2022-05-05,0,18,"khroma",FALSE,18,20081,27693
2022-05-06,4,26,"khroma",FALSE,22,20103,27719
2022-05-07,0,14,"khroma",FALSE,14,20117,27733
2022-05-08,3,20,"khroma",FALSE,17,20134,27753
2022-05-09,0,33,"khroma",FALSE,33,20167,27786
2022-05-10,3,32,"khroma",FALSE,29,20196,27818
2022-05-11,4,37,"khroma",FALSE,33,20229,27855
2022-05-12,3,29,"khroma",FALSE,26,20255,27884
2022-05-13,0,13,"khroma",FALSE,13,20268,27897
2022-05-14,3,16,"khroma",FALSE,13,20281,27913
2022-05-15,0,5,"khroma",FALSE,5,20286,27918
2022-05-16,3,32,"khroma",FALSE,29,20315,27950
2022-05-17,1,32,"khroma",FALSE,31,20346,27982
2022-05-18,4,47,"khroma",FALSE,43,20389,28029
2022-05-19,0,27,"khroma",FALSE,27,20416,28056
2022-05-20,3,16,"khroma",FALSE,13,20429,28072
2022-05-21,0,1,"khroma",FALSE,1,20430,28073
2022-05-22,3,17,"khroma",FALSE,14,20444,28090
2022-05-23,0,14,"khroma",FALSE,14,20458,28104
2022-05-24,0,23,"khroma",FALSE,23,20481,28127
2022-05-25,9,52,"khroma",FALSE,43,20524,28179
2022-05-26,0,18,"khroma",FALSE,18,20542,28197
2022-05-27,3,27,"khroma",FALSE,24,20566,28224
2022-05-28,0,6,"khroma",FALSE,6,20572,28230
2022-05-29,3,16,"khroma",FALSE,13,20585,28246
2022-05-30,0,25,"khroma",FALSE,25,20610,28271
2022-05-31,3,37,"khroma",FALSE,34,20644,28308
2022-06-01,2,46,"khroma",FALSE,44,20688,28354
2022-06-02,3,18,"khroma",FALSE,15,20703,28372
2022-06-03,0,21,"khroma",FALSE,21,20724,28393
2022-06-04,3,16,"khroma",FALSE,13,20737,28409
2022-06-05,0,4,"khroma",FALSE,4,20741,28413
2022-06-06,3,25,"khroma",FALSE,22,20763,28438
2022-06-07,0,20,"khroma",FALSE,20,20783,28458
2022-06-08,10,53,"khroma",FALSE,43,20826,28511
2022-06-09,0,25,"khroma",FALSE,25,20851,28536
2022-06-10,0,16,"khroma",FALSE,16,20867,28552
2022-06-11,3,14,"khroma",FALSE,11,20878,28566
2022-06-12,0,5,"khroma",FALSE,5,20883,28571
2022-06-13,3,31,"khroma",FALSE,28,20911,28602
2022-06-14,4,51,"khroma",FALSE,47,20958,28653
2022-06-15,3,55,"khroma",FALSE,52,21010,28708
2022-06-16,0,24,"khroma",FALSE,24,21034,28732
2022-06-17,0,19,"khroma",FALSE,19,21053,28751
2022-06-18,0,24,"khroma",TRUE,1,21054,28775
2022-06-19,0,28,"khroma",FALSE,1,21055,28803
2022-06-20,0,45,"khroma",FALSE,45,21100,28848
2022-06-21,0,23,"khroma",FALSE,23,21123,28871
2022-06-22,2,40,"khroma",FALSE,38,21161,28911
2022-06-23,0,22,"khroma",FALSE,22,21183,28933
2022-06-24,3,73,"khroma",FALSE,70,21253,29006
2022-06-25,0,15,"khroma",FALSE,15,21268,29021
2022-06-26,0,13,"khroma",FALSE,13,21281,29034
2022-06-27,0,33,"khroma",FALSE,33,21314,29067
2022-06-28,0,40,"khroma",FALSE,40,21354,29107
2022-06-29,3,59,"khroma",FALSE,56,21410,29166
2022-06-30,3,42,"khroma",FALSE,39,21449,29208
2022-07-01,0,33,"khroma",FALSE,33,21482,29241
2022-07-02,0,7,"khroma",FALSE,7,21489,29248
2022-07-03,3,47,"khroma",FALSE,44,21533,29295
2022-07-04,0,23,"khroma",FALSE,23,21556,29318
2022-07-05,0,26,"khroma",FALSE,26,21582,29344
2022-07-06,9,63,"khroma",FALSE,54,21636,29407
2022-07-07,0,18,"khroma",FALSE,18,21654,29425
2022-07-08,0,20,"khroma",FALSE,20,21674,29445
2022-07-09,3,28,"khroma",FALSE,25,21699,29473
2022-07-10,0,8,"khroma",FALSE,8,21707,29481
2022-07-11,0,34,"khroma",FALSE,34,21741,29515
2022-07-12,3,24,"khroma",FALSE,21,21762,29539
2022-07-13,3,47,"khroma",FALSE,44,21806,29586
2022-07-14,0,23,"khroma",FALSE,23,21829,29609
2022-07-15,3,29,"khroma",FALSE,26,21855,29638
2022-07-16,0,18,"khroma",FALSE,18,21873,29656
2022-07-17,0,17,"khroma",FALSE,17,21890,29673
2022-07-18,4,33,"khroma",FALSE,29,21919,29706
2022-07-19,0,22,"khroma",FALSE,22,21941,29728
2022-07-20,2,43,"khroma",FALSE,41,21982,29771
2022-07-21,3,31,"khroma",FALSE,28,22010,29802
2022-07-22,0,21,"khroma",FALSE,21,22031,29823
2022-07-23,0,11,"khroma",FALSE,11,22042,29834
2022-07-24,3,21,"khroma",FALSE,18,22060,29855
2022-07-25,0,18,"khroma",FALSE,18,22078,29873
2022-07-26,0,16,"khroma",FALSE,16,22094,29889
2022-07-27,9,69,"khroma",FALSE,60,22154,29958
2022-07-28,0,20,"khroma",FALSE,20,22174,29978
2022-07-29,0,20,"khroma",FALSE,20,22194,29998
2022-07-30,3,25,"khroma",FALSE,22,22216,30023
2022-07-31,3,33,"khroma",FALSE,30,22246,30056
2022-08-01,0,7,"khroma",FALSE,7,22253,30063
2022-08-02,0,16,"khroma",FALSE,16,22269,30079
2022-08-03,9,50,"khroma",FALSE,41,22310,30129
2022-08-04,0,14,"khroma",FALSE,14,22324,30143
2022-08-05,0,19,"khroma",FALSE,19,22343,30162
2022-08-06,3,23,"khroma",FALSE,20,22363,30185
2022-08-07,0,8,"khroma",FALSE,8,22371,30193
2022-08-08,0,30,"khroma",FALSE,30,22401,30223
2022-08-09,3,31,"khroma",FALSE,28,22429,30254
2022-08-10,0,31,"khroma",FALSE,31,22460,30285
2022-08-11,1,26,"khroma",FALSE,25,22485,30311
2022-08-12,3,30,"khroma",FALSE,27,22512,30341
2022-08-13,2,11,"khroma",FALSE,9,22521,30352
2022-08-14,1,10,"khroma",FALSE,9,22530,30362
2022-08-15,3,26,"khroma",FALSE,23,22553,30388
2022-08-16,1,19,"khroma",FALSE,18,22571,30407
2022-08-17,6,43,"khroma",FALSE,37,22608,30450
2022-08-18,6,24,"khroma",FALSE,18,22626,30474
2022-08-19,0,13,"khroma",FALSE,13,22639,30487
2022-08-20,0,6,"khroma",FALSE,6,22645,30493
2022-08-21,3,17,"khroma",FALSE,14,22659,30510
2022-08-22,0,13,"khroma",FALSE,13,22672,30523
2022-08-23,0,29,"khroma",FALSE,29,22701,30552
2022-08-24,10,56,"khroma",FALSE,46,22747,30608
2022-08-25,1,18,"khroma",FALSE,17,22764,30626
2022-08-26,0,9,"khroma",FALSE,9,22773,30635
2022-08-27,3,18,"khroma",FALSE,15,22788,30653
2022-08-28,0,9,"khroma",FALSE,9,22797,30662
2022-08-29,0,17,"khroma",FALSE,17,22814,30679
2022-08-30,5,32,"khroma",FALSE,27,22841,30711
2022-08-31,2,44,"khroma",FALSE,42,22883,30755
2022-09-01,0,19,"khroma",FALSE,19,22902,30774
2022-09-02,3,31,"khroma",FALSE,28,22930,30805
2022-09-03,0,5,"khroma",FALSE,5,22935,30810
2022-09-04,0,1,"khroma",FALSE,1,22936,30811
2022-09-05,3,29,"khroma",FALSE,26,22962,30840
2022-09-06,0,20,"khroma",FALSE,20,22982,30860
2022-09-07,0,29,"khroma",FALSE,29,23011,30889
2022-09-08,7,63,"khroma",FALSE,56,23067,30952
2022-09-09,0,9,"khroma",FALSE,9,23076,30961
2022-09-10,0,11,"khroma",FALSE,11,23087,30972
2022-09-11,3,27,"khroma",FALSE,24,23111,30999
2022-09-12,0,22,"khroma",FALSE,22,23133,31021
2022-09-13,0,26,"khroma",FALSE,26,23159,31047
2022-09-14,9,63,"khroma",FALSE,54,23213,31110
2022-09-15,0,11,"khroma",FALSE,11,23224,31121
2022-09-16,0,27,"khroma",FALSE,27,23251,31148
2022-09-17,3,20,"khroma",FALSE,17,23268,31168
2022-09-18,0,8,"khroma",FALSE,8,23276,31176
2022-09-19,0,28,"khroma",FALSE,28,23304,31204
2022-09-20,3,33,"khroma",FALSE,30,23334,31237
2022-09-21,0,17,"khroma",FALSE,17,23351,31254
2022-09-22,0,27,"khroma",FALSE,27,23378,31281
2022-09-23,3,41,"khroma",FALSE,38,23416,31322
2022-09-24,0,7,"khroma",FALSE,7,23423,31329
2022-09-25,0,11,"khroma",FALSE,11,23434,31340
2022-09-26,3,29,"khroma",FALSE,26,23460,31369
2022-09-27,0,24,"khroma",FALSE,24,23484,31393
2022-09-28,0,19,"khroma",FALSE,19,23503,31412
2022-09-29,3,25,"khroma",FALSE,22,23525,31437
2022-09-30,0,26,"khroma",FALSE,26,23551,31463
2022-10-01,0,2,"khroma",FALSE,2,23553,31465
2022-10-02,3,17,"khroma",FALSE,14,23567,31482
2022-10-03,1,21,"khroma",FALSE,20,23587,31503
2022-10-04,0,23,"khroma",FALSE,23,23610,31526
2022-10-05,3,55,"khroma",FALSE,52,23662,31581
2022-10-06,0,17,"khroma",FALSE,17,23679,31598
2022-10-07,0,21,"khroma",FALSE,21,23700,31619
2022-10-08,3,19,"khroma",FALSE,16,23716,31638
2022-10-09,0,12,"khroma",FALSE,12,23728,31650
2022-10-10,0,23,"khroma",FALSE,23,23751,31673
2022-10-11,0,29,"khroma",FALSE,29,23780,31702
2022-10-12,3,61,"khroma",FALSE,58,23838,31763
2022-10-13,0,17,"khroma",FALSE,17,23855,31780
2022-10-14,0,21,"khroma",FALSE,21,23876,31801
2022-10-15,3,22,"khroma",FALSE,19,23895,31823
2022-10-16,0,9,"khroma",FALSE,9,23904,31832
2022-10-17,0,58,"khroma",FALSE,58,23962,31890
2022-10-18,3,40,"khroma",FALSE,37,23999,31930
2022-10-19,0,32,"khroma",FALSE,32,24031,31962
2022-10-20,3,36,"khroma",FALSE,33,24064,31998
2022-10-21,0,28,"khroma",FALSE,28,24092,32026
2022-10-22,0,17,"khroma",FALSE,17,24109,32043
2022-10-23,3,26,"khroma",FALSE,23,24132,32069
2022-10-24,0,38,"khroma",FALSE,38,24170,32107
2022-10-25,0,29,"khroma",FALSE,29,24199,32136
2022-10-26,3,41,"khroma",FALSE,38,24237,32177
2022-10-27,0,19,"khroma",FALSE,19,24256,32196
2022-10-28,0,36,"khroma",FALSE,36,24292,32232
2022-10-29,0,12,"khroma",FALSE,12,24304,32244
2022-10-30,0,21,"khroma",FALSE,21,24325,32265
2022-10-31,0,16,"khroma",FALSE,16,24341,32281
2022-11-01,0,33,"khroma",FALSE,33,24374,32314
2022-11-02,1,63,"khroma",FALSE,62,24436,32377
2022-11-03,3,47,"khroma",FALSE,44,24480,32424
2022-11-04,0,29,"khroma",FALSE,29,24509,32453
2022-11-05,3,21,"khroma",FALSE,18,24527,32474
2022-11-06,0,11,"khroma",FALSE,11,24538,32485
2022-11-07,3,48,"khroma",FALSE,45,24583,32533
2022-11-08,0,24,"khroma",FALSE,24,24607,32557
2022-11-09,0,37,"khroma",FALSE,37,24644,32594
2022-11-10,3,36,"khroma",FALSE,33,24677,32630
2022-11-11,0,15,"khroma",FALSE,15,24692,32645
2022-11-12,0,32,"khroma",FALSE,32,24724,32677
2022-11-13,0,8,"khroma",FALSE,8,24732,32685
2022-11-14,3,37,"khroma",FALSE,34,24766,32722
2022-11-15,0,16,"khroma",FALSE,16,24782,32738
2022-11-16,0,27,"khroma",FALSE,27,24809,32765
2022-11-17,3,36,"khroma",FALSE,33,24842,32801
2022-11-18,7,62,"khroma",FALSE,55,24897,32863
2022-11-19,0,10,"khroma",FALSE,10,24907,32873
2022-11-20,0,8,"khroma",FALSE,8,24915,32881
2022-11-21,3,19,"khroma",FALSE,16,24931,32900
2022-11-22,1,31,"khroma",FALSE,30,24961,32931
2022-11-23,0,21,"khroma",FALSE,21,24982,32952
2022-11-24,0,19,"khroma",FALSE,19,25001,32971
2022-11-25,0,22,"khroma",FALSE,22,25023,32993
2022-11-26,0,27,"khroma",FALSE,27,25050,33020
2022-11-27,0,23,"khroma",FALSE,23,25073,33043
2022-11-28,3,26,"khroma",FALSE,23,25096,33069
2022-11-29,0,26,"khroma",FALSE,26,25122,33095
2022-11-30,0,35,"khroma",FALSE,35,25157,33130
2022-12-01,0,16,"khroma",FALSE,16,25173,33146
2022-12-02,0,25,"khroma",FALSE,25,25198,33171
2022-12-03,0,5,"khroma",FALSE,5,25203,33176
2022-12-04,0,12,"khroma",FALSE,12,25215,33188
2022-12-05,0,17,"khroma",FALSE,17,25232,33205
2022-12-06,2,16,"khroma",FALSE,14,25246,33221
2022-12-07,0,21,"khroma",FALSE,21,25267,33242
2022-12-08,0,20,"khroma",FALSE,20,25287,33262
2022-12-09,0,14,"khroma",FALSE,14,25301,33276
2022-12-10,0,3,"khroma",FALSE,3,25304,33279
2022-12-11,0,7,"khroma",FALSE,7,25311,33286
2022-12-12,0,23,"khroma",FALSE,23,25334,33309
2022-12-13,0,28,"khroma",FALSE,28,25362,33337
2022-12-14,0,14,"khroma",FALSE,14,25376,33351
2022-12-15,0,19,"khroma",FALSE,19,25395,33370
2022-12-16,4,35,"khroma",FALSE,31,25426,33405
2022-12-17,0,5,"khroma",FALSE,5,25431,33410
2022-12-18,0,8,"khroma",FALSE,8,25439,33418
2022-12-19,0,13,"khroma",FALSE,13,25452,33431
2022-12-20,0,14,"khroma",FALSE,14,25466,33445
2022-12-21,0,32,"khroma",FALSE,32,25498,33477
2022-12-22,0,17,"khroma",FALSE,17,25515,33494
2022-12-23,0,23,"khroma",FALSE,23,25538,33517
2022-12-24,2,45,"khroma",FALSE,43,25581,33562
2022-12-25,1,7,"khroma",FALSE,6,25587,33569
2022-12-26,0,9,"khroma",FALSE,9,25596,33578
2022-12-27,0,9,"khroma",FALSE,9,25605,33587
2022-12-28,0,12,"khroma",FALSE,12,25617,33599
2022-12-29,0,7,"khroma",FALSE,7,25624,33606
2022-12-30,0,13,"khroma",FALSE,13,25637,33619
2022-12-31,0,1,"khroma",FALSE,1,25638,33620
2023-01-01,0,3,"khroma",FALSE,3,25641,33623
2023-01-02,0,20,"khroma",FALSE,20,25661,33643
2023-01-03,0,20,"khroma",FALSE,20,25681,33663
2023-01-04,3,10,"khroma",FALSE,7,25688,33673
2023-01-05,0,19,"khroma",FALSE,19,25707,33692
2023-01-06,1,15,"khroma",FALSE,14,25721,33707
2023-01-07,0,13,"khroma",FALSE,13,25734,33720
2023-01-08,0,14,"khroma",FALSE,14,25748,33734
2023-01-09,0,18,"khroma",FALSE,18,25766,33752
2023-01-10,0,13,"khroma",FALSE,13,25779,33765
2023-01-11,0,30,"khroma",FALSE,30,25809,33795
2023-01-12,0,14,"khroma",FALSE,14,25823,33809
2023-01-13,0,32,"khroma",FALSE,32,25855,33841
2023-01-14,0,6,"khroma",FALSE,6,25861,33847
2023-01-15,0,9,"khroma",FALSE,9,25870,33856
2023-01-16,3,7,"khroma",FALSE,4,25874,33863
2023-01-17,7,51,"khroma",FALSE,44,25918,33914
2023-01-18,2,53,"khroma",FALSE,51,25969,33967
2023-01-19,0,30,"khroma",FALSE,30,25999,33997
2023-01-20,0,15,"khroma",FALSE,15,26014,34012
2023-01-21,2,10,"khroma",FALSE,8,26022,34022
2023-01-22,0,11,"khroma",FALSE,11,26033,34033
2023-01-23,0,15,"khroma",FALSE,15,26048,34048
2023-01-24,0,28,"khroma",FALSE,28,26076,34076
2023-01-25,0,18,"khroma",FALSE,18,26094,34094
2023-01-26,0,54,"khroma",FALSE,54,26148,34148
2023-01-27,0,33,"khroma",FALSE,33,26181,34181
2023-01-28,0,4,"khroma",FALSE,4,26185,34185
2023-01-29,0,16,"khroma",FALSE,16,26201,34201
2023-01-30,0,23,"khroma",FALSE,23,26224,34224
2023-01-31,0,23,"khroma",FALSE,23,26247,34247
2023-02-01,0,55,"khroma",FALSE,55,26302,34302
2023-02-02,5,69,"khroma",FALSE,64,26366,34371
2023-02-03,0,31,"khroma",FALSE,31,26397,34402
2023-02-04,0,9,"khroma",FALSE,9,26406,34411
2023-02-05,0,4,"khroma",FALSE,4,26410,34415
2023-02-06,0,31,"khroma",FALSE,31,26441,34446
2023-02-07,0,30,"khroma",FALSE,30,26471,34476
2023-02-08,0,22,"khroma",FALSE,22,26493,34498
2023-02-09,0,40,"khroma",FALSE,40,26533,34538
2023-02-10,0,16,"khroma",FALSE,16,26549,34554
2023-02-11,0,8,"khroma",FALSE,8,26557,34562
2023-02-12,0,8,"khroma",FALSE,8,26565,34570
2023-02-13,0,14,"khroma",FALSE,14,26579,34584
2023-02-14,0,36,"khroma",FALSE,36,26615,34620
2023-02-15,3,30,"khroma",FALSE,27,26642,34650
2023-02-16,0,20,"khroma",FALSE,20,26662,34670
2023-02-17,0,30,"khroma",FALSE,30,26692,34700
2023-02-18,0,6,"khroma",FALSE,6,26698,34706
2023-02-19,2,20,"khroma",FALSE,18,26716,34726
2023-02-20,0,13,"khroma",FALSE,13,26729,34739
2023-02-21,0,16,"khroma",FALSE,16,26745,34755
2023-02-22,0,33,"khroma",FALSE,33,26778,34788
2023-02-23,1,26,"khroma",FALSE,25,26803,34814
2023-02-24,0,17,"khroma",FALSE,17,26820,34831
2023-02-25,0,2,"khroma",FALSE,2,26822,34833
2023-02-26,0,7,"khroma",FALSE,7,26829,34840
2023-02-27,0,26,"khroma",FALSE,26,26855,34866
2023-02-28,0,12,"khroma",FALSE,12,26867,34878
2023-03-01,0,33,"khroma",FALSE,33,26900,34911
2023-03-02,0,17,"khroma",FALSE,17,26917,34928
2023-03-03,0,31,"khroma",FALSE,31,26948,34959
2023-03-04,0,7,"khroma",FALSE,7,26955,34966
2023-03-05,0,13,"khroma",FALSE,13,26968,34979
2023-03-06,3,21,"khroma",FALSE,18,26986,35000
2023-03-07,0,16,"khroma",FALSE,16,27002,35016
2023-03-08,0,20,"khroma",FALSE,20,27022,35036
2023-03-09,3,88,"khroma",FALSE,85,27107,35124
2023-03-10,2,42,"khroma",FALSE,40,27147,35166
2023-03-11,0,6,"khroma",FALSE,6,27153,35172
2023-03-12,0,8,"khroma",FALSE,8,27161,35180
2023-03-13,0,19,"khroma",FALSE,19,27180,35199
2023-03-14,0,18,"khroma",FALSE,18,27198,35217
2023-03-15,5,43,"khroma",FALSE,38,27236,35260
2023-03-16,3,49,"khroma",FALSE,46,27282,35309
2023-03-17,0,13,"khroma",FALSE,13,27295,35322
2023-03-18,2,35,"khroma",FALSE,33,27328,35357
2023-03-19,0,13,"khroma",FALSE,13,27341,35370
2023-03-20,8,47,"khroma",FALSE,39,27380,35417
2023-03-21,0,30,"khroma",FALSE,30,27410,35447
2023-03-22,2,48,"khroma",FALSE,46,27456,35495
2023-03-23,0,16,"khroma",FALSE,16,27472,35511
2023-03-24,0,26,"khroma",FALSE,26,27498,35537
2023-03-25,1,14,"khroma",FALSE,13,27511,35551
2023-03-26,0,27,"khroma",FALSE,27,27538,35578
2023-03-27,4,33,"khroma",FALSE,29,27567,35611
2023-03-28,0,24,"khroma",FALSE,24,27591,35635
2023-03-29,2,42,"khroma",FALSE,40,27631,35677
2023-03-30,0,21,"khroma",FALSE,21,27652,35698
2023-03-31,0,18,"khroma",FALSE,18,27670,35716
2023-04-01,0,15,"khroma",FALSE,15,27685,35731
2023-04-02,3,7,"khroma",FALSE,4,27689,35738
2023-04-03,0,22,"khroma",FALSE,22,27711,35760
2023-04-04,0,28,"khroma",FALSE,28,27739,35788
2023-04-05,0,32,"khroma",FALSE,32,27771,35820
2023-04-06,0,32,"khroma",FALSE,32,27803,35852
2023-04-07,0,27,"khroma",FALSE,27,27830,35879
2023-04-08,3,14,"khroma",FALSE,11,27841,35893
2023-04-09,0,9,"khroma",FALSE,9,27850,35902
2023-04-10,0,14,"khroma",FALSE,14,27864,35916
2023-04-11,0,28,"khroma",FALSE,28,27892,35944
2023-04-12,2,50,"khroma",FALSE,48,27940,35994
2023-04-13,1,19,"khroma",FALSE,18,27958,36013
2023-04-14,3,26,"khroma",FALSE,23,27981,36039
2023-04-15,0,6,"khroma",FALSE,6,27987,36045
2023-04-16,0,11,"khroma",FALSE,11,27998,36056
2023-04-17,0,33,"khroma",TRUE,1,27999,36089
2023-04-18,0,66,"khroma",FALSE,1,28000,36155
2023-04-19,9,117,"khroma",FALSE,108,28108,36272
2023-04-20,0,48,"khroma",FALSE,48,28156,36320
2023-04-21,3,59,"khroma",FALSE,56,28212,36379
2023-04-22,0,26,"khroma",FALSE,26,28238,36405
2023-04-23,0,18,"khroma",FALSE,18,28256,36423
2023-04-24,0,37,"khroma",FALSE,37,28293,36460
2023-04-25,0,34,"khroma",FALSE,34,28327,36494
2023-04-26,2,80,"khroma",FALSE,78,28405,36574
2023-04-27,0,40,"khroma",FALSE,40,28445,36614
2023-04-28,0,34,"khroma",FALSE,34,28479,36648
2023-04-29,0,6,"khroma",FALSE,6,28485,36654
2023-04-30,0,9,"khroma",FALSE,9,28494,36663
2023-05-01,0,32,"khroma",FALSE,32,28526,36695
2023-05-02,0,32,"khroma",FALSE,32,28558,36727
2023-05-03,2,57,"khroma",FALSE,55,28613,36784
2023-05-04,0,26,"khroma",FALSE,26,28639,36810
2023-05-05,0,38,"khroma",FALSE,38,28677,36848
2023-05-06,0,26,"khroma",FALSE,26,28703,36874
2023-05-07,0,12,"khroma",FALSE,12,28715,36886
2023-05-08,0,62,"khroma",FALSE,62,28777,36948
2023-05-09,0,36,"khroma",FALSE,36,28813,36984
2023-05-10,2,57,"khroma",FALSE,55,28868,37041
2023-05-11,0,28,"khroma",FALSE,28,28896,37069
2023-05-12,0,40,"khroma",FALSE,40,28936,37109
2023-05-13,0,20,"khroma",FALSE,20,28956,37129
2023-05-14,0,9,"khroma",FALSE,9,28965,37138
2023-05-15,2,42,"khroma",FALSE,40,29005,37180
2023-05-16,0,42,"khroma",FALSE,42,29047,37222
2023-05-17,2,61,"khroma",FALSE,59,29106,37283
2023-05-18,0,27,"khroma",FALSE,27,29133,37310
2023-05-19,0,25,"khroma",FALSE,25,29158,37335
2023-05-20,0,8,"khroma",FALSE,8,29166,37343
2023-05-21,0,7,"khroma",FALSE,7,29173,37350
2023-05-22,0,22,"khroma",FALSE,22,29195,37372
2023-05-23,0,27,"khroma",FALSE,27,29222,37399
2023-05-24,2,80,"khroma",FALSE,78,29300,37479
2023-05-25,0,27,"khroma",FALSE,27,29327,37506
2023-05-26,0,22,"khroma",FALSE,22,29349,37528
2023-05-27,0,12,"khroma",FALSE,12,29361,37540
2023-05-28,0,12,"khroma",FALSE,12,29373,37552
2023-05-29,0,23,"khroma",FALSE,23,29396,37575
2023-05-30,0,23,"khroma",FALSE,23,29419,37598
2023-05-31,0,30,"khroma",FALSE,30,29449,37628
2023-06-01,1,41,"khroma",FALSE,40,29489,37669
2023-06-02,0,25,"khroma",FALSE,25,29514,37694
2023-06-03,0,16,"khroma",FALSE,16,29530,37710
2023-06-04,0,7,"khroma",FALSE,7,29537,37717
2023-06-05,0,20,"khroma",FALSE,20,29557,37737
2023-06-06,0,19,"khroma",FALSE,19,29576,37756
2023-06-07,0,13,"khroma",FALSE,13,29589,37769
2023-06-08,2,49,"khroma",FALSE,47,29636,37818
2023-06-09,0,21,"khroma",FALSE,21,29657,37839
2023-06-10,0,10,"khroma",FALSE,10,29667,37849
2023-06-11,0,11,"khroma",FALSE,11,29678,37860
2023-06-12,0,20,"khroma",FALSE,20,29698,37880
2023-06-13,0,30,"khroma",FALSE,30,29728,37910
2023-06-14,0,25,"khroma",FALSE,25,29753,37935
2023-06-15,2,54,"khroma",FALSE,52,29805,37989
2023-06-16,0,24,"khroma",FALSE,24,29829,38013
2023-06-17,0,6,"khroma",FALSE,6,29835,38019
2023-06-18,0,3,"khroma",FALSE,3,29838,38022
2023-06-19,0,17,"khroma",FALSE,17,29855,38039
2023-06-20,0,25,"khroma",FALSE,25,29880,38064
2023-06-21,2,36,"khroma",FALSE,34,29914,38100
2023-06-22,0,48,"khroma",FALSE,48,29962,38148
2023-06-23,0,30,"khroma",FALSE,30,29992,38178
2023-06-24,0,16,"khroma",FALSE,16,30008,38194
2023-06-25,0,17,"khroma",FALSE,17,30025,38211
2023-06-26,0,24,"khroma",FALSE,24,30049,38235
2023-06-27,0,31,"khroma",FALSE,31,30080,38266
2023-06-28,2,65,"khroma",FALSE,63,30143,38331
2023-06-29,0,23,"khroma",FALSE,23,30166,38354
2023-06-30,0,28,"khroma",FALSE,28,30194,38382
2023-07-01,0,12,"khroma",FALSE,12,30206,38394
2023-07-02,0,9,"khroma",FALSE,9,30215,38403
2023-07-03,0,22,"khroma",FALSE,22,30237,38425
2023-07-04,0,15,"khroma",FALSE,15,30252,38440
2023-07-05,1,45,"khroma",FALSE,44,30296,38485
2023-07-06,0,17,"khroma",FALSE,17,30313,38502
2023-07-07,0,21,"khroma",FALSE,21,30334,38523
2023-07-08,0,15,"khroma",FALSE,15,30349,38538
2023-07-09,0,16,"khroma",FALSE,16,30365,38554
2023-07-10,0,19,"khroma",FALSE,19,30384,38573
2023-07-11,0,22,"khroma",FALSE,22,30406,38595
2023-07-12,2,53,"khroma",FALSE,51,30457,38648
2023-07-13,0,14,"khroma",FALSE,14,30471,38662
2023-07-14,0,14,"khroma",FALSE,14,30485,38676
2023-07-15,0,3,"khroma",FALSE,3,30488,38679
2023-07-16,0,13,"khroma",FALSE,13,30501,38692
2023-07-17,0,19,"khroma",FALSE,19,30520,38711
2023-07-18,0,30,"khroma",FALSE,30,30550,38741
2023-07-19,2,51,"khroma",FALSE,49,30599,38792
2023-07-20,0,16,"khroma",FALSE,16,30615,38808
2023-07-21,0,25,"khroma",FALSE,25,30640,38833
2023-07-22,0,5,"khroma",FALSE,5,30645,38838
2023-07-23,0,11,"khroma",FALSE,11,30656,38849
2023-07-24,0,25,"khroma",FALSE,25,30681,38874
2023-07-25,0,27,"khroma",FALSE,27,30708,38901
2023-07-26,3,60,"khroma",FALSE,57,30765,38961
2023-07-27,0,20,"khroma",FALSE,20,30785,38981
2023-07-28,0,12,"khroma",FALSE,12,30797,38993
2023-07-29,0,6,"khroma",FALSE,6,30803,38999
2023-07-30,0,6,"khroma",FALSE,6,30809,39005
2023-07-31,0,14,"khroma",FALSE,14,30823,39019
2023-08-01,0,30,"khroma",FALSE,30,30853,39049
2023-08-02,0,25,"khroma",FALSE,25,30878,39074
2023-08-03,2,55,"khroma",FALSE,53,30931,39129
2023-08-04,0,43,"khroma",FALSE,43,30974,39172
2023-08-05,0,12,"khroma",FALSE,12,30986,39184
2023-08-06,0,19,"khroma",FALSE,19,31005,39203
2023-08-07,0,51,"khroma",FALSE,51,31056,39254
2023-08-08,0,93,"khroma",FALSE,93,31149,39347
2023-08-09,2,181,"khroma",FALSE,179,31328,39528
2023-08-10,0,113,"khroma",FALSE,113,31441,39641
2023-08-11,0,24,"khroma",FALSE,24,31465,39665
2023-08-12,0,9,"khroma",FALSE,9,31474,39674
2023-08-13,0,4,"khroma",FALSE,4,31478,39678
2023-08-14,0,11,"khroma",FALSE,11,31489,39689
2023-08-15,0,24,"khroma",FALSE,24,31513,39713
2023-08-16,2,35,"khroma",FALSE,33,31546,39748
2023-08-17,0,26,"khroma",FALSE,26,31572,39774
2023-08-18,0,22,"khroma",FALSE,22,31594,39796
2023-08-19,0,12,"khroma",FALSE,12,31606,39808
2023-08-20,0,11,"khroma",FALSE,11,31617,39819
2023-08-21,0,25,"khroma",TRUE,1,31618,39844
2023-08-22,0,65,"khroma",FALSE,1,31619,39909
2023-08-23,2,91,"khroma",FALSE,89,31708,40000
2023-08-24,0,73,"khroma",FALSE,73,31781,40073
2023-08-25,0,66,"khroma",FALSE,66,31847,40139
2023-08-26,0,16,"khroma",FALSE,16,31863,40155
2023-08-27,0,18,"khroma",FALSE,18,31881,40173
2023-08-28,0,55,"khroma",FALSE,55,31936,40228
2023-08-29,0,29,"khroma",FALSE,29,31965,40257
2023-08-30,2,59,"khroma",FALSE,57,32022,40316
2023-08-31,0,27,"khroma",FALSE,27,32049,40343
2023-09-01,0,24,"khroma",FALSE,24,32073,40367
2023-09-02,0,23,"khroma",FALSE,23,32096,40390
2023-09-03,0,16,"khroma",FALSE,16,32112,40406
2023-09-04,0,36,"khroma",FALSE,36,32148,40442
2023-09-05,0,26,"khroma",FALSE,26,32174,40468
2023-09-06,1,33,"khroma",FALSE,32,32206,40501
2023-09-07,0,19,"khroma",FALSE,19,32225,40520
2023-09-08,0,26,"khroma",FALSE,26,32251,40546
2023-09-09,0,13,"khroma",FALSE,13,32264,40559
2023-09-10,0,12,"khroma",FALSE,12,32276,40571
2023-09-11,0,23,"khroma",FALSE,23,32299,40594
2023-09-12,0,23,"khroma",FALSE,23,32322,40617
2023-09-13,0,27,"khroma",FALSE,27,32349,40644
2023-09-14,0,17,"khroma",FALSE,17,32366,40661
2023-09-15,0,32,"khroma",FALSE,32,32398,40693
2023-09-16,0,12,"khroma",FALSE,12,32410,40705
2023-09-17,0,6,"khroma",FALSE,6,32416,40711
2023-09-18,0,30,"khroma",FALSE,30,32446,40741
2023-09-19,0,42,"khroma",FALSE,42,32488,40783
2023-09-20,0,25,"khroma",FALSE,25,32513,40808
2023-09-21,0,21,"khroma",FALSE,21,32534,40829
2023-09-22,0,56,"khroma",FALSE,56,32590,40885
2023-09-23,0,45,"khroma",FALSE,45,32635,40930
2023-09-24,0,13,"khroma",FALSE,13,32648,40943
2023-09-25,0,27,"khroma",FALSE,27,32675,40970
2023-09-26,0,32,"khroma",FALSE,32,32707,41002
2023-09-27,2,58,"khroma",FALSE,56,32763,41060
2023-09-28,0,21,"khroma",FALSE,21,32784,41081
2023-09-29,0,18,"khroma",FALSE,18,32802,41099
2023-09-30,0,12,"khroma",FALSE,12,32814,41111
2023-10-01,0,12,"khroma",FALSE,12,32826,41123
2023-10-02,0,18,"khroma",FALSE,18,32844,41141
2023-10-03,0,28,"khroma",FALSE,28,32872,41169
2023-10-04,1,57,"khroma",FALSE,56,32928,41226
2023-10-05,0,55,"khroma",FALSE,55,32983,41281
2023-10-06,0,28,"khroma",FALSE,28,33011,41309
2023-10-07,0,7,"khroma",FALSE,7,33018,41316
2023-10-08,0,19,"khroma",FALSE,19,33037,41335
2023-10-09,0,21,"khroma",FALSE,21,33058,41356
2023-10-10,0,26,"khroma",FALSE,26,33084,41382
2023-10-11,0,25,"khroma",FALSE,25,33109,41407
2023-10-12,0,53,"khroma",FALSE,53,33162,41460
2023-10-13,0,14,"khroma",FALSE,14,33176,41474
2023-10-14,0,13,"khroma",FALSE,13,33189,41487
2023-10-15,0,17,"khroma",FALSE,17,33206,41504
2023-10-16,0,21,"khroma",FALSE,21,33227,41525
2023-10-17,0,36,"khroma",FALSE,36,33263,41561
2023-10-18,1,36,"khroma",FALSE,35,33298,41597
2023-10-19,0,26,"khroma",FALSE,26,33324,41623
2023-10-20,0,18,"khroma",FALSE,18,33342,41641
2023-10-21,0,9,"khroma",FALSE,9,33351,41650
2023-10-22,0,23,"khroma",FALSE,23,33374,41673
2023-10-23,0,32,"khroma",FALSE,32,33406,41705
2023-10-24,0,16,"khroma",FALSE,16,33422,41721
2023-10-25,1,36,"khroma",FALSE,35,33457,41757
2023-10-26,0,34,"khroma",FALSE,34,33491,41791
2023-10-27,0,30,"khroma",FALSE,30,33521,41821
2023-10-28,0,12,"khroma",FALSE,12,33533,41833
2023-10-29,0,10,"khroma",FALSE,10,33543,41843
2023-10-30,0,20,"khroma",FALSE,20,33563,41863
2023-10-31,0,38,"khroma",FALSE,38,33601,41901
2023-11-01,1,44,"khroma",FALSE,43,33644,41945
2023-11-02,0,53,"khroma",FALSE,53,33697,41998
2023-11-03,0,52,"khroma",FALSE,52,33749,42050
2023-11-04,0,10,"khroma",FALSE,10,33759,42060
2023-11-05,0,18,"khroma",FALSE,18,33777,42078
2023-11-06,0,33,"khroma",FALSE,33,33810,42111
2023-11-07,0,26,"khroma",FALSE,26,33836,42137
2023-11-08,2,61,"khroma",FALSE,59,33895,42198
2023-11-09,0,33,"khroma",FALSE,33,33928,42231
2023-11-10,0,16,"khroma",FALSE,16,33944,42247
2023-11-11,0,9,"khroma",FALSE,9,33953,42256
2023-11-12,0,10,"khroma",FALSE,10,33963,42266
2023-11-13,0,20,"khroma",FALSE,20,33983,42286
2023-11-14,0,22,"khroma",FALSE,22,34005,42308
2023-11-15,2,65,"khroma",FALSE,63,34068,42373
2023-11-16,0,22,"khroma",FALSE,22,34090,42395
2023-11-17,0,40,"khroma",FALSE,40,34130,42435
2023-11-18,0,10,"khroma",FALSE,10,34140,42445
2023-11-19,0,18,"khroma",FALSE,18,34158,42463
2023-11-20,0,41,"khroma",FALSE,41,34199,42504
2023-11-21,0,29,"khroma",FALSE,29,34228,42533
2023-11-22,1,45,"khroma",FALSE,44,34272,42578
2023-11-23,0,31,"khroma",FALSE,31,34303,42609
2023-11-24,0,19,"khroma",FALSE,19,34322,42628
2023-11-25,0,10,"khroma",FALSE,10,34332,42638
2023-11-26,0,11,"khroma",FALSE,11,34343,42649
2023-11-27,0,28,"khroma",FALSE,28,34371,42677
2023-11-28,0,35,"khroma",FALSE,35,34406,42712
2023-11-29,3,55,"khroma",FALSE,52,34458,42767
2023-11-30,0,37,"khroma",FALSE,37,34495,42804
2023-12-01,0,27,"khroma",FALSE,27,34522,42831
2023-12-02,0,7,"khroma",FALSE,7,34529,42838
2023-12-03,0,16,"khroma",FALSE,16,34545,42854
2023-12-04,0,33,"khroma",FALSE,33,34578,42887
2023-12-05,0,32,"khroma",FALSE,32,34610,42919
2023-12-06,2,58,"khroma",FALSE,56,34666,42977
2023-12-07,0,31,"khroma",FALSE,31,34697,43008
2023-12-08,0,9,"khroma",FALSE,9,34706,43017
2023-12-09,0,10,"khroma",FALSE,10,34716,43027
2023-12-10,0,15,"khroma",FALSE,15,34731,43042
2023-12-11,0,27,"khroma",FALSE,27,34758,43069
2023-12-12,0,30,"khroma",FALSE,30,34788,43099
2023-12-13,0,27,"khroma",FALSE,27,34815,43126
2023-12-14,0,22,"khroma",FALSE,22,34837,43148
2023-12-15,2,53,"khroma",FALSE,51,34888,43201
2023-12-16,0,12,"khroma",FALSE,12,34900,43213
2023-12-17,0,9,"khroma",FALSE,9,34909,43222
2023-12-18,0,20,"khroma",FALSE,20,34929,43242
2023-12-19,0,22,"khroma",FALSE,22,34951,43264
2023-12-20,0,42,"khroma",FALSE,42,34993,43306
2023-12-21,0,48,"khroma",FALSE,48,35041,43354
2023-12-22,0,19,"khroma",FALSE,19,35060,43373
2023-12-23,0,3,"khroma",FALSE,3,35063,43376
2023-12-24,0,14,"khroma",FALSE,14,35077,43390
2023-12-25,0,8,"khroma",FALSE,8,35085,43398
2023-12-26,0,15,"khroma",FALSE,15,35100,43413
2023-12-27,2,44,"khroma",FALSE,42,35142,43457
2023-12-28,0,15,"khroma",FALSE,15,35157,43472
2023-12-29,0,14,"khroma",FALSE,14,35171,43486
2023-12-30,0,8,"khroma",FALSE,8,35179,43494
2023-12-31,0,7,"khroma",FALSE,7,35186,43501
2024-01-01,0,7,"khroma",FALSE,7,35193,43508
2024-01-02,0,9,"khroma",FALSE,9,35202,43517
2024-01-03,1,41,"khroma",FALSE,40,35242,43558
2024-01-04,0,20,"khroma",FALSE,20,35262,43578
2024-01-05,0,16,"khroma",FALSE,16,35278,43594
2024-01-06,0,8,"khroma",FALSE,8,35286,43602
2024-01-07,0,11,"khroma",FALSE,11,35297,43613
2024-01-08,0,49,"khroma",TRUE,1,35298,43662
2024-01-09,0,50,"khroma",FALSE,1,35299,43712
2024-01-10,2,89,"khroma",FALSE,87,35386,43801
2024-01-11,0,76,"khroma",FALSE,76,35462,43877
2024-01-12,0,76,"khroma",FALSE,76,35538,43953
2024-01-13,0,11,"khroma",FALSE,11,35549,43964
2024-01-14,0,29,"khroma",FALSE,29,35578,43993
2024-01-15,0,42,"khroma",FALSE,42,35620,44035
2024-01-16,0,41,"khroma",FALSE,41,35661,44076
2024-01-17,2,89,"khroma",FALSE,87,35748,44165
2024-01-18,0,44,"khroma",FALSE,44,35792,44209
2024-01-19,0,49,"khroma",FALSE,49,35841,44258
2024-01-20,0,15,"khroma",FALSE,15,35856,44273
2024-01-21,0,12,"khroma",FALSE,12,35868,44285
2024-01-22,0,26,"khroma",FALSE,26,35894,44311
2024-01-23,0,55,"khroma",FALSE,55,35949,44366
2024-01-24,10,193,"khroma",FALSE,183,36132,44559
2024-01-25,1,149,"khroma",FALSE,148,36280,44708
2024-01-26,0,32,"khroma",FALSE,32,36312,44740
2024-01-27,0,13,"khroma",FALSE,13,36325,44753
2024-01-28,0,15,"khroma",FALSE,15,36340,44768
2024-01-29,0,60,"khroma",FALSE,60,36400,44828
2024-01-30,0,48,"khroma",FALSE,48,36448,44876
2024-01-31,2,79,"khroma",FALSE,77,36525,44955
2024-02-01,0,36,"khroma",FALSE,36,36561,44991
2024-02-02,0,38,"khroma",FALSE,38,36599,45029
2024-02-03,0,28,"khroma",FALSE,28,36627,45057
2024-02-04,0,9,"khroma",FALSE,9,36636,45066
2024-02-05,0,24,"khroma",FALSE,24,36660,45090
2024-02-06,0,28,"khroma",FALSE,28,36688,45118
2024-02-07,2,52,"khroma",FALSE,50,36738,45170
2024-02-08,0,31,"khroma",FALSE,31,36769,45201
2024-02-09,0,21,"khroma",FALSE,21,36790,45222
2024-02-10,0,16,"khroma",FALSE,16,36806,45238
2024-02-11,0,16,"khroma",FALSE,16,36822,45254
2024-02-12,0,21,"khroma",FALSE,21,36843,45275
2024-02-13,0,37,"khroma",FALSE,37,36880,45312
2024-02-14,2,73,"khroma",FALSE,71,36951,45385
2024-02-15,0,24,"khroma",FALSE,24,36975,45409
2024-02-16,0,21,"khroma",FALSE,21,36996,45430
2024-02-17,0,19,"khroma",FALSE,19,37015,45449
2024-02-18,0,11,"khroma",FALSE,11,37026,45460
2024-02-19,0,14,"khroma",FALSE,14,37040,45474
2024-02-20,0,30,"khroma",FALSE,30,37070,45504
2024-02-21,2,62,"khroma",FALSE,60,37130,45566
2024-02-22,0,27,"khroma",FALSE,27,37157,45593
2024-02-23,0,48,"khroma",FALSE,48,37205,45641
2024-02-24,0,7,"khroma",FALSE,7,37212,45648
2024-02-25,0,23,"khroma",FALSE,23,37235,45671
2024-02-26,0,27,"khroma",FALSE,27,37262,45698
2024-02-27,0,37,"khroma",FALSE,37,37299,45735
2024-02-28,2,62,"khroma",FALSE,60,37359,45797
2024-02-29,0,16,"khroma",FALSE,16,37375,45813
2024-03-01,1,37,"khroma",FALSE,36,37411,45850
2024-03-02,0,9,"khroma",FALSE,9,37420,45859
2024-03-03,0,16,"khroma",FALSE,16,37436,45875
2024-03-04,0,34,"khroma",FALSE,34,37470,45909
2024-03-05,0,32,"khroma",FALSE,32,37502,45941
2024-03-06,1,40,"khroma",FALSE,39,37541,45981
2024-03-07,0,37,"khroma",FALSE,37,37578,46018
2024-03-08,0,32,"khroma",FALSE,32,37610,46050
2024-03-09,0,14,"khroma",FALSE,14,37624,46064
2024-03-10,0,17,"khroma",FALSE,17,37641,46081
2024-03-11,0,27,"khroma",FALSE,27,37668,46108
2024-03-12,0,20,"khroma",FALSE,20,37688,46128
2024-03-13,2,68,"khroma",FALSE,66,37754,46196
2024-03-14,0,31,"khroma",FALSE,31,37785,46227
2024-03-15,0,41,"khroma",FALSE,41,37826,46268
2024-03-16,0,24,"khroma",FALSE,24,37850,46292
2024-03-17,0,10,"khroma",FALSE,10,37860,46302
2024-03-18,0,32,"khroma",FALSE,32,37892,46334
2024-03-19,0,33,"khroma",FALSE,33,37925,46367
2024-03-20,0,17,"khroma",FALSE,17,37942,46384
2024-03-21,2,60,"khroma",FALSE,58,38000,46444
2024-03-22,0,25,"khroma",FALSE,25,38025,46469
2024-03-23,0,11,"khroma",FALSE,11,38036,46480
2024-03-24,0,20,"khroma",FALSE,20,38056,46500
2024-03-25,0,33,"khroma",FALSE,33,38089,46533
2024-03-26,0,46,"khroma",FALSE,46,38135,46579
2024-03-27,2,62,"khroma",FALSE,60,38195,46641
2024-03-28,0,23,"khroma",FALSE,23,38218,46664
2024-03-29,0,15,"khroma",FALSE,15,38233,46679
2024-03-30,0,18,"khroma",FALSE,18,38251,46697
2024-03-31,0,10,"khroma",FALSE,10,38261,46707
2024-04-01,0,21,"khroma",FALSE,21,38282,46728
2024-04-02,0,32,"khroma",FALSE,32,38314,46760
2024-04-03,2,49,"khroma",FALSE,47,38361,46809
2024-04-04,0,31,"khroma",FALSE,31,38392,46840
2024-04-05,0,25,"khroma",FALSE,25,38417,46865
2024-04-06,0,7,"khroma",FALSE,7,38424,46872
2024-04-07,0,15,"khroma",FALSE,15,38439,46887
2024-04-08,0,33,"khroma",FALSE,33,38472,46920
2024-04-09,0,24,"khroma",FALSE,24,38496,46944
2024-04-10,2,52,"khroma",FALSE,50,38546,46996
2024-04-11,0,24,"khroma",FALSE,24,38570,47020
2024-04-12,0,19,"khroma",FALSE,19,38589,47039
2024-04-13,0,8,"khroma",FALSE,8,38597,47047
2024-04-14,0,15,"khroma",FALSE,15,38612,47062
2024-04-15,0,26,"khroma",FALSE,26,38638,47088
2024-04-16,0,19,"khroma",FALSE,19,38657,47107
2024-04-17,2,61,"khroma",FALSE,59,38716,47168
2024-04-18,0,23,"khroma",FALSE,23,38739,47191
2024-04-19,0,20,"khroma",FALSE,20,38759,47211
2024-04-20,0,11,"khroma",FALSE,11,38770,47222
2024-04-21,0,15,"khroma",FALSE,15,38785,47237
2024-04-22,0,32,"khroma",FALSE,32,38817,47269
2024-04-23,0,30,"khroma",FALSE,30,38847,47299
2024-04-24,0,24,"khroma",FALSE,24,38871,47323
2024-04-25,0,58,"khroma",FALSE,58,38929,47381
2024-04-26,0,30,"khroma",FALSE,30,38959,47411
2024-04-27,0,12,"khroma",FALSE,12,38971,47423
2024-04-28,0,14,"khroma",FALSE,14,38985,47437
2024-04-29,0,31,"khroma",FALSE,31,39016,47468
2024-04-30,0,33,"khroma",FALSE,33,39049,47501
2024-05-01,2,64,"khroma",FALSE,62,39111,47565
2024-05-02,0,42,"khroma",FALSE,42,39153,47607
2024-05-03,0,21,"khroma",FALSE,21,39174,47628
2024-05-04,0,9,"khroma",FALSE,9,39183,47637
2024-05-05,0,18,"khroma",FALSE,18,39201,47655
2024-05-06,0,36,"khroma",FALSE,36,39237,47691
2024-05-07,0,27,"khroma",FALSE,27,39264,47718
2024-05-08,2,67,"khroma",FALSE,65,39329,47785
2024-05-09,0,28,"khroma",FALSE,28,39357,47813
2024-05-10,0,22,"khroma",FALSE,22,39379,47835
2024-05-11,0,20,"khroma",FALSE,20,39399,47855
2024-05-12,0,16,"khroma",FALSE,16,39415,47871
2024-05-13,0,35,"khroma",FALSE,35,39450,47906
2024-05-14,0,31,"khroma",FALSE,31,39481,47937
2024-05-15,2,69,"khroma",FALSE,67,39548,48006
2024-05-16,0,30,"khroma",FALSE,30,39578,48036
2024-05-17,0,30,"khroma",FALSE,30,39608,48066
2024-05-18,0,8,"khroma",FALSE,8,39616,48074
2024-05-19,0,9,"khroma",FALSE,9,39625,48083
2024-05-20,0,29,"khroma",FALSE,29,39654,48112
2024-05-21,0,30,"khroma",FALSE,30,39684,48142
2024-05-22,2,70,"khroma",FALSE,68,39752,48212
2024-05-23,0,23,"khroma",FALSE,23,39775,48235
2024-05-24,0,23,"khroma",FALSE,23,39798,48258
2024-05-25,0,8,"khroma",FALSE,8,39806,48266
2024-05-26,0,22,"khroma",FALSE,22,39828,48288
2024-05-27,0,23,"khroma",FALSE,23,39851,48311
2024-05-28,0,30,"khroma",FALSE,30,39881,48341
2024-05-29,3,64,"khroma",FALSE,61,39942,48405
2024-05-30,0,32,"khroma",FALSE,32,39974,48437
2024-05-31,0,39,"khroma",FALSE,39,40013,48476
2024-06-01,0,26,"khroma",FALSE,26,40039,48502
2024-06-02,0,9,"khroma",FALSE,9,40048,48511
2024-06-03,0,19,"khroma",FALSE,19,40067,48530
2024-06-04,0,51,"khroma",FALSE,51,40118,48581
2024-06-05,2,70,"khroma",FALSE,68,40186,48651
2024-06-06,0,48,"khroma",FALSE,48,40234,48699
2024-06-07,0,16,"khroma",FALSE,16,40250,48715
2024-06-08,0,13,"khroma",FALSE,13,40263,48728
2024-06-09,0,15,"khroma",FALSE,15,40278,48743
2024-06-10,0,26,"khroma",FALSE,26,40304,48769
2024-06-11,0,36,"khroma",FALSE,36,40340,48805
2024-06-12,2,54,"khroma",FALSE,52,40392,48859
2024-06-13,0,35,"khroma",FALSE,35,40427,48894
2024-06-14,0,26,"khroma",FALSE,26,40453,48920
2024-06-15,0,8,"khroma",FALSE,8,40461,48928
2024-06-16,0,16,"khroma",FALSE,16,40477,48944
2024-06-17,0,27,"khroma",FALSE,27,40504,48971
2024-06-18,0,34,"khroma",FALSE,34,40538,49005
2024-06-19,2,61,"khroma",FALSE,59,40597,49066
2024-06-20,0,20,"khroma",FALSE,20,40617,49086
2024-06-21,0,36,"khroma",FALSE,36,40653,49122
2024-06-22,0,17,"khroma",FALSE,17,40670,49139
2024-06-23,0,13,"khroma",FALSE,13,40683,49152
2024-06-24,0,36,"khroma",FALSE,36,40719,49188
2024-06-25,0,32,"khroma",FALSE,32,40751,49220
2024-06-26,0,37,"khroma",FALSE,37,40788,49257
2024-06-27,0,46,"khroma",FALSE,46,40834,49303
2024-06-28,0,18,"khroma",FALSE,18,40852,49321
2024-06-29,0,8,"khroma",FALSE,8,40860,49329
2024-06-30,0,8,"khroma",FALSE,8,40868,49337
2024-07-01,0,82,"khroma",TRUE,1,40869,49419
2024-07-02,0,116,"khroma",FALSE,1,40870,49535
2024-07-03,2,105,"khroma",FALSE,103,40973,49640
2024-07-04,0,90,"khroma",FALSE,90,41063,49730
2024-07-05,0,31,"khroma",FALSE,31,41094,49761
2024-07-06,0,25,"khroma",FALSE,25,41119,49786
2024-07-07,0,5,"khroma",FALSE,5,41124,49791
2024-07-08,0,63,"khroma",FALSE,63,41187,49854
2024-07-09,0,40,"khroma",FALSE,40,41227,49894
2024-07-10,0,73,"khroma",FALSE,73,41300,49967
2024-07-11,0,77,"khroma",FALSE,77,41377,50044
2024-07-12,0,65,"khroma",FALSE,65,41442,50109
2024-07-13,0,9,"khroma",FALSE,9,41451,50118
2024-07-14,0,22,"khroma",FALSE,22,41473,50140
2024-07-15,0,19,"khroma",FALSE,19,41492,50159
2024-07-16,0,34,"khroma",FALSE,34,41526,50193
2024-07-17,3,75,"khroma",FALSE,72,41598,50268
2024-07-18,0,48,"khroma",FALSE,48,41646,50316
2024-07-19,0,33,"khroma",FALSE,33,41679,50349
2024-07-20,0,54,"khroma",FALSE,54,41733,50403
2024-07-21,0,14,"khroma",FALSE,14,41747,50417
2024-07-22,0,36,"khroma",FALSE,36,41783,50453
2024-07-23,0,40,"khroma",FALSE,40,41823,50493
2024-07-24,2,77,"khroma",FALSE,75,41898,50570
2024-07-25,0,37,"khroma",FALSE,37,41935,50607
2024-07-26,0,25,"khroma",FALSE,25,41960,50632
2024-07-27,0,6,"khroma",FALSE,6,41966,50638
2024-07-28,0,9,"khroma",FALSE,9,41975,50647
2024-07-29,0,32,"khroma",FALSE,32,42007,50679
2024-07-30,0,42,"khroma",FALSE,42,42049,50721
2024-07-31,0,40,"khroma",FALSE,40,42089,50761
2024-08-01,1,64,"khroma",FALSE,63,42152,50825
2024-08-02,0,25,"khroma",FALSE,25,42177,50850
2024-08-03,0,15,"khroma",FALSE,15,42192,50865
2024-08-04,0,12,"khroma",FALSE,12,42204,50877
2024-08-05,0,31,"khroma",FALSE,31,42235,50908
2024-08-06,0,34,"khroma",FALSE,34,42269,50942
2024-08-07,0,33,"khroma",FALSE,33,42302,50975
2024-08-08,2,58,"khroma",FALSE,56,42358,51033
2024-08-09,0,30,"khroma",FALSE,30,42388,51063
2024-08-10,0,9,"khroma",FALSE,9,42397,51072
2024-08-11,0,17,"khroma",FALSE,17,42414,51089
2024-08-12,0,23,"khroma",FALSE,23,42437,51112
2024-08-13,0,41,"khroma",FALSE,41,42478,51153
2024-08-14,0,35,"khroma",FALSE,35,42513,51188
2024-08-15,2,89,"khroma",FALSE,87,42600,51277
2024-08-16,0,35,"khroma",FALSE,35,42635,51312
2024-08-17,0,32,"khroma",FALSE,32,42667,51344
2024-08-18,0,9,"khroma",FALSE,9,42676,51353
2024-08-19,0,53,"khroma",FALSE,53,42729,51406
2024-08-20,0,37,"khroma",FALSE,37,42766,51443
2024-08-21,0,40,"khroma",FALSE,40,42806,51483
2024-08-22,0,68,"khroma",FALSE,68,42874,51551
2024-08-23,0,33,"khroma",FALSE,33,42907,51584
2024-08-24,0,37,"khroma",FALSE,37,42944,51621
2024-08-25,0,12,"khroma",FALSE,12,42956,51633
2024-08-26,0,62,"khroma",TRUE,1,42957,51695
2024-08-27,0,125,"khroma",FALSE,1,42958,51820
2024-08-28,2,106,"khroma",FALSE,104,43062,51926
2024-08-29,0,58,"khroma",FALSE,58,43120,51984
2024-08-30,0,57,"khroma",FALSE,57,43177,52041
2024-08-31,0,61,"khroma",FALSE,61,43238,52102
2024-09-01,0,33,"khroma",FALSE,33,43271,52135
2024-09-02,0,50,"khroma",FALSE,50,43321,52185
2024-09-03,0,55,"khroma",FALSE,55,43376,52240
2024-09-04,2,73,"khroma",FALSE,71,43447,52313
2024-09-05,0,37,"khroma",FALSE,37,43484,52350
2024-09-06,0,55,"khroma",FALSE,55,43539,52405
2024-09-07,0,43,"khroma",FALSE,43,43582,52448
2024-09-08,0,23,"khroma",FALSE,23,43605,52471
2024-09-09,0,41,"khroma",FALSE,41,43646,52512
2024-09-10,0,43,"khroma",FALSE,43,43689,52555
2024-09-11,3,101,"khroma",FALSE,98,43787,52656
2024-09-12,0,39,"khroma",FALSE,39,43826,52695
2024-09-13,0,28,"khroma",FALSE,28,43854,52723
2024-09-14,0,24,"khroma",FALSE,24,43878,52747
2024-09-15,0,18,"khroma",FALSE,18,43896,52765
2024-09-16,0,34,"khroma",FALSE,34,43930,52799
2024-09-17,0,24,"khroma",FALSE,24,43954,52823
2024-09-18,2,85,"khroma",FALSE,83,44037,52908
2024-09-19,0,33,"khroma",FALSE,33,44070,52941
2024-09-20,0,46,"khroma",FALSE,46,44116,52987
2024-09-21,0,25,"khroma",FALSE,25,44141,53012
2024-09-22,0,10,"khroma",FALSE,10,44151,53022
2024-09-23,0,40,"khroma",FALSE,40,44191,53062
2024-09-24,0,50,"khroma",FALSE,50,44241,53112
2024-09-25,0,35,"khroma",FALSE,35,44276,53147
2024-09-26,1,68,"khroma",FALSE,67,44343,53215
2024-09-27,0,57,"khroma",FALSE,57,44400,53272
2024-09-28,1,33,"khroma",FALSE,32,44432,53305
2024-09-29,0,0,"khroma",FALSE,0,44432,53305
2024-09-30,0,0,"khroma",FALSE,0,44432,53305
2023-11-28,0,0,"nexus",FALSE,0,0,0
2023-11-29,3,6,"nexus",TRUE,1,1,6
2023-11-30,0,29,"nexus",FALSE,1,2,35
2023-12-01,0,15,"nexus",FALSE,15,17,50
2023-12-02,0,24,"nexus",FALSE,24,41,74
2023-12-03,0,16,"nexus",FALSE,16,57,90
2023-12-04,0,6,"nexus",FALSE,6,63,96
2023-12-05,0,5,"nexus",FALSE,5,68,101
2023-12-06,2,26,"nexus",FALSE,24,92,127
2023-12-07,0,18,"nexus",FALSE,18,110,145
2023-12-08,0,8,"nexus",FALSE,8,118,153
2023-12-09,0,6,"nexus",FALSE,6,124,159
2023-12-10,0,10,"nexus",FALSE,10,134,169
2023-12-11,0,6,"nexus",FALSE,6,140,175
2023-12-12,0,7,"nexus",FALSE,7,147,182
2023-12-13,0,7,"nexus",FALSE,7,154,189
2023-12-14,0,12,"nexus",FALSE,12,166,201
2023-12-15,2,9,"nexus",FALSE,7,173,210
2023-12-16,0,5,"nexus",FALSE,5,178,215
2023-12-17,0,5,"nexus",FALSE,5,183,220
2023-12-18,0,5,"nexus",FALSE,5,188,225
2023-12-19,0,13,"nexus",FALSE,13,201,238
2023-12-20,0,8,"nexus",FALSE,8,209,246
2023-12-21,0,5,"nexus",FALSE,5,214,251
2023-12-22,0,7,"nexus",FALSE,7,221,258
2023-12-23,0,3,"nexus",FALSE,3,224,261
2023-12-24,0,9,"nexus",FALSE,9,233,270
2023-12-25,0,15,"nexus",FALSE,15,248,285
2023-12-26,0,4,"nexus",FALSE,4,252,289
2023-12-27,2,3,"nexus",FALSE,1,253,292
2023-12-28,0,3,"nexus",FALSE,3,256,295
2023-12-29,0,5,"nexus",FALSE,5,261,300
2023-12-30,0,5,"nexus",FALSE,5,266,305
2023-12-31,0,2,"nexus",FALSE,2,268,307
2024-01-01,0,4,"nexus",FALSE,4,272,311
2024-01-02,0,3,"nexus",FALSE,3,275,314
2024-01-03,1,5,"nexus",FALSE,4,279,319
2024-01-04,0,11,"nexus",FALSE,11,290,330
2024-01-05,0,2,"nexus",FALSE,2,292,332
2024-01-06,0,2,"nexus",FALSE,2,294,334
2024-01-07,0,9,"nexus",FALSE,9,303,343
2024-01-08,0,8,"nexus",FALSE,8,311,351
2024-01-09,0,1,"nexus",FALSE,1,312,352
2024-01-10,2,11,"nexus",FALSE,9,321,363
2024-01-11,0,7,"nexus",FALSE,7,328,370
2024-01-12,0,36,"nexus",FALSE,36,364,406
2024-01-13,0,6,"nexus",FALSE,6,370,412
2024-01-14,0,5,"nexus",FALSE,5,375,417
2024-01-15,0,4,"nexus",FALSE,4,379,421
2024-01-16,0,9,"nexus",FALSE,9,388,430
2024-01-17,2,8,"nexus",FALSE,6,394,438
2024-01-18,0,11,"nexus",FALSE,11,405,449
2024-01-19,0,4,"nexus",FALSE,4,409,453
2024-01-20,0,5,"nexus",FALSE,5,414,458
2024-01-21,0,2,"nexus",FALSE,2,416,460
2024-01-22,0,7,"nexus",FALSE,7,423,467
2024-01-23,0,16,"nexus",FALSE,16,439,483
2024-01-24,10,78,"nexus",FALSE,68,507,561
2024-01-25,1,81,"nexus",FALSE,80,587,642
2024-01-26,0,4,"nexus",FALSE,4,591,646
2024-01-27,0,2,"nexus",FALSE,2,593,648
2024-01-28,0,3,"nexus",FALSE,3,596,651
2024-01-29,0,16,"nexus",FALSE,16,612,667
2024-01-30,0,16,"nexus",FALSE,16,628,683
2024-01-31,2,8,"nexus",FALSE,6,634,691
2024-02-01,0,2,"nexus",FALSE,2,636,693
2024-02-02,0,5,"nexus",FALSE,5,641,698
2024-02-03,0,16,"nexus",FALSE,16,657,714
2024-02-04,0,2,"nexus",FALSE,2,659,716
2024-02-05,0,4,"nexus",FALSE,4,663,720
2024-02-06,0,3,"nexus",FALSE,3,666,723
2024-02-07,2,5,"nexus",FALSE,3,669,728
2024-02-08,0,8,"nexus",FALSE,8,677,736
2024-02-09,0,2,"nexus",FALSE,2,679,738
2024-02-10,0,2,"nexus",FALSE,2,681,740
2024-02-11,0,1,"nexus",FALSE,1,682,741
2024-02-12,0,3,"nexus",FALSE,3,685,744
2024-02-13,0,9,"nexus",FALSE,9,694,753
2024-02-14,2,2,"nexus",FALSE,0,694,755
2024-02-15,0,2,"nexus",FALSE,2,696,757
2024-02-16,0,6,"nexus",FALSE,6,702,763
2024-02-17,0,3,"nexus",FALSE,3,705,766
2024-02-18,0,3,"nexus",FALSE,3,708,769
2024-02-19,0,5,"nexus",FALSE,5,713,774
2024-02-20,0,7,"nexus",FALSE,7,720,781
2024-02-21,2,3,"nexus",FALSE,1,721,784
2024-02-22,0,7,"nexus",FALSE,7,728,791
2024-02-23,0,6,"nexus",FALSE,6,734,797
2024-02-24,0,2,"nexus",FALSE,2,736,799
2024-02-25,0,3,"nexus",FALSE,3,739,802
2024-02-26,0,8,"nexus",TRUE,1,740,810
2024-02-27,0,46,"nexus",FALSE,1,741,856
2024-02-28,2,19,"nexus",FALSE,17,758,875
2024-02-29,0,5,"nexus",FALSE,5,763,880
2024-03-01,1,25,"nexus",FALSE,24,787,905
2024-03-02,0,8,"nexus",FALSE,8,795,913
2024-03-03,0,11,"nexus",FALSE,11,806,924
2024-03-04,0,18,"nexus",FALSE,18,824,942
2024-03-05,0,6,"nexus",FALSE,6,830,948
2024-03-06,1,8,"nexus",FALSE,7,837,956
2024-03-07,0,11,"nexus",FALSE,11,848,967
2024-03-08,0,10,"nexus",FALSE,10,858,977
2024-03-09,0,6,"nexus",FALSE,6,864,983
2024-03-10,0,5,"nexus",FALSE,5,869,988
2024-03-11,0,5,"nexus",FALSE,5,874,993
2024-03-12,0,8,"nexus",FALSE,8,882,1001
2024-03-13,2,10,"nexus",FALSE,8,890,1011
2024-03-14,0,10,"nexus",FALSE,10,900,1021
2024-03-15,0,10,"nexus",FALSE,10,910,1031
2024-03-16,0,8,"nexus",FALSE,8,918,1039
2024-03-17,0,4,"nexus",FALSE,4,922,1043
2024-03-18,0,3,"nexus",FALSE,3,925,1046
2024-03-19,0,6,"nexus",FALSE,6,931,1052
2024-03-20,0,8,"nexus",FALSE,8,939,1060
2024-03-21,2,8,"nexus",FALSE,6,945,1068
2024-03-22,0,8,"nexus",FALSE,8,953,1076
2024-03-23,0,6,"nexus",FALSE,6,959,1082
2024-03-24,0,7,"nexus",FALSE,7,966,1089
2024-03-25,0,2,"nexus",FALSE,2,968,1091
2024-03-26,0,10,"nexus",FALSE,10,978,1101
2024-03-27,2,10,"nexus",FALSE,8,986,1111
2024-03-28,0,8,"nexus",FALSE,8,994,1119
2024-03-29,0,8,"nexus",FALSE,8,1002,1127
2024-03-30,0,7,"nexus",FALSE,7,1009,1134
2024-03-31,0,5,"nexus",FALSE,5,1014,1139
2024-04-01,0,6,"nexus",FALSE,6,1020,1145
2024-04-02,0,4,"nexus",FALSE,4,1024,1149
2024-04-03,2,7,"nexus",FALSE,5,1029,1156
2024-04-04,0,9,"nexus",FALSE,9,1038,1165
2024-04-05,0,6,"nexus",FALSE,6,1044,1171
2024-04-06,0,1,"nexus",FALSE,1,1045,1172
2024-04-07,0,2,"nexus",FALSE,2,1047,1174
2024-04-08,0,3,"nexus",FALSE,3,1050,1177
2024-04-09,0,9,"nexus",FALSE,9,1059,1186
2024-04-10,2,13,"nexus",FALSE,11,1070,1199
2024-04-11,0,2,"nexus",FALSE,2,1072,1201
2024-04-12,0,2,"nexus",FALSE,2,1074,1203
2024-04-13,0,4,"nexus",FALSE,4,1078,1207
2024-04-14,0,3,"nexus",FALSE,3,1081,1210
2024-04-15,0,3,"nexus",FALSE,3,1084,1213
2024-04-16,0,6,"nexus",FALSE,6,1090,1219
2024-04-17,2,14,"nexus",FALSE,12,1102,1233
2024-04-18,0,6,"nexus",FALSE,6,1108,1239
2024-04-19,0,4,"nexus",FALSE,4,1112,1243
2024-04-20,0,2,"nexus",FALSE,2,1114,1245
2024-04-21,0,2,"nexus",FALSE,2,1116,1247
2024-04-22,0,9,"nexus",FALSE,9,1125,1256
2024-04-23,0,14,"nexus",FALSE,14,1139,1270
2024-04-24,0,17,"nexus",FALSE,17,1156,1287
2024-04-25,0,10,"nexus",FALSE,10,1166,1297
2024-04-26,0,10,"nexus",FALSE,10,1176,1307
2024-04-27,0,7,"nexus",FALSE,7,1183,1314
2024-04-28,0,7,"nexus",FALSE,7,1190,1321
2024-04-29,0,13,"nexus",FALSE,13,1203,1334
2024-04-30,0,5,"nexus",FALSE,5,1208,1339
2024-05-01,2,14,"nexus",FALSE,12,1220,1353
2024-05-02,0,9,"nexus",FALSE,9,1229,1362
2024-05-03,0,3,"nexus",FALSE,3,1232,1365
2024-05-04,0,3,"nexus",FALSE,3,1235,1368
2024-05-05,0,5,"nexus",FALSE,5,1240,1373
2024-05-06,0,11,"nexus",FALSE,11,1251,1384
2024-05-07,0,4,"nexus",FALSE,4,1255,1388
2024-05-08,2,13,"nexus",FALSE,11,1266,1401
2024-05-09,0,6,"nexus",FALSE,6,1272,1407
2024-05-10,0,8,"nexus",FALSE,8,1280,1415
2024-05-11,0,3,"nexus",FALSE,3,1283,1418
2024-05-12,0,4,"nexus",FALSE,4,1287,1422
2024-05-13,0,5,"nexus",FALSE,5,1292,1427
2024-05-14,0,8,"nexus",FALSE,8,1300,1435
2024-05-15,2,8,"nexus",FALSE,6,1306,1443
2024-05-16,0,6,"nexus",FALSE,6,1312,1449
2024-05-17,0,7,"nexus",FALSE,7,1319,1456
2024-05-18,0,2,"nexus",FALSE,2,1321,1458
2024-05-19,0,2,"nexus",FALSE,2,1323,1460
2024-05-20,0,3,"nexus",FALSE,3,1326,1463
2024-05-21,0,5,"nexus",FALSE,5,1331,1468
2024-05-22,2,19,"nexus",FALSE,17,1348,1487
2024-05-23,0,4,"nexus",FALSE,4,1352,1491
2024-05-24,0,3,"nexus",FALSE,3,1355,1494
2024-05-25,0,3,"nexus",FALSE,3,1358,1497
2024-05-26,0,5,"nexus",FALSE,5,1363,1502
2024-05-27,0,8,"nexus",FALSE,8,1371,1510
2024-05-28,0,8,"nexus",FALSE,8,1379,1518
2024-05-29,3,11,"nexus",FALSE,8,1387,1529
2024-05-30,0,7,"nexus",FALSE,7,1394,1536
2024-05-31,0,9,"nexus",FALSE,9,1403,1545
2024-06-01,0,4,"nexus",FALSE,4,1407,1549
2024-06-02,0,5,"nexus",FALSE,5,1412,1554
2024-06-03,0,6,"nexus",FALSE,6,1418,1560
2024-06-04,0,16,"nexus",FALSE,16,1434,1576
2024-06-05,2,16,"nexus",FALSE,14,1448,1592
2024-06-06,0,5,"nexus",FALSE,5,1453,1597
2024-06-07,0,3,"nexus",FALSE,3,1456,1600
2024-06-08,0,5,"nexus",FALSE,5,1461,1605
2024-06-09,0,1,"nexus",FALSE,1,1462,1606
2024-06-10,0,2,"nexus",FALSE,2,1464,1608
2024-06-11,0,8,"nexus",FALSE,8,1472,1616
2024-06-12,2,6,"nexus",FALSE,4,1476,1622
2024-06-13,0,3,"nexus",FALSE,3,1479,1625
2024-06-14,0,3,"nexus",FALSE,3,1482,1628
2024-06-15,0,2,"nexus",FALSE,2,1484,1630
2024-06-16,0,6,"nexus",FALSE,6,1490,1636
2024-06-17,0,9,"nexus",FALSE,9,1499,1645
2024-06-18,0,4,"nexus",FALSE,4,1503,1649
2024-06-19,2,9,"nexus",FALSE,7,1510,1658
2024-06-20,0,2,"nexus",FALSE,2,1512,1660
2024-06-21,0,7,"nexus",FALSE,7,1519,1667
2024-06-22,0,13,"nexus",FALSE,13,1532,1680
2024-06-23,0,3,"nexus",FALSE,3,1535,1683
2024-06-24,0,10,"nexus",FALSE,10,1545,1693
2024-06-25,0,6,"nexus",FALSE,6,1551,1699
2024-06-26,0,10,"nexus",FALSE,10,1561,1709
2024-06-27,0,10,"nexus",FALSE,10,1571,1719
2024-06-28,0,4,"nexus",FALSE,4,1575,1723
2024-06-29,0,3,"nexus",FALSE,3,1578,1726
2024-06-30,0,1,"nexus",FALSE,1,1579,1727
2024-07-01,0,12,"nexus",FALSE,12,1591,1739
2024-07-02,0,10,"nexus",FALSE,10,1601,1749
2024-07-03,2,8,"nexus",FALSE,6,1607,1757
2024-07-04,0,11,"nexus",FALSE,11,1618,1768
2024-07-05,0,7,"nexus",FALSE,7,1625,1775
2024-07-06,0,4,"nexus",FALSE,4,1629,1779
2024-07-07,0,1,"nexus",FALSE,1,1630,1780
2024-07-08,0,5,"nexus",FALSE,5,1635,1785
2024-07-09,0,7,"nexus",FALSE,7,1642,1792
2024-07-10,0,6,"nexus",FALSE,6,1648,1798
2024-07-11,0,4,"nexus",FALSE,4,1652,1802
2024-07-12,0,3,"nexus",FALSE,3,1655,1805
2024-07-13,0,3,"nexus",FALSE,3,1658,1808
2024-07-14,0,4,"nexus",FALSE,4,1662,1812
2024-07-15,0,4,"nexus",FALSE,4,1666,1816
2024-07-16,0,11,"nexus",FALSE,11,1677,1827
2024-07-17,3,12,"nexus",FALSE,9,1686,1839
2024-07-18,0,7,"nexus",FALSE,7,1693,1846
2024-07-19,0,4,"nexus",FALSE,4,1697,1850
2024-07-20,0,3,"nexus",FALSE,3,1700,1853
2024-07-21,0,2,"nexus",FALSE,2,1702,1855
2024-07-22,0,5,"nexus",FALSE,5,1707,1860
2024-07-23,0,9,"nexus",FALSE,9,1716,1869
2024-07-24,2,20,"nexus",FALSE,18,1734,1889
2024-07-25,0,7,"nexus",FALSE,7,1741,1896
2024-07-26,0,2,"nexus",FALSE,2,1743,1898
2024-07-27,0,2,"nexus",FALSE,2,1745,1900
2024-07-28,0,4,"nexus",FALSE,4,1749,1904
2024-07-29,0,4,"nexus",FALSE,4,1753,1908
2024-07-30,0,15,"nexus",FALSE,15,1768,1923
2024-07-31,0,11,"nexus",FALSE,11,1779,1934
2024-08-01,1,5,"nexus",FALSE,4,1783,1939
2024-08-02,0,4,"nexus",FALSE,4,1787,1943
2024-08-03,0,2,"nexus",FALSE,2,1789,1945
2024-08-04,0,2,"nexus",FALSE,2,1791,1947
2024-08-05,0,3,"nexus",FALSE,3,1794,1950
2024-08-06,0,9,"nexus",FALSE,9,1803,1959
2024-08-07,0,8,"nexus",FALSE,8,1811,1967
2024-08-08,2,5,"nexus",FALSE,3,1814,1972
2024-08-09,0,1,"nexus",FALSE,1,1815,1973
2024-08-10,0,2,"nexus",FALSE,2,1817,1975
2024-08-11,0,3,"nexus",FALSE,3,1820,1978
2024-08-12,0,7,"nexus",FALSE,7,1827,1985
2024-08-13,0,7,"nexus",FALSE,7,1834,1992
2024-08-14,0,6,"nexus",FALSE,6,1840,1998
2024-08-15,2,6,"nexus",FALSE,4,1844,2004
2024-08-16,0,9,"nexus",FALSE,9,1853,2013
2024-08-17,0,3,"nexus",FALSE,3,1856,2016
2024-08-18,0,2,"nexus",FALSE,2,1858,2018
2024-08-19,0,3,"nexus",FALSE,3,1861,2021
2024-08-20,0,15,"nexus",FALSE,15,1876,2036
2024-08-21,0,8,"nexus",FALSE,8,1884,2044
2024-08-22,0,13,"nexus",FALSE,13,1897,2057
2024-08-23,0,7,"nexus",FALSE,7,1904,2064
2024-08-24,0,7,"nexus",FALSE,7,1911,2071
2024-08-25,0,3,"nexus",FALSE,3,1914,2074
2024-08-26,0,9,"nexus",FALSE,9,1923,2083
2024-08-27,0,7,"nexus",FALSE,7,1930,2090
2024-08-28,2,9,"nexus",FALSE,7,1937,2099
2024-08-29,0,2,"nexus",FALSE,2,1939,2101
2024-08-30,0,4,"nexus",FALSE,4,1943,2105
2024-08-31,0,1,"nexus",FALSE,1,1944,2106
2024-09-01,0,3,"nexus",FALSE,3,1947,2109
2024-09-02,0,2,"nexus",FALSE,2,1949,2111
2024-09-03,0,24,"nexus",TRUE,1,1950,2135
2024-09-04,2,27,"nexus",FALSE,1,1951,2162
2024-09-05,0,46,"nexus",FALSE,46,1997,2208
2024-09-06,0,13,"nexus",FALSE,13,2010,2221
2024-09-07,0,3,"nexus",FALSE,3,2013,2224
2024-09-08,0,25,"nexus",FALSE,25,2038,2249
2024-09-09,0,9,"nexus",FALSE,9,2047,2258
2024-09-10,0,10,"nexus",FALSE,10,2057,2268
2024-09-11,3,43,"nexus",FALSE,40,2097,2311
2024-09-12,0,15,"nexus",FALSE,15,2112,2326
2024-09-13,0,5,"nexus",FALSE,5,2117,2331
2024-09-14,0,7,"nexus",FALSE,7,2124,2338
2024-09-15,0,1,"nexus",FALSE,1,2125,2339
2024-09-16,0,4,"nexus",FALSE,4,2129,2343
2024-09-17,0,2,"nexus",FALSE,2,2131,2345
2024-09-18,2,10,"nexus",FALSE,8,2139,2355
2024-09-19,0,7,"nexus",FALSE,7,2146,2362
2024-09-20,0,2,"nexus",FALSE,2,2148,2364
2024-09-21,0,14,"nexus",FALSE,14,2162,2378
2024-09-22,0,3,"nexus",FALSE,3,2165,2381
2024-09-23,0,12,"nexus",FALSE,12,2177,2393
2024-09-24,0,4,"nexus",FALSE,4,2181,2397
2024-09-25,0,8,"nexus",FALSE,8,2189,2405
2024-09-26,1,13,"nexus",FALSE,12,2201,2418
2024-09-27,0,4,"nexus",FALSE,4,2205,2422
2024-09-28,1,8,"nexus",FALSE,7,2212,2430
2024-09-29,0,0,"nexus",FALSE,0,2212,2430
2024-09-30,0,0,"nexus",FALSE,0,2212,2430
2018-12-02,2,0,"tabula",FALSE,0,0,0
2018-12-03,9,11,"tabula",TRUE,1,1,11
2018-12-04,2,2,"tabula",FALSE,1,2,13
2018-12-05,7,10,"tabula",FALSE,3,5,23
2018-12-06,5,8,"tabula",FALSE,3,8,31
2018-12-07,12,14,"tabula",FALSE,2,10,45
2018-12-08,2,3,"tabula",FALSE,1,11,48
2018-12-09,3,4,"tabula",FALSE,1,12,52
2018-12-10,4,6,"tabula",FALSE,2,14,58
2018-12-11,0,1,"tabula",FALSE,1,15,59
2018-12-12,7,7,"tabula",FALSE,0,15,66
2018-12-13,10,11,"tabula",FALSE,1,16,77
2018-12-14,3,5,"tabula",FALSE,2,18,82
2018-12-15,7,9,"tabula",FALSE,2,20,91
2018-12-16,3,3,"tabula",FALSE,0,20,94
2018-12-17,0,2,"tabula",FALSE,2,22,96
2018-12-18,8,12,"tabula",FALSE,4,26,108
2018-12-19,8,10,"tabula",FALSE,2,28,118
2018-12-20,4,8,"tabula",FALSE,4,32,126
2018-12-21,5,5,"tabula",FALSE,0,32,131
2018-12-22,2,3,"tabula",FALSE,1,33,134
2018-12-23,6,7,"tabula",FALSE,1,34,141
2018-12-24,2,1,"tabula",FALSE,0,34,142
2018-12-25,5,6,"tabula",FALSE,1,35,148
2018-12-26,6,5,"tabula",FALSE,0,35,153
2018-12-27,6,8,"tabula",FALSE,2,37,161
2018-12-28,7,8,"tabula",FALSE,1,38,169
2018-12-29,4,4,"tabula",FALSE,0,38,173
2018-12-30,2,4,"tabula",FALSE,2,40,177
2018-12-31,4,5,"tabula",FALSE,1,41,182
2019-01-01,1,2,"tabula",FALSE,1,42,184
2019-01-02,8,6,"tabula",FALSE,0,42,190
2019-01-03,4,5,"tabula",FALSE,1,43,195
2019-01-04,4,4,"tabula",FALSE,0,43,199
2019-01-05,2,5,"tabula",FALSE,3,46,204
2019-01-06,5,5,"tabula",FALSE,0,46,209
2019-01-07,8,11,"tabula",FALSE,3,49,220
2019-01-08,18,20,"tabula",FALSE,2,51,240
2019-01-09,8,11,"tabula",FALSE,3,54,251
2019-01-10,7,9,"tabula",FALSE,2,56,260
2019-01-11,8,10,"tabula",FALSE,2,58,270
2019-01-12,3,4,"tabula",FALSE,1,59,274
2019-01-13,1,2,"tabula",FALSE,1,60,276
2019-01-14,10,8,"tabula",FALSE,0,60,284
2019-01-15,8,12,"tabula",FALSE,4,64,296
2019-01-16,10,12,"tabula",FALSE,2,66,308
2019-01-17,4,15,"tabula",FALSE,11,77,323
2019-01-18,7,6,"tabula",FALSE,0,77,329
2019-01-19,8,11,"tabula",FALSE,3,80,340
2019-01-20,7,8,"tabula",FALSE,1,81,348
2019-01-21,7,9,"tabula",FALSE,2,83,357
2019-01-22,5,6,"tabula",FALSE,1,84,363
2019-01-23,11,12,"tabula",FALSE,1,85,375
2019-01-24,8,12,"tabula",FALSE,4,89,387
2019-01-25,5,9,"tabula",FALSE,4,93,396
2019-01-26,1,4,"tabula",FALSE,3,96,400
2019-01-27,2,3,"tabula",FALSE,1,97,403
2019-01-28,6,7,"tabula",FALSE,1,98,410
2019-01-29,8,8,"tabula",FALSE,0,98,418
2019-01-30,11,13,"tabula",FALSE,2,100,431
2019-01-31,4,6,"tabula",FALSE,2,102,437
2019-02-01,3,9,"tabula",FALSE,6,108,446
2019-02-02,1,0,"tabula",FALSE,0,108,446
2019-02-03,2,5,"tabula",FALSE,3,111,451
2019-02-04,10,10,"tabula",FALSE,0,111,461
2019-02-05,6,13,"tabula",FALSE,7,118,474
2019-02-06,13,20,"tabula",FALSE,7,125,494
2019-02-07,4,6,"tabula",FALSE,2,127,500
2019-02-08,3,4,"tabula",FALSE,1,128,504
2019-02-09,7,8,"tabula",FALSE,1,129,512
2019-02-10,4,8,"tabula",FALSE,4,133,520
2019-02-11,10,11,"tabula",FALSE,1,134,531
2019-02-12,10,10,"tabula",FALSE,0,134,541
2019-02-13,9,9,"tabula",FALSE,0,134,550
2019-02-14,3,7,"tabula",FALSE,4,138,557
2019-02-15,5,6,"tabula",FALSE,1,139,563
2019-02-16,2,3,"tabula",FALSE,1,140,566
2019-02-17,7,7,"tabula",FALSE,0,140,573
2019-02-18,10,11,"tabula",FALSE,1,141,584
2019-02-19,7,9,"tabula",FALSE,2,143,593
2019-02-20,10,9,"tabula",FALSE,0,143,602
2019-02-21,9,10,"tabula",FALSE,1,144,612
2019-02-22,6,8,"tabula",FALSE,2,146,620
2019-02-23,1,6,"tabula",FALSE,5,151,626
2019-02-24,2,2,"tabula",FALSE,0,151,628
2019-02-25,8,7,"tabula",FALSE,0,151,635
2019-02-26,5,6,"tabula",FALSE,1,152,641
2019-02-27,3,2,"tabula",FALSE,0,152,643
2019-02-28,7,8,"tabula",FALSE,1,153,651
2019-03-01,4,4,"tabula",FALSE,0,153,655
2019-03-02,1,1,"tabula",FALSE,0,153,656
2019-03-03,6,8,"tabula",FALSE,2,155,664
2019-03-04,4,6,"tabula",FALSE,2,157,670
2019-03-05,10,13,"tabula",FALSE,3,160,683
2019-03-06,6,6,"tabula",FALSE,0,160,689
2019-03-07,10,15,"tabula",FALSE,5,165,704
2019-03-08,11,12,"tabula",FALSE,1,166,716
2019-03-09,5,8,"tabula",FALSE,3,169,724
2019-03-10,5,7,"tabula",FALSE,2,171,731
2019-03-11,4,4,"tabula",FALSE,0,171,735
2019-03-12,9,8,"tabula",FALSE,0,171,743
2019-03-13,11,12,"tabula",FALSE,1,172,755
2019-03-14,3,3,"tabula",FALSE,0,172,758
2019-03-15,8,19,"tabula",FALSE,11,183,777
2019-03-16,6,8,"tabula",FALSE,2,185,785
2019-03-17,8,15,"tabula",FALSE,7,192,800
2019-03-18,7,9,"tabula",FALSE,2,194,809
2019-03-19,9,11,"tabula",FALSE,2,196,820
2019-03-20,11,22,"tabula",TRUE,1,197,842
2019-03-21,6,21,"tabula",FALSE,1,198,863
2019-03-22,9,12,"tabula",FALSE,3,201,875
2019-03-23,4,5,"tabula",FALSE,1,202,880
2019-03-24,3,4,"tabula",FALSE,1,203,884
2019-03-25,6,16,"tabula",FALSE,10,213,900
2019-03-26,6,10,"tabula",FALSE,4,217,910
2019-03-27,17,24,"tabula",FALSE,7,224,934
2019-03-28,9,12,"tabula",FALSE,3,227,946
2019-03-29,11,14,"tabula",FALSE,3,230,960
2019-03-30,3,4,"tabula",FALSE,1,231,964
2019-03-31,5,5,"tabula",FALSE,0,231,969
2019-04-01,8,16,"tabula",FALSE,8,239,985
2019-04-02,18,22,"tabula",FALSE,4,243,1007
2019-04-03,10,17,"tabula",FALSE,7,250,1024
2019-04-04,12,20,"tabula",FALSE,8,258,1044
2019-04-05,7,13,"tabula",FALSE,6,264,1057
2019-04-06,12,15,"tabula",FALSE,3,267,1072
2019-04-07,5,6,"tabula",FALSE,1,268,1078
2019-04-08,7,14,"tabula",FALSE,7,275,1092
2019-04-09,8,13,"tabula",FALSE,5,280,1105
2019-04-10,11,17,"tabula",FALSE,6,286,1122
2019-04-11,4,7,"tabula",FALSE,3,289,1129
2019-04-12,11,17,"tabula",FALSE,6,295,1146
2019-04-13,4,5,"tabula",FALSE,1,296,1151
2019-04-14,5,6,"tabula",FALSE,1,297,1157
2019-04-15,8,7,"tabula",FALSE,0,297,1164
2019-04-16,6,6,"tabula",FALSE,0,297,1170
2019-04-17,13,21,"tabula",FALSE,8,305,1191
2019-04-18,7,13,"tabula",FALSE,6,311,1204
2019-04-19,9,11,"tabula",FALSE,2,313,1215
2019-04-20,9,11,"tabula",FALSE,2,315,1226
2019-04-21,8,6,"tabula",FALSE,0,315,1232
2019-04-22,5,8,"tabula",FALSE,3,318,1240
2019-04-23,4,10,"tabula",FALSE,6,324,1250
2019-04-24,8,10,"tabula",FALSE,2,326,1260
2019-04-25,8,10,"tabula",FALSE,2,328,1270
2019-04-26,1,12,"tabula",FALSE,11,339,1282
2019-04-27,2,4,"tabula",FALSE,2,341,1286
2019-04-28,5,8,"tabula",FALSE,3,344,1294
2019-04-29,20,21,"tabula",FALSE,1,345,1315
2019-04-30,8,9,"tabula",FALSE,1,346,1324
2019-05-01,5,14,"tabula",FALSE,9,355,1338
2019-05-02,9,14,"tabula",FALSE,5,360,1352
2019-05-03,7,9,"tabula",FALSE,2,362,1361
2019-05-04,1,2,"tabula",FALSE,1,363,1363
2019-05-05,8,10,"tabula",FALSE,2,365,1373
2019-05-06,20,26,"tabula",FALSE,6,371,1399
2019-05-07,15,13,"tabula",FALSE,0,371,1412
2019-05-08,10,23,"tabula",FALSE,13,384,1435
2019-05-09,5,9,"tabula",FALSE,4,388,1444
2019-05-10,3,6,"tabula",FALSE,3,391,1450
2019-05-11,4,7,"tabula",FALSE,3,394,1457
2019-05-12,15,26,"tabula",FALSE,11,405,1483
2019-05-13,17,18,"tabula",FALSE,1,406,1501
2019-05-14,12,18,"tabula",FALSE,6,412,1519
2019-05-15,49,52,"tabula",FALSE,3,415,1571
2019-05-16,26,30,"tabula",FALSE,4,419,1601
2019-05-17,16,20,"tabula",FALSE,4,423,1621
2019-05-18,18,20,"tabula",FALSE,2,425,1641
2019-05-19,18,16,"tabula",FALSE,0,425,1657
2019-05-20,7,11,"tabula",FALSE,4,429,1668
2019-05-21,5,5,"tabula",FALSE,0,429,1673
2019-05-22,6,12,"tabula",FALSE,6,435,1685
2019-05-23,7,7,"tabula",FALSE,0,435,1692
2019-05-24,8,8,"tabula",FALSE,0,435,1700
2019-05-25,2,4,"tabula",FALSE,2,437,1704
2019-05-26,5,5,"tabula",FALSE,0,437,1709
2019-05-27,7,11,"tabula",FALSE,4,441,1720
2019-05-28,5,8,"tabula",FALSE,3,444,1728
2019-05-29,8,14,"tabula",FALSE,6,450,1742
2019-05-30,3,3,"tabula",FALSE,0,450,1745
2019-05-31,6,5,"tabula",FALSE,0,450,1750
2019-06-01,4,3,"tabula",FALSE,0,450,1753
2019-06-02,1,3,"tabula",FALSE,2,452,1756
2019-06-03,1,1,"tabula",FALSE,0,452,1757
2019-06-04,5,24,"tabula",FALSE,19,471,1781
2019-06-05,8,10,"tabula",FALSE,2,473,1791
2019-06-06,4,6,"tabula",FALSE,2,475,1797
2019-06-07,6,7,"tabula",FALSE,1,476,1804
2019-06-08,5,6,"tabula",FALSE,1,477,1810
2019-06-09,1,2,"tabula",FALSE,1,478,1812
2019-06-10,2,4,"tabula",FALSE,2,480,1816
2019-06-11,0,2,"tabula",FALSE,2,482,1818
2019-06-12,2,3,"tabula",FALSE,1,483,1821
2019-06-13,7,10,"tabula",FALSE,3,486,1831
2019-06-14,4,11,"tabula",FALSE,7,493,1842
2019-06-15,2,8,"tabula",FALSE,6,499,1850
2019-06-16,1,5,"tabula",FALSE,4,503,1855
2019-06-17,6,8,"tabula",FALSE,2,505,1863
2019-06-18,5,9,"tabula",FALSE,4,509,1872
2019-06-19,2,9,"tabula",FALSE,7,516,1881
2019-06-20,2,7,"tabula",FALSE,5,521,1888
2019-06-21,1,8,"tabula",FALSE,7,528,1896
2019-06-22,2,3,"tabula",FALSE,1,529,1899
2019-06-23,1,6,"tabula",FALSE,5,534,1905
2019-06-24,4,5,"tabula",FALSE,1,535,1910
2019-06-25,10,21,"tabula",FALSE,11,546,1931
2019-06-26,5,4,"tabula",FALSE,0,546,1935
2019-06-27,4,7,"tabula",FALSE,3,549,1942
2019-06-28,7,13,"tabula",FALSE,6,555,1955
2019-06-29,9,11,"tabula",FALSE,2,557,1966
2019-06-30,3,2,"tabula",FALSE,0,557,1968
2019-07-01,10,13,"tabula",FALSE,3,560,1981
2019-07-02,5,6,"tabula",FALSE,1,561,1987
2019-07-03,13,11,"tabula",FALSE,0,561,1998
2019-07-04,5,6,"tabula",FALSE,1,562,2004
2019-07-05,8,8,"tabula",FALSE,0,562,2012
2019-07-06,3,6,"tabula",FALSE,3,565,2018
2019-07-07,6,6,"tabula",FALSE,0,565,2024
2019-07-08,10,13,"tabula",FALSE,3,568,2037
2019-07-09,7,6,"tabula",FALSE,0,568,2043
2019-07-10,9,9,"tabula",FALSE,0,568,2052
2019-07-11,11,10,"tabula",FALSE,0,568,2062
2019-07-12,9,9,"tabula",FALSE,0,568,2071
2019-07-13,10,15,"tabula",FALSE,5,573,2086
2019-07-14,4,4,"tabula",FALSE,0,573,2090
2019-07-15,7,9,"tabula",FALSE,2,575,2099
2019-07-16,8,10,"tabula",FALSE,2,577,2109
2019-07-17,7,12,"tabula",FALSE,5,582,2121
2019-07-18,25,26,"tabula",FALSE,1,583,2147
2019-07-19,10,11,"tabula",FALSE,1,584,2158
2019-07-20,6,7,"tabula",FALSE,1,585,2165
2019-07-21,14,19,"tabula",FALSE,5,590,2184
2019-07-22,27,28,"tabula",FALSE,1,591,2212
2019-07-23,18,19,"tabula",FALSE,1,592,2231
2019-07-24,6,8,"tabula",FALSE,2,594,2239
2019-07-25,8,6,"tabula",FALSE,0,594,2245
2019-07-26,8,9,"tabula",FALSE,1,595,2254
2019-07-27,6,16,"tabula",FALSE,10,605,2270
2019-07-28,0,0,"tabula",FALSE,0,605,2270
2019-07-29,5,7,"tabula",FALSE,2,607,2277
2019-07-30,7,17,"tabula",FALSE,10,617,2294
2019-07-31,16,14,"tabula",FALSE,0,617,2308
2019-08-01,2,3,"tabula",FALSE,1,618,2311
2019-08-02,8,8,"tabula",FALSE,0,618,2319
2019-08-03,1,5,"tabula",FALSE,4,622,2324
2019-08-04,1,2,"tabula",FALSE,1,623,2326
2019-08-05,6,6,"tabula",FALSE,0,623,2332
2019-08-06,9,10,"tabula",FALSE,1,624,2342
2019-08-07,23,21,"tabula",FALSE,0,624,2363
2019-08-08,4,5,"tabula",FALSE,1,625,2368
2019-08-09,8,11,"tabula",FALSE,3,628,2379
2019-08-10,6,9,"tabula",FALSE,3,631,2388
2019-08-11,11,10,"tabula",FALSE,0,631,2398
2019-08-12,10,8,"tabula",FALSE,0,631,2406
2019-08-13,2,2,"tabula",FALSE,0,631,2408
2019-08-14,7,7,"tabula",FALSE,0,631,2415
2019-08-15,3,5,"tabula",FALSE,2,633,2420
2019-08-16,8,9,"tabula",FALSE,1,634,2429
2019-08-17,7,5,"tabula",FALSE,0,634,2434
2019-08-18,3,3,"tabula",FALSE,0,634,2437
2019-08-19,3,7,"tabula",FALSE,4,638,2444
2019-08-20,3,2,"tabula",FALSE,0,638,2446
2019-08-21,6,9,"tabula",FALSE,3,641,2455
2019-08-22,9,16,"tabula",FALSE,7,648,2471
2019-08-23,5,6,"tabula",FALSE,1,649,2477
2019-08-24,1,7,"tabula",FALSE,6,655,2484
2019-08-25,1,1,"tabula",FALSE,0,655,2485
2019-08-26,3,3,"tabula",FALSE,0,655,2488
2019-08-27,4,6,"tabula",FALSE,2,657,2494
2019-08-28,6,5,"tabula",FALSE,0,657,2499
2019-08-29,6,8,"tabula",FALSE,2,659,2507
2019-08-30,8,30,"tabula",FALSE,22,681,2537
2019-08-31,5,7,"tabula",FALSE,2,683,2544
2019-09-01,2,6,"tabula",FALSE,4,687,2550
2019-09-02,3,5,"tabula",FALSE,2,689,2555
2019-09-03,10,15,"tabula",FALSE,5,694,2570
2019-09-04,13,11,"tabula",FALSE,0,694,2581
2019-09-05,12,13,"tabula",FALSE,1,695,2594
2019-09-06,8,10,"tabula",FALSE,2,697,2604
2019-09-07,5,6,"tabula",FALSE,1,698,2610
2019-09-08,4,7,"tabula",FALSE,3,701,2617
2019-09-09,5,6,"tabula",FALSE,1,702,2623
2019-09-10,17,15,"tabula",FALSE,0,702,2638
2019-09-11,8,14,"tabula",FALSE,6,708,2652
2019-09-12,8,15,"tabula",FALSE,7,715,2667
2019-09-13,8,12,"tabula",FALSE,4,719,2679
2019-09-14,4,10,"tabula",FALSE,6,725,2689
2019-09-15,7,11,"tabula",FALSE,4,729,2700
2019-09-16,13,16,"tabula",FALSE,3,732,2716
2019-09-17,31,26,"tabula",FALSE,0,732,2742
2019-09-18,19,24,"tabula",FALSE,5,737,2766
2019-09-19,7,12,"tabula",FALSE,5,742,2778
2019-09-20,8,15,"tabula",TRUE,1,743,2793
2019-09-21,8,17,"tabula",FALSE,1,744,2810
2019-09-22,4,12,"tabula",FALSE,8,752,2822
2019-09-23,8,24,"tabula",FALSE,16,768,2846
2019-09-24,6,10,"tabula",FALSE,4,772,2856
2019-09-25,8,28,"tabula",FALSE,20,792,2884
2019-09-26,5,5,"tabula",FALSE,0,792,2889
2019-09-27,3,4,"tabula",FALSE,1,793,2893
2019-09-28,4,9,"tabula",FALSE,5,798,2902
2019-09-29,3,6,"tabula",FALSE,3,801,2908
2019-09-30,6,13,"tabula",FALSE,7,808,2921
2019-10-01,5,13,"tabula",FALSE,8,816,2934
2019-10-02,7,12,"tabula",FALSE,5,821,2946
2019-10-03,8,6,"tabula",FALSE,0,821,2952
2019-10-04,5,16,"tabula",FALSE,11,832,2968
2019-10-05,6,12,"tabula",FALSE,6,838,2980
2019-10-06,4,16,"tabula",FALSE,12,850,2996
2019-10-07,2,10,"tabula",FALSE,8,858,3006
2019-10-08,4,9,"tabula",FALSE,5,863,3015
2019-10-09,8,13,"tabula",FALSE,5,868,3028
2019-10-10,4,10,"tabula",FALSE,6,874,3038
2019-10-11,13,25,"tabula",FALSE,12,886,3063
2019-10-12,10,11,"tabula",FALSE,1,887,3074
2019-10-13,6,11,"tabula",FALSE,5,892,3085
2019-10-14,11,19,"tabula",FALSE,8,900,3104
2019-10-15,9,15,"tabula",FALSE,6,906,3119
2019-10-16,6,5,"tabula",FALSE,0,906,3124
2019-10-17,8,18,"tabula",FALSE,10,916,3142
2019-10-18,6,12,"tabula",FALSE,6,922,3154
2019-10-19,4,5,"tabula",FALSE,1,923,3159
2019-10-20,2,6,"tabula",FALSE,4,927,3165
2019-10-21,8,13,"tabula",FALSE,5,932,3178
2019-10-22,15,25,"tabula",FALSE,10,942,3203
2019-10-23,16,20,"tabula",FALSE,4,946,3223
2019-10-24,9,11,"tabula",FALSE,2,948,3234
2019-10-25,4,5,"tabula",FALSE,1,949,3239
2019-10-26,3,4,"tabula",FALSE,1,950,3243
2019-10-27,3,9,"tabula",FALSE,6,956,3252
2019-10-28,3,12,"tabula",FALSE,9,965,3264
2019-10-29,4,9,"tabula",FALSE,5,970,3273
2019-10-30,5,9,"tabula",FALSE,4,974,3282
2019-10-31,5,10,"tabula",FALSE,5,979,3292
2019-11-01,3,5,"tabula",FALSE,2,981,3297
2019-11-02,3,5,"tabula",FALSE,2,983,3302
2019-11-03,2,4,"tabula",FALSE,2,985,3306
2019-11-04,2,7,"tabula",FALSE,5,990,3313
2019-11-05,11,12,"tabula",FALSE,1,991,3325
2019-11-06,10,12,"tabula",FALSE,2,993,3337
2019-11-07,7,16,"tabula",FALSE,9,1002,3353
2019-11-08,8,12,"tabula",FALSE,4,1006,3365
2019-11-09,4,6,"tabula",FALSE,2,1008,3371
2019-11-10,2,4,"tabula",FALSE,2,1010,3375
2019-11-11,7,11,"tabula",FALSE,4,1014,3386
2019-11-12,3,6,"tabula",FALSE,3,1017,3392
2019-11-13,6,16,"tabula",FALSE,10,1027,3408
2019-11-14,8,11,"tabula",FALSE,3,1030,3419
2019-11-15,5,8,"tabula",FALSE,3,1033,3427
2019-11-16,4,3,"tabula",FALSE,0,1033,3430
2019-11-17,1,1,"tabula",FALSE,0,1033,3431
2019-11-18,6,8,"tabula",FALSE,2,1035,3439
2019-11-19,10,27,"tabula",FALSE,17,1052,3466
2019-11-20,14,19,"tabula",FALSE,5,1057,3485
2019-11-21,7,15,"tabula",FALSE,8,1065,3500
2019-11-22,11,21,"tabula",FALSE,10,1075,3521
2019-11-23,8,11,"tabula",FALSE,3,1078,3532
2019-11-24,7,8,"tabula",FALSE,1,1079,3540
2019-11-25,6,9,"tabula",FALSE,3,1082,3549
2019-11-26,3,10,"tabula",FALSE,7,1089,3559
2019-11-27,9,17,"tabula",FALSE,8,1097,3576
2019-11-28,9,26,"tabula",FALSE,17,1114,3602
2019-11-29,6,10,"tabula",FALSE,4,1118,3612
2019-11-30,7,10,"tabula",FALSE,3,1121,3622
2019-12-01,6,9,"tabula",FALSE,3,1124,3631
2019-12-02,7,8,"tabula",FALSE,1,1125,3639
2019-12-03,3,7,"tabula",FALSE,4,1129,3646
2019-12-04,17,20,"tabula",FALSE,3,1132,3666
2019-12-05,3,6,"tabula",FALSE,3,1135,3672
2019-12-06,12,15,"tabula",FALSE,3,1138,3687
2019-12-07,6,9,"tabula",FALSE,3,1141,3696
2019-12-08,7,8,"tabula",FALSE,1,1142,3704
2019-12-09,3,3,"tabula",FALSE,0,1142,3707
2019-12-10,3,6,"tabula",FALSE,3,1145,3713
2019-12-11,13,24,"tabula",FALSE,11,1156,3737
2019-12-12,9,10,"tabula",FALSE,1,1157,3747
2019-12-13,7,10,"tabula",FALSE,3,1160,3757
2019-12-14,3,8,"tabula",FALSE,5,1165,3765
2019-12-15,3,10,"tabula",FALSE,7,1172,3775
2019-12-16,0,13,"tabula",FALSE,13,1185,3788
2019-12-17,1,11,"tabula",FALSE,10,1195,3799
2019-12-18,6,11,"tabula",FALSE,5,1200,3810
2019-12-19,3,13,"tabula",FALSE,10,1210,3823
2019-12-20,10,11,"tabula",FALSE,1,1211,3834
2019-12-21,7,8,"tabula",FALSE,1,1212,3842
2019-12-22,13,12,"tabula",FALSE,0,1212,3854
2019-12-23,10,9,"tabula",FALSE,0,1212,3863
2019-12-24,5,5,"tabula",FALSE,0,1212,3868
2019-12-25,10,11,"tabula",FALSE,1,1213,3879
2019-12-26,11,10,"tabula",FALSE,0,1213,3889
2019-12-27,9,8,"tabula",FALSE,0,1213,3897
2019-12-28,8,9,"tabula",FALSE,1,1214,3906
2019-12-29,9,7,"tabula",FALSE,0,1214,3913
2019-12-30,13,17,"tabula",FALSE,4,1218,3930
2019-12-31,11,15,"tabula",FALSE,4,1222,3945
2020-01-01,13,16,"tabula",FALSE,3,1225,3961
2020-01-02,11,13,"tabula",FALSE,2,1227,3974
2020-01-03,12,18,"tabula",FALSE,6,1233,3992
2020-01-04,12,15,"tabula",FALSE,3,1236,4007
2020-01-05,10,10,"tabula",FALSE,0,1236,4017
2020-01-06,12,14,"tabula",FALSE,2,1238,4031
2020-01-07,15,15,"tabula",FALSE,0,1238,4046
2020-01-08,21,31,"tabula",FALSE,10,1248,4077
2020-01-09,13,22,"tabula",FALSE,9,1257,4099
2020-01-10,13,18,"tabula",FALSE,5,1262,4117
2020-01-11,12,16,"tabula",FALSE,4,1266,4133
2020-01-12,9,12,"tabula",FALSE,3,1269,4145
2020-01-13,10,14,"tabula",FALSE,4,1273,4159
2020-01-14,9,13,"tabula",FALSE,4,1277,4172
2020-01-15,12,13,"tabula",FALSE,1,1278,4185
2020-01-16,12,25,"tabula",TRUE,1,1279,4210
2020-01-17,13,29,"tabula",FALSE,1,1280,4239
2020-01-18,7,25,"tabula",FALSE,18,1298,4264
2020-01-19,11,23,"tabula",FALSE,12,1310,4287
2020-01-20,11,32,"tabula",FALSE,21,1331,4319
2020-01-21,13,40,"tabula",FALSE,27,1358,4359
2020-01-22,14,41,"tabula",FALSE,27,1385,4400
2020-01-23,10,33,"tabula",FALSE,23,1408,4433
2020-01-24,8,36,"tabula",FALSE,28,1436,4469
2020-01-25,11,34,"tabula",FALSE,23,1459,4503
2020-01-26,11,30,"tabula",FALSE,19,1478,4533
2020-01-27,10,30,"tabula",FALSE,20,1498,4563
2020-01-28,17,38,"tabula",FALSE,21,1519,4601
2020-01-29,20,40,"tabula",FALSE,20,1539,4641
2020-01-30,13,30,"tabula",FALSE,17,1556,4671
2020-01-31,12,37,"tabula",FALSE,25,1581,4708
2020-02-01,12,23,"tabula",FALSE,11,1592,4731
2020-02-02,13,16,"tabula",FALSE,3,1595,4747
2020-02-03,8,14,"tabula",FALSE,6,1601,4761
2020-02-04,11,17,"tabula",FALSE,6,1607,4778
2020-02-05,7,26,"tabula",FALSE,19,1626,4804
2020-02-06,8,23,"tabula",FALSE,15,1641,4827
2020-02-07,6,21,"tabula",FALSE,15,1656,4848
2020-02-08,3,19,"tabula",FALSE,16,1672,4867
2020-02-09,3,13,"tabula",FALSE,10,1682,4880
2020-02-10,3,11,"tabula",FALSE,8,1690,4891
2020-02-11,3,18,"tabula",FALSE,15,1705,4909
2020-02-12,9,24,"tabula",FALSE,15,1720,4933
2020-02-13,3,14,"tabula",FALSE,11,1731,4947
2020-02-14,3,18,"tabula",FALSE,15,1746,4965
2020-02-15,5,11,"tabula",FALSE,6,1752,4976
2020-02-16,5,16,"tabula",FALSE,11,1763,4992
2020-02-17,3,10,"tabula",FALSE,7,1770,5002
2020-02-18,4,16,"tabula",FALSE,12,1782,5018
2020-02-19,10,25,"tabula",FALSE,15,1797,5043
2020-02-20,4,14,"tabula",FALSE,10,1807,5057
2020-02-21,3,17,"tabula",FALSE,14,1821,5074
2020-02-22,3,15,"tabula",FALSE,12,1833,5089
2020-02-23,3,9,"tabula",FALSE,6,1839,5098
2020-02-24,3,22,"tabula",FALSE,19,1858,5120
2020-02-25,3,14,"tabula",FALSE,11,1869,5134
2020-02-26,8,24,"tabula",FALSE,16,1885,5158
2020-02-27,3,18,"tabula",FALSE,15,1900,5176
2020-02-28,4,11,"tabula",FALSE,7,1907,5187
2020-02-29,0,3,"tabula",FALSE,3,1910,5190
2020-03-01,4,17,"tabula",FALSE,13,1923,5207
2020-03-02,5,12,"tabula",FALSE,7,1930,5219
2020-03-03,6,22,"tabula",FALSE,16,1946,5241
2020-03-04,8,28,"tabula",FALSE,20,1966,5269
2020-03-05,3,17,"tabula",FALSE,14,1980,5286
2020-03-06,4,17,"tabula",FALSE,13,1993,5303
2020-03-07,3,14,"tabula",FALSE,11,2004,5317
2020-03-08,4,18,"tabula",FALSE,14,2018,5335
2020-03-09,6,13,"tabula",FALSE,7,2025,5348
2020-03-10,3,25,"tabula",FALSE,22,2047,5373
2020-03-11,4,13,"tabula",FALSE,9,2056,5386
2020-03-12,3,25,"tabula",FALSE,22,2078,5411
2020-03-13,4,22,"tabula",FALSE,18,2096,5433
2020-03-14,3,8,"tabula",FALSE,5,2101,5441
2020-03-15,3,8,"tabula",FALSE,5,2106,5449
2020-03-16,3,26,"tabula",FALSE,23,2129,5475
2020-03-17,3,14,"tabula",FALSE,11,2140,5489
2020-03-18,5,10,"tabula",FALSE,5,2145,5499
2020-03-19,3,25,"tabula",TRUE,1,2146,5524
2020-03-20,3,42,"tabula",FALSE,1,2147,5566
2020-03-21,3,28,"tabula",FALSE,25,2172,5594
2020-03-22,4,22,"tabula",FALSE,18,2190,5616
2020-03-23,5,26,"tabula",FALSE,21,2211,5642
2020-03-24,1,19,"tabula",FALSE,18,2229,5661
2020-03-25,6,35,"tabula",FALSE,29,2258,5696
2020-03-26,0,33,"tabula",FALSE,33,2291,5729
2020-03-27,0,15,"tabula",FALSE,15,2306,5744
2020-03-28,3,22,"tabula",FALSE,19,2325,5766
2020-03-29,3,30,"tabula",FALSE,27,2352,5796
2020-03-30,4,31,"tabula",FALSE,27,2379,5827
2020-03-31,4,32,"tabula",FALSE,28,2407,5859
2020-04-01,9,32,"tabula",FALSE,23,2430,5891
2020-04-02,1,16,"tabula",FALSE,15,2445,5907
2020-04-03,3,27,"tabula",FALSE,24,2469,5934
2020-04-04,3,24,"tabula",FALSE,21,2490,5958
2020-04-05,3,22,"tabula",FALSE,19,2509,5980
2020-04-06,3,30,"tabula",FALSE,27,2536,6010
2020-04-07,3,31,"tabula",FALSE,28,2564,6041
2020-04-08,8,35,"tabula",FALSE,27,2591,6076
2020-04-09,3,48,"tabula",FALSE,45,2636,6124
2020-04-10,4,14,"tabula",FALSE,10,2646,6138
2020-04-11,1,9,"tabula",FALSE,8,2654,6147
2020-04-12,4,15,"tabula",FALSE,11,2665,6162
2020-04-13,3,20,"tabula",FALSE,17,2682,6182
2020-04-14,4,15,"tabula",FALSE,11,2693,6197
2020-04-15,8,47,"tabula",FALSE,39,2732,6244
2020-04-16,0,33,"tabula",FALSE,33,2765,6277
2020-04-17,3,31,"tabula",FALSE,28,2793,6308
2020-04-18,0,8,"tabula",FALSE,8,2801,6316
2020-04-19,0,4,"tabula",FALSE,4,2805,6320
2020-04-20,0,18,"tabula",FALSE,18,2823,6338
2020-04-21,1,12,"tabula",FALSE,11,2834,6350
2020-04-22,8,42,"tabula",FALSE,34,2868,6392
2020-04-23,2,15,"tabula",FALSE,13,2881,6407
2020-04-24,3,23,"tabula",FALSE,20,2901,6430
2020-04-25,3,27,"tabula",FALSE,24,2925,6457
2020-04-26,0,23,"tabula",FALSE,23,2948,6480
2020-04-27,3,26,"tabula",FALSE,23,2971,6506
2020-04-28,3,26,"tabula",FALSE,23,2994,6532
2020-04-29,8,55,"tabula",FALSE,47,3041,6587
2020-04-30,3,27,"tabula",FALSE,24,3065,6614
2020-05-01,3,20,"tabula",FALSE,17,3082,6634
2020-05-02,3,30,"tabula",FALSE,27,3109,6664
2020-05-03,3,28,"tabula",FALSE,25,3134,6692
2020-05-04,3,39,"tabula",FALSE,36,3170,6731
2020-05-05,3,27,"tabula",FALSE,24,3194,6758
2020-05-06,9,40,"tabula",FALSE,31,3225,6798
2020-05-07,3,21,"tabula",FALSE,18,3243,6819
2020-05-08,3,14,"tabula",FALSE,11,3254,6833
2020-05-09,3,28,"tabula",FALSE,25,3279,6861
2020-05-10,3,46,"tabula",FALSE,43,3322,6907
2020-05-11,3,47,"tabula",FALSE,44,3366,6954
2020-05-12,3,21,"tabula",FALSE,18,3384,6975
2020-05-13,9,25,"tabula",FALSE,16,3400,7000
2020-05-14,3,12,"tabula",FALSE,9,3409,7012
2020-05-15,3,16,"tabula",FALSE,13,3422,7028
2020-05-16,3,15,"tabula",FALSE,12,3434,7043
2020-05-17,3,21,"tabula",FALSE,18,3452,7064
2020-05-18,3,25,"tabula",FALSE,22,3474,7089
2020-05-19,3,26,"tabula",FALSE,23,3497,7115
2020-05-20,9,34,"tabula",FALSE,25,3522,7149
2020-05-21,3,12,"tabula",FALSE,9,3531,7161
2020-05-22,3,11,"tabula",FALSE,8,3539,7172
2020-05-23,3,12,"tabula",FALSE,9,3548,7184
2020-05-24,3,5,"tabula",FALSE,2,3550,7189
2020-05-25,3,20,"tabula",FALSE,17,3567,7209
2020-05-26,3,17,"tabula",FALSE,14,3581,7226
2020-05-27,9,27,"tabula",FALSE,18,3599,7253
2020-05-28,3,21,"tabula",FALSE,18,3617,7274
2020-05-29,3,17,"tabula",FALSE,14,3631,7291
2020-05-30,3,19,"tabula",FALSE,16,3647,7310
2020-05-31,3,16,"tabula",FALSE,13,3660,7326
2020-06-01,3,11,"tabula",FALSE,8,3668,7337
2020-06-02,3,20,"tabula",FALSE,17,3685,7357
2020-06-03,10,27,"tabula",FALSE,17,3702,7384
2020-06-04,5,20,"tabula",FALSE,15,3717,7404
2020-06-05,5,13,"tabula",FALSE,8,3725,7417
2020-06-06,3,9,"tabula",FALSE,6,3731,7426
2020-06-07,4,15,"tabula",FALSE,11,3742,7441
2020-06-08,3,20,"tabula",FALSE,17,3759,7461
2020-06-09,3,18,"tabula",FALSE,15,3774,7479
2020-06-10,10,36,"tabula",FALSE,26,3800,7515
2020-06-11,5,21,"tabula",FALSE,16,3816,7536
2020-06-12,4,27,"tabula",FALSE,23,3839,7563
2020-06-13,3,15,"tabula",FALSE,12,3851,7578
2020-06-14,3,13,"tabula",FALSE,10,3861,7591
2020-06-15,3,14,"tabula",FALSE,11,3872,7605
2020-06-16,3,14,"tabula",FALSE,11,3883,7619
2020-06-17,6,21,"tabula",FALSE,15,3898,7640
2020-06-18,5,30,"tabula",FALSE,25,3923,7670
2020-06-19,5,22,"tabula",FALSE,17,3940,7692
2020-06-20,3,17,"tabula",FALSE,14,3954,7709
2020-06-21,3,14,"tabula",FALSE,11,3965,7723
2020-06-22,3,19,"tabula",FALSE,16,3981,7742
2020-06-23,3,20,"tabula",FALSE,17,3998,7762
2020-06-24,11,26,"tabula",FALSE,15,4013,7788
2020-06-25,7,11,"tabula",FALSE,4,4017,7799
2020-06-26,5,19,"tabula",FALSE,14,4031,7818
2020-06-27,0,19,"tabula",FALSE,19,4050,7837
2020-06-28,4,16,"tabula",FALSE,12,4062,7853
2020-06-29,3,20,"tabula",FALSE,17,4079,7873
2020-06-30,3,16,"tabula",FALSE,13,4092,7889
2020-07-01,7,20,"tabula",FALSE,13,4105,7909
2020-07-02,3,15,"tabula",FALSE,12,4117,7924
2020-07-03,3,17,"tabula",FALSE,14,4131,7941
2020-07-04,3,10,"tabula",FALSE,7,4138,7951
2020-07-05,3,10,"tabula",FALSE,7,4145,7961
2020-07-06,3,14,"tabula",FALSE,11,4156,7975
2020-07-07,3,20,"tabula",FALSE,17,4173,7995
2020-07-08,10,25,"tabula",FALSE,15,4188,8020
2020-07-09,4,17,"tabula",FALSE,13,4201,8037
2020-07-10,4,17,"tabula",FALSE,13,4214,8054
2020-07-11,3,13,"tabula",FALSE,10,4224,8067
2020-07-12,4,12,"tabula",FALSE,8,4232,8079
2020-07-13,4,19,"tabula",FALSE,15,4247,8098
2020-07-14,4,15,"tabula",FALSE,11,4258,8113
2020-07-15,11,22,"tabula",FALSE,11,4269,8135
2020-07-16,3,13,"tabula",FALSE,10,4279,8148
2020-07-17,3,11,"tabula",FALSE,8,4287,8159
2020-07-18,3,18,"tabula",FALSE,15,4302,8177
2020-07-19,3,11,"tabula",FALSE,8,4310,8188
2020-07-20,3,13,"tabula",FALSE,10,4320,8201
2020-07-21,3,20,"tabula",FALSE,17,4337,8221
2020-07-22,11,30,"tabula",FALSE,19,4356,8251
2020-07-23,3,15,"tabula",FALSE,12,4368,8266
2020-07-24,3,13,"tabula",FALSE,10,4378,8279
2020-07-25,3,10,"tabula",FALSE,7,4385,8289
2020-07-26,3,11,"tabula",FALSE,8,4393,8300
2020-07-27,3,11,"tabula",FALSE,8,4401,8311
2020-07-28,4,17,"tabula",FALSE,13,4414,8328
2020-07-29,7,20,"tabula",FALSE,13,4427,8348
2020-07-30,6,23,"tabula",FALSE,17,4444,8371
2020-07-31,0,11,"tabula",FALSE,11,4455,8382
2020-08-01,0,2,"tabula",FALSE,2,4457,8384
2020-08-02,4,5,"tabula",FALSE,1,4458,8389
2020-08-03,4,16,"tabula",FALSE,12,4470,8405
2020-08-04,3,18,"tabula",FALSE,15,4485,8423
2020-08-05,9,23,"tabula",FALSE,14,4499,8446
2020-08-06,3,23,"tabula",FALSE,20,4519,8469
2020-08-07,3,18,"tabula",FALSE,15,4534,8487
2020-08-08,4,13,"tabula",FALSE,9,4543,8500
2020-08-09,3,14,"tabula",FALSE,11,4554,8514
2020-08-10,3,8,"tabula",FALSE,5,4559,8522
2020-08-11,3,7,"tabula",FALSE,4,4563,8529
2020-08-12,9,15,"tabula",FALSE,6,4569,8544
2020-08-13,3,3,"tabula",FALSE,0,4569,8547
2020-08-14,3,3,"tabula",FALSE,0,4569,8550
2020-08-15,3,3,"tabula",FALSE,0,4569,8553
2020-08-16,3,3,"tabula",FALSE,0,4569,8556
2020-08-17,3,3,"tabula",FALSE,0,4569,8559
2020-08-18,3,6,"tabula",FALSE,3,4572,8565
2020-08-19,10,13,"tabula",FALSE,3,4575,8578
2020-08-20,3,3,"tabula",FALSE,0,4575,8581
2020-08-21,3,5,"tabula",FALSE,2,4577,8586
2020-08-22,3,0,"tabula",FALSE,0,4577,8586
2020-08-23,3,5,"tabula",FALSE,2,4579,8591
2020-08-24,3,3,"tabula",FALSE,0,4579,8594
2020-08-25,3,6,"tabula",FALSE,3,4582,8600
2020-08-26,9,13,"tabula",FALSE,4,4586,8613
2020-08-27,3,3,"tabula",FALSE,0,4586,8616
2020-08-28,3,3,"tabula",FALSE,0,4586,8619
2020-08-29,3,3,"tabula",FALSE,0,4586,8622
2020-08-30,3,3,"tabula",FALSE,0,4586,8625
2020-08-31,3,3,"tabula",FALSE,0,4586,8628
2020-09-01,3,4,"tabula",FALSE,1,4587,8632
2020-09-02,9,13,"tabula",FALSE,4,4591,8645
2020-09-03,3,2,"tabula",FALSE,0,4591,8647
2020-09-04,3,3,"tabula",FALSE,0,4591,8650
2020-09-05,3,3,"tabula",FALSE,0,4591,8653
2020-09-06,3,3,"tabula",FALSE,0,4591,8656
2020-09-07,3,3,"tabula",FALSE,0,4591,8659
2020-09-08,3,3,"tabula",FALSE,0,4591,8662
2020-09-09,9,13,"tabula",FALSE,4,4595,8675
2020-09-10,0,0,"tabula",FALSE,0,4595,8675
2020-09-11,4,4,"tabula",FALSE,0,4595,8679
2020-09-12,3,3,"tabula",FALSE,0,4595,8682
2020-09-13,3,3,"tabula",FALSE,0,4595,8685
2020-09-14,3,3,"tabula",FALSE,0,4595,8688
2020-09-15,4,3,"tabula",FALSE,0,4595,8691
2020-09-16,7,9,"tabula",FALSE,2,4597,8700
2020-09-17,3,3,"tabula",FALSE,0,4597,8703
2020-09-18,3,3,"tabula",FALSE,0,4597,8706
2020-09-19,3,3,"tabula",FALSE,0,4597,8709
2020-09-20,3,3,"tabula",FALSE,0,4597,8712
2020-09-21,3,3,"tabula",FALSE,0,4597,8715
2020-09-22,3,3,"tabula",FALSE,0,4597,8718
2020-09-23,9,13,"tabula",FALSE,4,4601,8731
2020-09-24,0,0,"tabula",FALSE,0,4601,8731
2020-09-25,3,3,"tabula",FALSE,0,4601,8734
2020-09-26,3,3,"tabula",FALSE,0,4601,8737
2020-09-27,3,3,"tabula",FALSE,0,4601,8740
2020-09-28,3,3,"tabula",FALSE,0,4601,8743
2020-09-29,3,3,"tabula",FALSE,0,4601,8746
2020-09-30,9,3,"tabula",FALSE,0,4601,8749
2020-10-01,4,13,"tabula",FALSE,9,4610,8762
2020-10-02,4,5,"tabula",FALSE,1,4611,8767
2020-10-03,6,4,"tabula",FALSE,0,4611,8771
2020-10-04,3,3,"tabula",FALSE,0,4611,8774
2020-10-05,3,3,"tabula",FALSE,0,4611,8777
2020-10-06,3,3,"tabula",FALSE,0,4611,8780
2020-10-07,6,5,"tabula",FALSE,0,4611,8785
2020-10-08,3,3,"tabula",FALSE,0,4611,8788
2020-10-09,3,3,"tabula",FALSE,0,4611,8791
2020-10-10,3,3,"tabula",FALSE,0,4611,8794
2020-10-11,3,3,"tabula",FALSE,0,4611,8797
2020-10-12,3,3,"tabula",FALSE,0,4611,8800
2020-10-13,3,3,"tabula",FALSE,0,4611,8803
2020-10-14,9,13,"tabula",FALSE,4,4615,8816
2020-10-15,3,3,"tabula",FALSE,0,4615,8819
2020-10-16,3,3,"tabula",FALSE,0,4615,8822
2020-10-17,0,0,"tabula",FALSE,0,4615,8822
2020-10-18,3,3,"tabula",FALSE,0,4615,8825
2020-10-19,3,3,"tabula",FALSE,0,4615,8828
2020-10-20,3,3,"tabula",FALSE,0,4615,8831
2020-10-21,9,13,"tabula",FALSE,4,4619,8844
2020-10-22,3,3,"tabula",FALSE,0,4619,8847
2020-10-23,3,3,"tabula",FALSE,0,4619,8850
2020-10-24,4,3,"tabula",FALSE,0,4619,8853
2020-10-25,3,3,"tabula",FALSE,0,4619,8856
2020-10-26,3,3,"tabula",FALSE,0,4619,8859
2020-10-27,3,3,"tabula",FALSE,0,4619,8862
2020-10-28,6,8,"tabula",FALSE,2,4621,8870
2020-10-29,3,3,"tabula",FALSE,0,4621,8873
2020-10-30,0,0,"tabula",FALSE,0,4621,8873
2020-10-31,3,3,"tabula",FALSE,0,4621,8876
2020-11-01,4,3,"tabula",FALSE,0,4621,8879
2020-11-02,1,1,"tabula",FALSE,0,4621,8880
2020-11-03,3,4,"tabula",FALSE,1,4622,8884
2020-11-04,4,5,"tabula",FALSE,1,4623,8889
2020-11-05,3,4,"tabula",FALSE,1,4624,8893
2020-11-06,5,3,"tabula",FALSE,0,4624,8896
2020-11-07,4,3,"tabula",FALSE,0,4624,8899
2020-11-08,3,3,"tabula",FALSE,0,4624,8902
2020-11-09,3,3,"tabula",FALSE,0,4624,8905
2020-11-10,3,3,"tabula",FALSE,0,4624,8908
2020-11-11,9,13,"tabula",FALSE,4,4628,8921
2020-11-12,3,3,"tabula",FALSE,0,4628,8924
2020-11-13,3,3,"tabula",FALSE,0,4628,8927
2020-11-14,3,3,"tabula",FALSE,0,4628,8930
2020-11-15,3,3,"tabula",FALSE,0,4628,8933
2020-11-16,3,3,"tabula",FALSE,0,4628,8936
2020-11-17,9,3,"tabula",FALSE,0,4628,8939
2020-11-18,13,20,"tabula",FALSE,7,4635,8959
2020-11-19,4,3,"tabula",FALSE,0,4635,8962
2020-11-20,3,4,"tabula",FALSE,1,4636,8966
2020-11-21,5,4,"tabula",FALSE,0,4636,8970
2020-11-22,6,4,"tabula",FALSE,0,4636,8974
2020-11-23,3,4,"tabula",FALSE,1,4637,8978
2020-11-24,4,3,"tabula",FALSE,0,4637,8981
2020-11-25,8,12,"tabula",FALSE,4,4641,8993
2020-11-26,1,2,"tabula",FALSE,1,4642,8995
2020-11-27,3,3,"tabula",FALSE,0,4642,8998
2020-11-28,3,4,"tabula",FALSE,1,4643,9002
2020-11-29,3,3,"tabula",FALSE,0,4643,9005
2020-11-30,4,3,"tabula",FALSE,0,4643,9008
2020-12-01,4,3,"tabula",FALSE,0,4643,9011
2020-12-02,10,13,"tabula",FALSE,3,4646,9024
2020-12-03,3,3,"tabula",FALSE,0,4646,9027
2020-12-04,3,3,"tabula",FALSE,0,4646,9030
2020-12-05,3,3,"tabula",FALSE,0,4646,9033
2020-12-06,3,3,"tabula",FALSE,0,4646,9036
2020-12-07,4,3,"tabula",FALSE,0,4646,9039
2020-12-08,0,0,"tabula",FALSE,0,4646,9039
2020-12-09,9,13,"tabula",FALSE,4,4650,9052
2020-12-10,3,3,"tabula",FALSE,0,4650,9055
2020-12-11,3,3,"tabula",FALSE,0,4650,9058
2020-12-12,3,3,"tabula",FALSE,0,4650,9061
2020-12-13,4,3,"tabula",FALSE,0,4650,9064
2020-12-14,4,4,"tabula",FALSE,0,4650,9068
2020-12-15,12,6,"tabula",FALSE,0,4650,9074
2020-12-16,16,20,"tabula",FALSE,4,4654,9094
2020-12-17,3,3,"tabula",FALSE,0,4654,9097
2020-12-18,3,4,"tabula",FALSE,1,4655,9101
2020-12-19,3,3,"tabula",FALSE,0,4655,9104
2020-12-20,4,3,"tabula",FALSE,0,4655,9107
2020-12-21,4,3,"tabula",FALSE,0,4655,9110
2020-12-22,4,3,"tabula",FALSE,0,4655,9113
2020-12-23,9,13,"tabula",FALSE,4,4659,9126
2020-12-24,3,3,"tabula",FALSE,0,4659,9129
2020-12-25,3,3,"tabula",FALSE,0,4659,9132
2020-12-26,3,3,"tabula",FALSE,0,4659,9135
2020-12-27,3,3,"tabula",FALSE,0,4659,9138
2020-12-28,4,3,"tabula",FALSE,0,4659,9141
2020-12-29,4,4,"tabula",FALSE,0,4659,9145
2020-12-30,9,14,"tabula",FALSE,5,4664,9159
2020-12-31,4,3,"tabula",FALSE,0,4664,9162
2021-01-01,3,1,"tabula",FALSE,0,4664,9163
2021-01-02,4,3,"tabula",FALSE,0,4664,9166
2021-01-03,4,3,"tabula",FALSE,0,4664,9169
2021-01-04,5,3,"tabula",FALSE,0,4664,9172
2021-01-05,3,4,"tabula",FALSE,1,4665,9176
2021-01-06,9,13,"tabula",FALSE,4,4669,9189
2021-01-07,4,3,"tabula",FALSE,0,4669,9192
2021-01-08,3,4,"tabula",FALSE,1,4670,9196
2021-01-09,3,4,"tabula",FALSE,1,4671,9200
2021-01-10,3,3,"tabula",FALSE,0,4671,9203
2021-01-11,3,3,"tabula",FALSE,0,4671,9206
2021-01-12,3,3,"tabula",FALSE,0,4671,9209
2021-01-13,11,13,"tabula",FALSE,2,4673,9222
2021-01-14,4,3,"tabula",FALSE,0,4673,9225
2021-01-15,3,3,"tabula",FALSE,0,4673,9228
2021-01-16,3,3,"tabula",FALSE,0,4673,9231
2021-01-17,3,3,"tabula",FALSE,0,4673,9234
2021-01-18,3,3,"tabula",FALSE,0,4673,9237
2021-01-19,3,3,"tabula",FALSE,0,4673,9240
2021-01-20,7,8,"tabula",FALSE,1,4674,9248
2021-01-21,3,3,"tabula",FALSE,0,4674,9251
2021-01-22,0,0,"tabula",FALSE,0,4674,9251
2021-01-23,3,3,"tabula",FALSE,0,4674,9254
2021-01-24,0,0,"tabula",FALSE,0,4674,9254
2021-01-25,3,3,"tabula",FALSE,0,4674,9257
2021-01-26,0,0,"tabula",FALSE,0,4674,9257
2021-01-27,7,8,"tabula",FALSE,1,4675,9265
2021-01-28,0,0,"tabula",FALSE,0,4675,9265
2021-01-29,4,3,"tabula",FALSE,0,4675,9268
2021-01-30,4,3,"tabula",FALSE,0,4675,9271
2021-01-31,3,3,"tabula",FALSE,0,4675,9274
2021-02-01,3,3,"tabula",FALSE,0,4675,9277
2021-02-02,4,3,"tabula",FALSE,0,4675,9280
2021-02-03,7,8,"tabula",FALSE,1,4676,9288
2021-02-04,3,3,"tabula",FALSE,0,4676,9291
2021-02-05,0,0,"tabula",FALSE,0,4676,9291
2021-02-06,4,4,"tabula",FALSE,0,4676,9295
2021-02-07,6,5,"tabula",FALSE,0,4676,9300
2021-02-08,5,4,"tabula",FALSE,0,4676,9304
2021-02-09,5,4,"tabula",FALSE,0,4676,9308
2021-02-10,10,13,"tabula",FALSE,3,4679,9321
2021-02-11,4,4,"tabula",FALSE,0,4679,9325
2021-02-12,3,6,"tabula",FALSE,3,4682,9331
2021-02-13,4,3,"tabula",FALSE,0,4682,9334
2021-02-14,1,1,"tabula",FALSE,0,4682,9335
2021-02-15,4,5,"tabula",FALSE,1,4683,9340
2021-02-16,2,1,"tabula",FALSE,0,4683,9341
2021-02-17,11,13,"tabula",FALSE,2,4685,9354
2021-02-18,6,3,"tabula",FALSE,0,4685,9357
2021-02-19,4,5,"tabula",FALSE,1,4686,9362
2021-02-20,4,4,"tabula",FALSE,0,4686,9366
2021-02-21,3,6,"tabula",FALSE,3,4689,9372
2021-02-22,3,3,"tabula",FALSE,0,4689,9375
2021-02-23,0,3,"tabula",FALSE,3,4692,9378
2021-02-24,11,13,"tabula",FALSE,2,4694,9391
2021-02-25,7,3,"tabula",FALSE,0,4694,9394
2021-02-26,8,5,"tabula",FALSE,0,4694,9399
2021-02-27,3,3,"tabula",FALSE,0,4694,9402
2021-02-28,4,4,"tabula",FALSE,0,4694,9406
2021-03-01,3,3,"tabula",FALSE,0,4694,9409
2021-03-02,3,4,"tabula",FALSE,1,4695,9413
2021-03-03,9,13,"tabula",FALSE,4,4699,9426
2021-03-04,3,3,"tabula",FALSE,0,4699,9429
2021-03-05,4,1,"tabula",FALSE,0,4699,9430
2021-03-06,3,3,"tabula",FALSE,0,4699,9433
2021-03-07,4,3,"tabula",FALSE,0,4699,9436
2021-03-08,4,3,"tabula",FALSE,0,4699,9439
2021-03-09,4,3,"tabula",FALSE,0,4699,9442
2021-03-10,11,14,"tabula",FALSE,3,4702,9456
2021-03-11,3,3,"tabula",FALSE,0,4702,9459
2021-03-12,3,3,"tabula",FALSE,0,4702,9462
2021-03-13,3,3,"tabula",FALSE,0,4702,9465
2021-03-14,3,3,"tabula",FALSE,0,4702,9468
2021-03-15,3,3,"tabula",FALSE,0,4702,9471
2021-03-16,3,3,"tabula",FALSE,0,4702,9474
2021-03-17,7,8,"tabula",FALSE,1,4703,9482
2021-03-18,4,4,"tabula",FALSE,0,4703,9486
2021-03-19,0,1,"tabula",FALSE,1,4704,9487
2021-03-20,3,3,"tabula",FALSE,0,4704,9490
2021-03-21,0,0,"tabula",FALSE,0,4704,9490
2021-03-22,3,3,"tabula",FALSE,0,4704,9493
2021-03-23,0,0,"tabula",FALSE,0,4704,9493
2021-03-24,9,13,"tabula",FALSE,4,4708,9506
2021-03-25,0,0,"tabula",FALSE,0,4708,9506
2021-03-26,3,3,"tabula",FALSE,0,4708,9509
2021-03-27,0,0,"tabula",FALSE,0,4708,9509
2021-03-28,3,3,"tabula",FALSE,0,4708,9512
2021-03-29,0,0,"tabula",FALSE,0,4708,9512
2021-03-30,3,3,"tabula",FALSE,0,4708,9515
2021-03-31,4,10,"tabula",FALSE,6,4714,9525
2021-04-01,3,3,"tabula",FALSE,0,4714,9528
2021-04-02,0,0,"tabula",FALSE,0,4714,9528
2021-04-03,3,3,"tabula",FALSE,0,4714,9531
2021-04-04,0,0,"tabula",FALSE,0,4714,9531
2021-04-05,3,4,"tabula",FALSE,1,4715,9535
2021-04-06,0,0,"tabula",FALSE,0,4715,9535
2021-04-07,9,13,"tabula",FALSE,4,4719,9548
2021-04-08,3,3,"tabula",FALSE,0,4719,9551
2021-04-09,0,0,"tabula",FALSE,0,4719,9551
2021-04-10,5,6,"tabula",FALSE,1,4720,9557
2021-04-11,3,2,"tabula",FALSE,0,4720,9559
2021-04-12,5,3,"tabula",FALSE,0,4720,9562
2021-04-13,0,0,"tabula",FALSE,0,4720,9562
2021-04-14,6,8,"tabula",FALSE,2,4722,9570
2021-04-15,0,0,"tabula",FALSE,0,4722,9570
2021-04-16,3,3,"tabula",FALSE,0,4722,9573
2021-04-17,2,1,"tabula",FALSE,0,4722,9574
2021-04-18,3,3,"tabula",FALSE,0,4722,9577
2021-04-19,0,0,"tabula",FALSE,0,4722,9577
2021-04-20,4,4,"tabula",FALSE,0,4722,9581
2021-04-21,5,7,"tabula",FALSE,2,4724,9588
2021-04-22,3,4,"tabula",FALSE,1,4725,9592
2021-04-23,1,1,"tabula",FALSE,0,4725,9593
2021-04-24,3,5,"tabula",FALSE,2,4727,9598
2021-04-25,0,0,"tabula",FALSE,0,4727,9598
2021-04-26,6,3,"tabula",FALSE,0,4727,9601
2021-04-27,1,0,"tabula",FALSE,0,4727,9601
2021-04-28,6,8,"tabula",FALSE,2,4729,9609
2021-04-29,0,1,"tabula",FALSE,1,4730,9610
2021-04-30,0,1,"tabula",FALSE,1,4731,9611
2021-05-01,4,4,"tabula",FALSE,0,4731,9615
2021-05-02,1,1,"tabula",FALSE,0,4731,9616
2021-05-03,4,3,"tabula",FALSE,0,4731,9619
2021-05-04,1,1,"tabula",FALSE,0,4731,9620
2021-05-05,4,5,"tabula",FALSE,1,4732,9625
2021-05-06,3,3,"tabula",FALSE,0,4732,9628
2021-05-07,0,0,"tabula",FALSE,0,4732,9628
2021-05-08,3,3,"tabula",FALSE,0,4732,9631
2021-05-09,0,0,"tabula",FALSE,0,4732,9631
2021-05-10,3,3,"tabula",FALSE,0,4732,9634
2021-05-11,0,10,"tabula",TRUE,1,4733,9644
2021-05-12,10,28,"tabula",FALSE,1,4734,9672
2021-05-13,0,11,"tabula",FALSE,11,4745,9683
2021-05-14,3,49,"tabula",FALSE,46,4791,9732
2021-05-15,1,6,"tabula",FALSE,5,4796,9738
2021-05-16,4,33,"tabula",FALSE,29,4825,9771
2021-05-17,1,10,"tabula",FALSE,9,4834,9781
2021-05-18,7,47,"tabula",FALSE,40,4874,9828
2021-05-19,5,26,"tabula",FALSE,21,4895,9854
2021-05-20,5,41,"tabula",FALSE,36,4931,9895
2021-05-21,2,17,"tabula",FALSE,15,4946,9912
2021-05-22,3,29,"tabula",FALSE,26,4972,9941
2021-05-23,0,11,"tabula",FALSE,11,4983,9952
2021-05-24,0,16,"tabula",FALSE,16,4999,9968
2021-05-25,3,40,"tabula",TRUE,1,5000,10008
2021-05-26,5,34,"tabula",FALSE,1,5001,10042
2021-05-27,0,16,"tabula",FALSE,16,5017,10058
2021-05-28,3,33,"tabula",FALSE,30,5047,10091
2021-05-29,0,3,"tabula",FALSE,3,5050,10094
2021-05-30,3,32,"tabula",FALSE,29,5079,10126
2021-05-31,0,10,"tabula",FALSE,10,5089,10136
2021-06-01,3,39,"tabula",FALSE,36,5125,10175
2021-06-02,4,17,"tabula",FALSE,13,5138,10192
2021-06-03,3,38,"tabula",FALSE,35,5173,10230
2021-06-04,0,4,"tabula",FALSE,4,5177,10234
2021-06-05,0,2,"tabula",FALSE,2,5179,10236
2021-06-06,3,32,"tabula",FALSE,29,5208,10268
2021-06-07,0,9,"tabula",FALSE,9,5217,10277
2021-06-08,5,41,"tabula",FALSE,36,5253,10318
2021-06-09,6,20,"tabula",FALSE,14,5267,10338
2021-06-10,1,10,"tabula",FALSE,9,5276,10348
2021-06-11,3,27,"tabula",FALSE,24,5300,10375
2021-06-12,0,6,"tabula",FALSE,6,5306,10381
2021-06-13,4,26,"tabula",FALSE,22,5328,10407
2021-06-14,0,5,"tabula",FALSE,5,5333,10412
2021-06-15,0,6,"tabula",FALSE,6,5339,10418
2021-06-16,6,32,"tabula",FALSE,26,5365,10450
2021-06-17,0,13,"tabula",FALSE,13,5378,10463
2021-06-18,3,25,"tabula",FALSE,22,5400,10488
2021-06-19,0,3,"tabula",FALSE,3,5403,10491
2021-06-20,3,22,"tabula",FALSE,19,5422,10513
2021-06-21,0,9,"tabula",FALSE,9,5431,10522
2021-06-22,7,29,"tabula",FALSE,22,5453,10551
2021-06-23,5,19,"tabula",FALSE,14,5467,10570
2021-06-24,3,23,"tabula",FALSE,20,5487,10593
2021-06-25,0,5,"tabula",FALSE,5,5492,10598
2021-06-26,3,20,"tabula",FALSE,17,5509,10618
2021-06-27,0,5,"tabula",FALSE,5,5514,10623
2021-06-28,3,40,"tabula",FALSE,37,5551,10663
2021-06-29,0,6,"tabula",FALSE,6,5557,10669
2021-06-30,6,34,"tabula",FALSE,28,5585,10703
2021-07-01,0,13,"tabula",FALSE,13,5598,10716
2021-07-02,3,23,"tabula",FALSE,20,5618,10739
2021-07-03,3,19,"tabula",FALSE,16,5634,10758
2021-07-04,0,4,"tabula",FALSE,4,5638,10762
2021-07-05,3,23,"tabula",FALSE,20,5658,10785
2021-07-06,4,22,"tabula",FALSE,18,5676,10807
2021-07-07,6,22,"tabula",FALSE,16,5692,10829
2021-07-08,4,26,"tabula",FALSE,22,5714,10855
2021-07-09,1,7,"tabula",FALSE,6,5720,10862
2021-07-10,4,18,"tabula",FALSE,14,5734,10880
2021-07-11,0,5,"tabula",FALSE,5,5739,10885
2021-07-12,3,27,"tabula",FALSE,24,5763,10912
2021-07-13,1,10,"tabula",FALSE,9,5772,10922
2021-07-14,12,35,"tabula",FALSE,23,5795,10957
2021-07-15,2,9,"tabula",FALSE,7,5802,10966
2021-07-16,4,22,"tabula",FALSE,18,5820,10988
2021-07-17,0,13,"tabula",FALSE,13,5833,11001
2021-07-18,3,17,"tabula",FALSE,14,5847,11018
2021-07-19,1,7,"tabula",FALSE,6,5853,11025
2021-07-20,3,27,"tabula",FALSE,24,5877,11052
2021-07-21,7,22,"tabula",FALSE,15,5892,11074
2021-07-22,5,32,"tabula",FALSE,27,5919,11106
2021-07-23,1,5,"tabula",FALSE,4,5923,11111
2021-07-24,3,22,"tabula",FALSE,19,5942,11133
2021-07-25,0,2,"tabula",FALSE,2,5944,11135
2021-07-26,3,25,"tabula",FALSE,22,5966,11160
2021-07-27,0,7,"tabula",FALSE,7,5973,11167
2021-07-28,9,38,"tabula",FALSE,29,6002,11205
2021-07-29,0,4,"tabula",FALSE,4,6006,11209
2021-07-30,3,25,"tabula",FALSE,22,6028,11234
2021-07-31,0,2,"tabula",FALSE,2,6030,11236
2021-08-01,3,24,"tabula",FALSE,21,6051,11260
2021-08-02,1,7,"tabula",FALSE,6,6057,11267
2021-08-03,3,32,"tabula",FALSE,29,6086,11299
2021-08-04,4,110,"tabula",FALSE,106,6192,11409
2021-08-05,3,29,"tabula",FALSE,26,6218,11438
2021-08-06,0,9,"tabula",FALSE,9,6227,11447
2021-08-07,3,18,"tabula",FALSE,15,6242,11465
2021-08-08,0,7,"tabula",FALSE,7,6249,11472
2021-08-09,8,32,"tabula",FALSE,24,6273,11504
2021-08-10,2,6,"tabula",FALSE,4,6277,11510
2021-08-11,9,34,"tabula",FALSE,25,6302,11544
2021-08-12,0,19,"tabula",FALSE,19,6321,11563
2021-08-13,3,20,"tabula",FALSE,17,6338,11583
2021-08-14,0,10,"tabula",FALSE,10,6348,11593
2021-08-15,3,17,"tabula",FALSE,14,6362,11610
2021-08-16,0,10,"tabula",FALSE,10,6372,11620
2021-08-17,0,9,"tabula",FALSE,9,6381,11629
2021-08-18,4,18,"tabula",FALSE,14,6395,11647
2021-08-19,4,30,"tabula",FALSE,26,6421,11677
2021-08-20,0,9,"tabula",FALSE,9,6430,11686
2021-08-21,0,5,"tabula",FALSE,5,6435,11691
2021-08-22,0,7,"tabula",FALSE,7,6442,11698
2021-08-23,4,28,"tabula",FALSE,24,6466,11726
2021-08-24,0,5,"tabula",FALSE,5,6471,11731
2021-08-25,7,34,"tabula",FALSE,27,6498,11765
2021-08-26,0,11,"tabula",FALSE,11,6509,11776
2021-08-27,0,10,"tabula",FALSE,10,6519,11786
2021-08-28,3,19,"tabula",FALSE,16,6535,11805
2021-08-29,1,4,"tabula",FALSE,3,6538,11809
2021-08-30,1,13,"tabula",FALSE,12,6550,11822
2021-08-31,4,31,"tabula",FALSE,27,6577,11853
2021-09-01,6,22,"tabula",FALSE,16,6593,11875
2021-09-02,0,4,"tabula",FALSE,4,6597,11879
2021-09-03,3,29,"tabula",FALSE,26,6623,11908
2021-09-04,0,1,"tabula",FALSE,1,6624,11909
2021-09-05,1,2,"tabula",FALSE,1,6625,11911
2021-09-06,3,25,"tabula",FALSE,22,6647,11936
2021-09-07,2,8,"tabula",FALSE,6,6653,11944
2021-09-08,4,23,"tabula",FALSE,19,6672,11967
2021-09-09,0,10,"tabula",FALSE,10,6682,11977
2021-09-10,3,32,"tabula",FALSE,29,6711,12009
2021-09-11,2,3,"tabula",FALSE,1,6712,12012
2021-09-12,6,19,"tabula",FALSE,13,6725,12031
2021-09-13,1,6,"tabula",FALSE,5,6730,12037
2021-09-14,3,19,"tabula",FALSE,16,6746,12056
2021-09-15,3,19,"tabula",FALSE,16,6762,12075
2021-09-16,5,19,"tabula",FALSE,14,6776,12094
2021-09-17,0,4,"tabula",FALSE,4,6780,12098
2021-09-18,3,16,"tabula",FALSE,13,6793,12114
2021-09-19,0,1,"tabula",FALSE,1,6794,12115
2021-09-20,3,20,"tabula",FALSE,17,6811,12135
2021-09-21,0,2,"tabula",FALSE,2,6813,12137
2021-09-22,7,28,"tabula",FALSE,21,6834,12165
2021-09-23,0,7,"tabula",FALSE,7,6841,12172
2021-09-24,3,24,"tabula",FALSE,21,6862,12196
2021-09-25,0,2,"tabula",FALSE,2,6864,12198
2021-09-26,3,18,"tabula",FALSE,15,6879,12216
2021-09-27,0,13,"tabula",FALSE,13,6892,12229
2021-09-28,3,32,"tabula",FALSE,29,6921,12261
2021-09-29,3,21,"tabula",FALSE,18,6939,12282
2021-09-30,3,23,"tabula",FALSE,20,6959,12305
2021-10-01,0,19,"tabula",FALSE,19,6978,12324
2021-10-02,3,22,"tabula",FALSE,19,6997,12346
2021-10-03,0,3,"tabula",FALSE,3,7000,12349
2021-10-04,3,30,"tabula",FALSE,27,7027,12379
2021-10-05,4,36,"tabula",FALSE,32,7059,12415
2021-10-06,3,23,"tabula",FALSE,20,7079,12438
2021-10-07,3,21,"tabula",FALSE,18,7097,12459
2021-10-08,0,13,"tabula",FALSE,13,7110,12472
2021-10-09,3,19,"tabula",FALSE,16,7126,12491
2021-10-10,0,6,"tabula",FALSE,6,7132,12497
2021-10-11,4,28,"tabula",FALSE,24,7156,12525
2021-10-12,0,3,"tabula",FALSE,3,7159,12528
2021-10-13,6,31,"tabula",FALSE,25,7184,12559
2021-10-14,0,4,"tabula",FALSE,4,7188,12563
2021-10-15,3,21,"tabula",FALSE,18,7206,12584
2021-10-16,0,2,"tabula",FALSE,2,7208,12586
2021-10-17,4,22,"tabula",FALSE,18,7226,12608
2021-10-18,0,9,"tabula",FALSE,9,7235,12617
2021-10-19,4,24,"tabula",FALSE,20,7255,12641
2021-10-20,6,21,"tabula",FALSE,15,7270,12662
2021-10-21,3,22,"tabula",FALSE,19,7289,12684
2021-10-22,0,5,"tabula",FALSE,5,7294,12689
2021-10-23,3,20,"tabula",FALSE,17,7311,12709
2021-10-24,0,8,"tabula",FALSE,8,7319,12717
2021-10-25,4,26,"tabula",FALSE,22,7341,12743
2021-10-26,0,34,"tabula",FALSE,34,7375,12777
2021-10-27,6,85,"tabula",FALSE,79,7454,12862
2021-10-28,0,21,"tabula",FALSE,21,7475,12883
2021-10-29,3,26,"tabula",FALSE,23,7498,12909
2021-10-30,0,5,"tabula",FALSE,5,7503,12914
2021-10-31,3,21,"tabula",FALSE,18,7521,12935
2021-11-01,0,31,"tabula",FALSE,31,7552,12966
2021-11-02,3,43,"tabula",FALSE,40,7592,13009
2021-11-03,3,21,"tabula",FALSE,18,7610,13030
2021-11-04,4,42,"tabula",FALSE,38,7648,13072
2021-11-05,0,16,"tabula",FALSE,16,7664,13088
2021-11-06,0,23,"tabula",FALSE,23,7687,13111
2021-11-07,4,35,"tabula",FALSE,31,7718,13146
2021-11-08,0,69,"tabula",FALSE,69,7787,13215
2021-11-09,3,52,"tabula",FALSE,49,7836,13267
2021-11-10,0,81,"tabula",FALSE,81,7917,13348
2021-11-11,3,50,"tabula",FALSE,47,7964,13398
2021-11-12,0,23,"tabula",FALSE,23,7987,13421
2021-11-13,3,38,"tabula",FALSE,35,8022,13459
2021-11-14,0,11,"tabula",FALSE,11,8033,13470
2021-11-15,3,22,"tabula",FALSE,19,8052,13492
2021-11-16,0,17,"tabula",FALSE,17,8069,13509
2021-11-17,3,38,"tabula",FALSE,35,8104,13547
2021-11-18,0,18,"tabula",FALSE,18,8122,13565
2021-11-19,3,25,"tabula",FALSE,22,8144,13590
2021-11-20,0,8,"tabula",FALSE,8,8152,13598
2021-11-21,14,49,"tabula",FALSE,35,8187,13647
2021-11-22,0,13,"tabula",FALSE,13,8200,13660
2021-11-23,3,26,"tabula",FALSE,23,8223,13686
2021-11-24,3,19,"tabula",FALSE,16,8239,13705
2021-11-25,3,23,"tabula",FALSE,20,8259,13728
2021-11-26,0,3,"tabula",FALSE,3,8262,13731
2021-11-27,3,17,"tabula",FALSE,14,8276,13748
2021-11-28,0,7,"tabula",FALSE,7,8283,13755
2021-11-29,4,29,"tabula",FALSE,25,8308,13784
2021-11-30,0,15,"tabula",FALSE,15,8323,13799
2021-12-01,6,32,"tabula",FALSE,26,8349,13831
2021-12-02,0,14,"tabula",FALSE,14,8363,13845
2021-12-03,3,21,"tabula",FALSE,18,8381,13866
2021-12-04,0,9,"tabula",FALSE,9,8390,13875
2021-12-05,0,6,"tabula",FALSE,6,8396,13881
2021-12-06,3,22,"tabula",FALSE,19,8415,13903
2021-12-07,0,7,"tabula",FALSE,7,8422,13910
2021-12-08,7,25,"tabula",FALSE,18,8440,13935
2021-12-09,4,23,"tabula",FALSE,19,8459,13958
2021-12-10,0,7,"tabula",FALSE,7,8466,13965
2021-12-11,3,16,"tabula",FALSE,13,8479,13981
2021-12-12,0,4,"tabula",FALSE,4,8483,13985
2021-12-13,4,25,"tabula",FALSE,21,8504,14010
2021-12-14,3,14,"tabula",FALSE,11,8515,14024
2021-12-15,8,35,"tabula",FALSE,27,8542,14059
2021-12-16,1,5,"tabula",FALSE,4,8546,14064
2021-12-17,4,20,"tabula",FALSE,16,8562,14084
2021-12-18,1,8,"tabula",FALSE,7,8569,14092
2021-12-19,3,18,"tabula",FALSE,15,8584,14110
2021-12-20,0,9,"tabula",FALSE,9,8593,14119
2021-12-21,3,23,"tabula",FALSE,20,8613,14142
2021-12-22,4,24,"tabula",FALSE,20,8633,14166
2021-12-23,0,4,"tabula",FALSE,4,8637,14170
2021-12-24,3,39,"tabula",FALSE,36,8673,14209
2021-12-25,1,2,"tabula",FALSE,1,8674,14211
2021-12-26,4,22,"tabula",FALSE,18,8692,14233
2021-12-27,0,4,"tabula",FALSE,4,8696,14237
2021-12-28,4,23,"tabula",FALSE,19,8715,14260
2021-12-29,4,16,"tabula",FALSE,12,8727,14276
2021-12-30,3,20,"tabula",FALSE,17,8744,14296
2021-12-31,0,7,"tabula",FALSE,7,8751,14303
2022-01-01,0,1,"tabula",FALSE,1,8752,14304
2022-01-02,0,5,"tabula",FALSE,5,8757,14309
2022-01-03,0,3,"tabula",FALSE,3,8760,14312
2022-01-04,0,7,"tabula",FALSE,7,8767,14319
2022-01-05,3,19,"tabula",FALSE,16,8783,14338
2022-01-06,0,6,"tabula",FALSE,6,8789,14344
2022-01-07,0,4,"tabula",FALSE,4,8793,14348
2022-01-08,0,4,"tabula",FALSE,4,8797,14352
2022-01-09,0,10,"tabula",FALSE,10,8807,14362
2022-01-10,0,4,"tabula",FALSE,4,8811,14366
2022-01-11,3,16,"tabula",FALSE,13,8824,14382
2022-01-12,3,18,"tabula",FALSE,15,8839,14400
2022-01-13,3,32,"tabula",FALSE,29,8868,14432
2022-01-14,0,13,"tabula",FALSE,13,8881,14445
2022-01-15,3,22,"tabula",FALSE,19,8900,14467
2022-01-16,0,5,"tabula",FALSE,5,8905,14472
2022-01-17,0,5,"tabula",FALSE,5,8910,14477
2022-01-18,0,12,"tabula",FALSE,12,8922,14489
2022-01-19,0,14,"tabula",FALSE,14,8936,14503
2022-01-20,3,14,"tabula",FALSE,11,8947,14517
2022-01-21,1,8,"tabula",FALSE,7,8954,14525
2022-01-22,3,18,"tabula",FALSE,15,8969,14543
2022-01-23,0,4,"tabula",FALSE,4,8973,14547
2022-01-24,3,27,"tabula",FALSE,24,8997,14574
2022-01-25,0,3,"tabula",FALSE,3,9000,14577
2022-01-26,0,8,"tabula",FALSE,8,9008,14585
2022-01-27,0,3,"tabula",FALSE,3,9011,14588
2022-01-28,3,20,"tabula",FALSE,17,9028,14608
2022-01-29,0,6,"tabula",FALSE,6,9034,14614
2022-01-30,3,19,"tabula",FALSE,16,9050,14633
2022-01-31,0,7,"tabula",FALSE,7,9057,14640
2022-02-01,3,23,"tabula",FALSE,20,9077,14663
2022-02-02,0,16,"tabula",FALSE,16,9093,14679
2022-02-03,0,8,"tabula",FALSE,8,9101,14687
2022-02-04,0,7,"tabula",FALSE,7,9108,14694
2022-02-05,0,5,"tabula",FALSE,5,9113,14699
2022-02-06,3,19,"tabula",FALSE,16,9129,14718
2022-02-07,0,9,"tabula",FALSE,9,9138,14727
2022-02-08,13,48,"tabula",FALSE,35,9173,14775
2022-02-09,6,23,"tabula",FALSE,17,9190,14798
2022-02-10,3,22,"tabula",FALSE,19,9209,14820
2022-02-11,0,10,"tabula",FALSE,10,9219,14830
2022-02-12,3,18,"tabula",FALSE,15,9234,14848
2022-02-13,0,3,"tabula",FALSE,3,9237,14851
2022-02-14,3,19,"tabula",FALSE,16,9253,14870
2022-02-15,0,8,"tabula",FALSE,8,9261,14878
2022-02-16,9,36,"tabula",FALSE,27,9288,14914
2022-02-17,0,9,"tabula",FALSE,9,9297,14923
2022-02-18,3,22,"tabula",FALSE,19,9316,14945
2022-02-19,0,4,"tabula",FALSE,4,9320,14949
2022-02-20,0,3,"tabula",FALSE,3,9323,14952
2022-02-21,3,21,"tabula",FALSE,18,9341,14973
2022-02-22,0,2,"tabula",FALSE,2,9343,14975
2022-02-23,11,41,"tabula",FALSE,30,9373,15016
2022-02-24,0,8,"tabula",FALSE,8,9381,15024
2022-02-25,3,18,"tabula",FALSE,15,9396,15042
2022-02-26,0,2,"tabula",FALSE,2,9398,15044
2022-02-27,4,20,"tabula",FALSE,16,9414,15064
2022-02-28,0,7,"tabula",FALSE,7,9421,15071
2022-03-01,3,43,"tabula",FALSE,40,9461,15114
2022-03-02,3,52,"tabula",FALSE,49,9510,15166
2022-03-03,3,46,"tabula",FALSE,43,9553,15212
2022-03-04,0,57,"tabula",FALSE,57,9610,15269
2022-03-05,3,20,"tabula",FALSE,17,9627,15289
2022-03-06,0,7,"tabula",FALSE,7,9634,15296
2022-03-07,3,33,"tabula",FALSE,30,9664,15329
2022-03-08,2,27,"tabula",FALSE,25,9689,15356
2022-03-09,10,59,"tabula",FALSE,49,9738,15415
2022-03-10,0,19,"tabula",FALSE,19,9757,15434
2022-03-11,1,59,"tabula",FALSE,58,9815,15493
2022-03-12,0,11,"tabula",FALSE,11,9826,15504
2022-03-13,3,17,"tabula",FALSE,14,9840,15521
2022-03-14,0,37,"tabula",FALSE,37,9877,15558
2022-03-15,3,47,"tabula",FALSE,44,9921,15605
2022-03-16,4,58,"tabula",FALSE,54,9975,15663
2022-03-17,3,30,"tabula",FALSE,27,10002,15693
2022-03-18,0,13,"tabula",FALSE,13,10015,15706
2022-03-19,3,19,"tabula",FALSE,16,10031,15725
2022-03-20,0,7,"tabula",FALSE,7,10038,15732
2022-03-21,4,26,"tabula",FALSE,22,10060,15758
2022-03-22,0,15,"tabula",FALSE,15,10075,15773
2022-03-23,9,52,"tabula",FALSE,43,10118,15825
2022-03-24,0,20,"tabula",FALSE,20,10138,15845
2022-03-25,3,44,"tabula",FALSE,41,10179,15889
2022-03-26,0,17,"tabula",FALSE,17,10196,15906
2022-03-27,3,20,"tabula",FALSE,17,10213,15926
2022-03-28,0,14,"tabula",FALSE,14,10227,15940
2022-03-29,3,43,"tabula",FALSE,40,10267,15983
2022-03-30,5,46,"tabula",FALSE,41,10308,16029
2022-03-31,3,59,"tabula",FALSE,56,10364,16088
2022-04-01,1,8,"tabula",FALSE,7,10371,16096
2022-04-02,3,33,"tabula",FALSE,30,10401,16129
2022-04-03,0,5,"tabula",FALSE,5,10406,16134
2022-04-04,4,83,"tabula",FALSE,79,10485,16217
2022-04-05,0,68,"tabula",FALSE,68,10553,16285
2022-04-06,10,62,"tabula",FALSE,52,10605,16347
2022-04-07,3,66,"tabula",FALSE,63,10668,16413
2022-04-08,0,39,"tabula",FALSE,39,10707,16452
2022-04-09,0,17,"tabula",FALSE,17,10724,16469
2022-04-10,0,13,"tabula",FALSE,13,10737,16482
2022-04-11,6,51,"tabula",FALSE,45,10782,16533
2022-04-12,0,63,"tabula",FALSE,63,10845,16596
2022-04-13,6,67,"tabula",FALSE,61,10906,16663
2022-04-14,0,14,"tabula",FALSE,14,10920,16677
2022-04-15,0,8,"tabula",FALSE,8,10928,16685
2022-04-16,3,25,"tabula",FALSE,22,10950,16710
2022-04-17,0,6,"tabula",FALSE,6,10956,16716
2022-04-18,3,84,"tabula",FALSE,81,11037,16800
2022-04-19,0,26,"tabula",FALSE,26,11063,16826
2022-04-20,10,72,"tabula",FALSE,62,11125,16898
2022-04-21,0,72,"tabula",FALSE,72,11197,16970
2022-04-22,3,154,"tabula",FALSE,151,11348,17124
2022-04-23,0,5,"tabula",FALSE,5,11353,17129
2022-04-24,0,12,"tabula",FALSE,12,11365,17141
2022-04-25,0,85,"tabula",FALSE,85,11450,17226
2022-04-26,0,83,"tabula",FALSE,83,11533,17309
2022-04-27,9,160,"tabula",FALSE,151,11684,17469
2022-04-28,0,148,"tabula",FALSE,148,11832,17617
2022-04-29,0,142,"tabula",FALSE,142,11974,17759
2022-04-30,3,18,"tabula",FALSE,15,11989,17777
2022-05-01,0,9,"tabula",FALSE,9,11998,17786
2022-05-02,3,54,"tabula",FALSE,51,12049,17840
2022-05-03,0,89,"tabula",FALSE,89,12138,17929
2022-05-04,9,216,"tabula",FALSE,207,12345,18145
2022-05-05,0,29,"tabula",FALSE,29,12374,18174
2022-05-06,4,114,"tabula",FALSE,110,12484,18288
2022-05-07,0,7,"tabula",FALSE,7,12491,18295
2022-05-08,3,21,"tabula",FALSE,18,12509,18316
2022-05-09,0,65,"tabula",FALSE,65,12574,18381
2022-05-10,3,57,"tabula",FALSE,54,12628,18438
2022-05-11,4,82,"tabula",FALSE,78,12706,18520
2022-05-12,3,201,"tabula",FALSE,198,12904,18721
2022-05-13,0,136,"tabula",FALSE,136,13040,18857
2022-05-14,3,22,"tabula",FALSE,19,13059,18879
2022-05-15,0,3,"tabula",FALSE,3,13062,18882
2022-05-16,3,146,"tabula",FALSE,143,13205,19028
2022-05-17,1,71,"tabula",FALSE,70,13275,19099
2022-05-18,4,168,"tabula",FALSE,164,13439,19267
2022-05-19,0,134,"tabula",FALSE,134,13573,19401
2022-05-20,3,99,"tabula",FALSE,96,13669,19500
2022-05-21,0,2,"tabula",FALSE,2,13671,19502
2022-05-22,3,19,"tabula",FALSE,16,13687,19521
2022-05-23,0,43,"tabula",FALSE,43,13730,19564
2022-05-24,0,29,"tabula",FALSE,29,13759,19593
2022-05-25,9,93,"tabula",FALSE,84,13843,19686
2022-05-26,0,94,"tabula",FALSE,94,13937,19780
2022-05-27,3,29,"tabula",FALSE,26,13963,19809
2022-05-28,0,5,"tabula",FALSE,5,13968,19814
2022-05-29,3,19,"tabula",FALSE,16,13984,19833
2022-05-30,0,39,"tabula",FALSE,39,14023,19872
2022-05-31,3,53,"tabula",FALSE,50,14073,19925
2022-06-01,2,132,"tabula",FALSE,130,14203,20057
2022-06-02,3,53,"tabula",FALSE,50,14253,20110
2022-06-03,0,56,"tabula",FALSE,56,14309,20166
2022-06-04,3,56,"tabula",FALSE,53,14362,20222
2022-06-05,0,3,"tabula",FALSE,3,14365,20225
2022-06-06,3,56,"tabula",FALSE,53,14418,20281
2022-06-07,0,34,"tabula",FALSE,34,14452,20315
2022-06-08,10,51,"tabula",FALSE,41,14493,20366
2022-06-09,0,43,"tabula",FALSE,43,14536,20409
2022-06-10,0,34,"tabula",FALSE,34,14570,20443
2022-06-11,3,19,"tabula",FALSE,16,14586,20462
2022-06-12,0,3,"tabula",FALSE,3,14589,20465
2022-06-13,3,34,"tabula",FALSE,31,14620,20499
2022-06-14,4,72,"tabula",FALSE,68,14688,20571
2022-06-15,3,114,"tabula",FALSE,111,14799,20685
2022-06-16,0,28,"tabula",FALSE,28,14827,20713
2022-06-17,0,35,"tabula",FALSE,35,14862,20748
2022-06-18,0,7,"tabula",FALSE,7,14869,20755
2022-06-19,0,6,"tabula",FALSE,6,14875,20761
2022-06-20,0,64,"tabula",FALSE,64,14939,20825
2022-06-21,0,62,"tabula",FALSE,62,15001,20887
2022-06-22,2,113,"tabula",FALSE,111,15112,21000
2022-06-23,0,111,"tabula",TRUE,1,15113,21111
2022-06-24,3,333,"tabula",FALSE,1,15114,21444
2022-06-25,0,5,"tabula",FALSE,5,15119,21449
2022-06-26,0,8,"tabula",FALSE,8,15127,21457
2022-06-27,0,51,"tabula",FALSE,51,15178,21508
2022-06-28,0,887,"tabula",FALSE,887,16065,22395
2022-06-29,3,735,"tabula",FALSE,732,16797,23130
2022-06-30,3,706,"tabula",FALSE,703,17500,23836
2022-07-01,0,802,"tabula",FALSE,802,18302,24638
2022-07-02,0,3,"tabula",FALSE,3,18305,24641
2022-07-03,3,48,"tabula",FALSE,45,18350,24689
2022-07-04,0,732,"tabula",FALSE,732,19082,25421
2022-07-05,0,1067,"tabula",FALSE,1067,20149,26488
2022-07-06,9,455,"tabula",FALSE,446,20595,26943
2022-07-07,0,481,"tabula",FALSE,481,21076,27424
2022-07-08,0,1328,"tabula",FALSE,1328,22404,28752
2022-07-09,3,57,"tabula",FALSE,54,22458,28809
2022-07-10,0,5,"tabula",FALSE,5,22463,28814
2022-07-11,0,38,"tabula",FALSE,38,22501,28852
2022-07-12,3,76,"tabula",FALSE,73,22574,28928
2022-07-13,3,1021,"tabula",FALSE,1018,23592,29949
2022-07-14,0,785,"tabula",FALSE,785,24377,30734
2022-07-15,3,481,"tabula",FALSE,478,24855,31215
2022-07-16,0,16,"tabula",FALSE,16,24871,31231
2022-07-17,0,8,"tabula",FALSE,8,24879,31239
2022-07-18,4,97,"tabula",FALSE,93,24972,31336
2022-07-19,0,101,"tabula",FALSE,101,25073,31437
2022-07-20,2,118,"tabula",FALSE,116,25189,31555
2022-07-21,3,1091,"tabula",FALSE,1088,26277,32646
2022-07-22,0,1038,"tabula",FALSE,1038,27315,33684
2022-07-23,0,138,"tabula",FALSE,138,27453,33822
2022-07-24,3,21,"tabula",FALSE,18,27471,33843
2022-07-25,0,623,"tabula",FALSE,623,28094,34466
2022-07-26,0,266,"tabula",FALSE,266,28360,34732
2022-07-27,9,910,"tabula",FALSE,901,29261,35642
2022-07-28,0,621,"tabula",FALSE,621,29882,36263
2022-07-29,0,262,"tabula",FALSE,262,30144,36525
2022-07-30,3,23,"tabula",FALSE,20,30164,36548
2022-07-31,3,25,"tabula",FALSE,22,30186,36573
2022-08-01,0,767,"tabula",FALSE,767,30953,37340
2022-08-02,0,1551,"tabula",FALSE,1551,32504,38891
2022-08-03,9,848,"tabula",FALSE,839,33343,39739
2022-08-04,0,1060,"tabula",FALSE,1060,34403,40799
2022-08-05,0,636,"tabula",FALSE,636,35039,41435
2022-08-06,3,21,"tabula",FALSE,18,35057,41456
2022-08-07,0,0,"tabula",FALSE,0,35057,41456
2022-08-08,0,473,"tabula",FALSE,473,35530,41929
2022-08-09,3,686,"tabula",FALSE,683,36213,42615
2022-08-10,0,853,"tabula",FALSE,853,37066,43468
2022-08-11,1,996,"tabula",FALSE,995,38061,44464
2022-08-12,3,625,"tabula",FALSE,622,38683,45089
2022-08-13,2,8,"tabula",FALSE,6,38689,45097
2022-08-14,1,6,"tabula",FALSE,5,38694,45103
2022-08-15,3,252,"tabula",FALSE,249,38943,45355
2022-08-16,1,173,"tabula",FALSE,172,39115,45528
2022-08-17,6,418,"tabula",FALSE,412,39527,45946
2022-08-18,6,337,"tabula",FALSE,331,39858,46283
2022-08-19,0,112,"tabula",FALSE,112,39970,46395
2022-08-20,0,2,"tabula",FALSE,2,39972,46397
2022-08-21,3,17,"tabula",FALSE,14,39986,46414
2022-08-22,0,383,"tabula",FALSE,383,40369,46797
2022-08-23,0,460,"tabula",FALSE,460,40829,47257
2022-08-24,10,203,"tabula",FALSE,193,41022,47460
2022-08-25,1,753,"tabula",FALSE,752,41774,48213
2022-08-26,0,731,"tabula",FALSE,731,42505,48944
2022-08-27,3,252,"tabula",FALSE,249,42754,49196
2022-08-28,0,699,"tabula",FALSE,699,43453,49895
2022-08-29,0,569,"tabula",FALSE,569,44022,50464
2022-08-30,5,427,"tabula",FALSE,422,44444,50891
2022-08-31,2,41,"tabula",FALSE,39,44483,50932
2022-09-01,0,254,"tabula",FALSE,254,44737,51186
2022-09-02,3,43,"tabula",FALSE,40,44777,51229
2022-09-03,0,1,"tabula",FALSE,1,44778,51230
2022-09-04,0,6,"tabula",FALSE,6,44784,51236
2022-09-05,3,96,"tabula",FALSE,93,44877,51332
2022-09-06,0,60,"tabula",FALSE,60,44937,51392
2022-09-07,0,379,"tabula",FALSE,379,45316,51771
2022-09-08,7,72,"tabula",TRUE,1,45317,51843
2022-09-09,0,98,"tabula",FALSE,1,45318,51941
2022-09-10,0,9,"tabula",FALSE,9,45327,51950
2022-09-11,3,52,"tabula",FALSE,49,45376,52002
2022-09-12,0,98,"tabula",FALSE,98,45474,52100
2022-09-13,0,144,"tabula",FALSE,144,45618,52244
2022-09-14,9,319,"tabula",FALSE,310,45928,52563
2022-09-15,0,87,"tabula",FALSE,87,46015,52650
2022-09-16,0,19,"tabula",FALSE,19,46034,52669
2022-09-17,3,29,"tabula",FALSE,26,46060,52698
2022-09-18,0,5,"tabula",FALSE,5,46065,52703
2022-09-19,0,121,"tabula",FALSE,121,46186,52824
2022-09-20,3,89,"tabula",FALSE,86,46272,52913
2022-09-21,0,119,"tabula",FALSE,119,46391,53032
2022-09-22,0,140,"tabula",FALSE,140,46531,53172
2022-09-23,3,111,"tabula",FALSE,108,46639,53283
2022-09-24,0,3,"tabula",FALSE,3,46642,53286
2022-09-25,0,5,"tabula",FALSE,5,46647,53291
2022-09-26,3,136,"tabula",FALSE,133,46780,53427
2022-09-27,0,84,"tabula",FALSE,84,46864,53511
2022-09-28,0,131,"tabula",FALSE,131,46995,53642
2022-09-29,3,125,"tabula",FALSE,122,47117,53767
2022-09-30,0,93,"tabula",FALSE,93,47210,53860
2022-10-01,0,7,"tabula",FALSE,7,47217,53867
2022-10-02,3,25,"tabula",FALSE,22,47239,53892
2022-10-03,1,103,"tabula",FALSE,102,47341,53995
2022-10-04,0,39,"tabula",FALSE,39,47380,54034
2022-10-05,3,166,"tabula",FALSE,163,47543,54200
2022-10-06,0,146,"tabula",FALSE,146,47689,54346
2022-10-07,0,119,"tabula",FALSE,119,47808,54465
2022-10-08,3,18,"tabula",FALSE,15,47823,54483
2022-10-09,0,11,"tabula",FALSE,11,47834,54494
2022-10-10,0,173,"tabula",FALSE,173,48007,54667
2022-10-11,0,67,"tabula",FALSE,67,48074,54734
2022-10-12,3,110,"tabula",FALSE,107,48181,54844
2022-10-13,0,244,"tabula",FALSE,244,48425,55088
2022-10-14,0,147,"tabula",FALSE,147,48572,55235
2022-10-15,3,23,"tabula",FALSE,20,48592,55258
2022-10-16,0,5,"tabula",FALSE,5,48597,55263
2022-10-17,0,189,"tabula",FALSE,189,48786,55452
2022-10-18,3,170,"tabula",FALSE,167,48953,55622
2022-10-19,0,9,"tabula",FALSE,9,48962,55631
2022-10-20,3,102,"tabula",FALSE,99,49061,55733
2022-10-21,0,53,"tabula",FALSE,53,49114,55786
2022-10-22,0,14,"tabula",FALSE,14,49128,55800
2022-10-23,3,22,"tabula",FALSE,19,49147,55822
2022-10-24,0,61,"tabula",FALSE,61,49208,55883
2022-10-25,0,60,"tabula",FALSE,60,49268,55943
2022-10-26,3,26,"tabula",FALSE,23,49291,55969
2022-10-27,0,93,"tabula",FALSE,93,49384,56062
2022-10-28,0,21,"tabula",FALSE,21,49405,56083
2022-10-29,0,7,"tabula",FALSE,7,49412,56090
2022-10-30,0,5,"tabula",FALSE,5,49417,56095
2022-10-31,0,4,"tabula",FALSE,4,49421,56099
2022-11-01,0,20,"tabula",FALSE,20,49441,56119
2022-11-02,1,23,"tabula",FALSE,22,49463,56142
2022-11-03,3,64,"tabula",FALSE,61,49524,56206
2022-11-04,0,7,"tabula",FALSE,7,49531,56213
2022-11-05,3,21,"tabula",FALSE,18,49549,56234
2022-11-06,0,14,"tabula",TRUE,1,49550,56248
2022-11-07,3,46,"tabula",FALSE,1,49551,56294
2022-11-08,0,18,"tabula",FALSE,18,49569,56312
2022-11-09,0,24,"tabula",FALSE,24,49593,56336
2022-11-10,3,66,"tabula",FALSE,63,49656,56402
2022-11-11,0,13,"tabula",FALSE,13,49669,56415
2022-11-12,0,36,"tabula",FALSE,36,49705,56451
2022-11-13,0,10,"tabula",FALSE,10,49715,56461
2022-11-14,3,37,"tabula",FALSE,34,49749,56498
2022-11-15,0,16,"tabula",FALSE,16,49765,56514
2022-11-16,0,12,"tabula",FALSE,12,49777,56526
2022-11-17,3,38,"tabula",FALSE,35,49812,56564
2022-11-18,7,40,"tabula",FALSE,33,49845,56604
2022-11-19,0,7,"tabula",FALSE,7,49852,56611
2022-11-20,0,6,"tabula",FALSE,6,49858,56617
2022-11-21,3,18,"tabula",FALSE,15,49873,56635
2022-11-22,1,31,"tabula",FALSE,30,49903,56666
2022-11-23,0,17,"tabula",FALSE,17,49920,56683
2022-11-24,0,17,"tabula",FALSE,17,49937,56700
2022-11-25,0,8,"tabula",FALSE,8,49945,56708
2022-11-26,0,22,"tabula",FALSE,22,49967,56730
2022-11-27,0,10,"tabula",FALSE,10,49977,56740
2022-11-28,3,15,"tabula",FALSE,12,49989,56755
2022-11-29,0,26,"tabula",FALSE,26,50015,56781
2022-11-30,0,21,"tabula",FALSE,21,50036,56802
2022-12-01,0,26,"tabula",FALSE,26,50062,56828
2022-12-02,0,23,"tabula",FALSE,23,50085,56851
2022-12-03,0,3,"tabula",FALSE,3,50088,56854
2022-12-04,0,15,"tabula",FALSE,15,50103,56869
2022-12-05,0,14,"tabula",FALSE,14,50117,56883
2022-12-06,2,10,"tabula",FALSE,8,50125,56893
2022-12-07,0,19,"tabula",FALSE,19,50144,56912
2022-12-08,0,16,"tabula",FALSE,16,50160,56928
2022-12-09,0,26,"tabula",FALSE,26,50186,56954
2022-12-10,0,2,"tabula",FALSE,2,50188,56956
2022-12-11,0,5,"tabula",FALSE,5,50193,56961
2022-12-12,0,20,"tabula",FALSE,20,50213,56981
2022-12-13,0,11,"tabula",FALSE,11,50224,56992
2022-12-14,0,19,"tabula",FALSE,19,50243,57011
2022-12-15,0,15,"tabula",FALSE,15,50258,57026
2022-12-16,4,27,"tabula",FALSE,23,50281,57053
2022-12-17,0,6,"tabula",FALSE,6,50287,57059
2022-12-18,0,6,"tabula",FALSE,6,50293,57065
2022-12-19,0,12,"tabula",FALSE,12,50305,57077
2022-12-20,0,8,"tabula",FALSE,8,50313,57085
2022-12-21,0,20,"tabula",FALSE,20,50333,57105
2022-12-22,0,11,"tabula",FALSE,11,50344,57116
2022-12-23,0,12,"tabula",FALSE,12,50356,57128
2022-12-24,2,42,"tabula",FALSE,40,50396,57170
2022-12-25,1,6,"tabula",FALSE,5,50401,57176
2022-12-26,0,10,"tabula",FALSE,10,50411,57186
2022-12-27,0,6,"tabula",FALSE,6,50417,57192
2022-12-28,0,9,"tabula",FALSE,9,50426,57201
2022-12-29,0,6,"tabula",FALSE,6,50432,57207
2022-12-30,0,3,"tabula",FALSE,3,50435,57210
2022-12-31,0,4,"tabula",FALSE,4,50439,57214
2023-01-01,0,2,"tabula",FALSE,2,50441,57216
2023-01-02,0,7,"tabula",FALSE,7,50448,57223
2023-01-03,0,10,"tabula",FALSE,10,50458,57233
2023-01-04,3,9,"tabula",FALSE,6,50464,57242
2023-01-05,0,16,"tabula",FALSE,16,50480,57258
2023-01-06,1,16,"tabula",FALSE,15,50495,57274
2023-01-07,0,8,"tabula",FALSE,8,50503,57282
2023-01-08,0,6,"tabula",FALSE,6,50509,57288
2023-01-09,0,23,"tabula",FALSE,23,50532,57311
2023-01-10,0,7,"tabula",FALSE,7,50539,57318
2023-01-11,0,14,"tabula",FALSE,14,50553,57332
2023-01-12,0,8,"tabula",FALSE,8,50561,57340
2023-01-13,0,13,"tabula",FALSE,13,50574,57353
2023-01-14,0,3,"tabula",FALSE,3,50577,57356
2023-01-15,0,6,"tabula",FALSE,6,50583,57362
2023-01-16,3,12,"tabula",FALSE,9,50592,57374
2023-01-17,7,38,"tabula",FALSE,31,50623,57412
2023-01-18,2,30,"tabula",FALSE,28,50651,57442
2023-01-19,0,11,"tabula",FALSE,11,50662,57453
2023-01-20,0,9,"tabula",FALSE,9,50671,57462
2023-01-21,2,10,"tabula",FALSE,8,50679,57472
2023-01-22,0,10,"tabula",FALSE,10,50689,57482
2023-01-23,0,14,"tabula",FALSE,14,50703,57496
2023-01-24,0,7,"tabula",FALSE,7,50710,57503
2023-01-25,0,11,"tabula",FALSE,11,50721,57514
2023-01-26,0,10,"tabula",FALSE,10,50731,57524
2023-01-27,0,5,"tabula",FALSE,5,50736,57529
2023-01-28,0,3,"tabula",FALSE,3,50739,57532
2023-01-29,0,22,"tabula",FALSE,22,50761,57554
2023-01-30,0,3,"tabula",FALSE,3,50764,57557
2023-01-31,0,15,"tabula",FALSE,15,50779,57572
2023-02-01,0,9,"tabula",FALSE,9,50788,57581
2023-02-02,5,28,"tabula",FALSE,23,50811,57609
2023-02-03,0,14,"tabula",FALSE,14,50825,57623
2023-02-04,0,3,"tabula",FALSE,3,50828,57626
2023-02-05,0,11,"tabula",FALSE,11,50839,57637
2023-02-06,0,10,"tabula",FALSE,10,50849,57647
2023-02-07,0,17,"tabula",FALSE,17,50866,57664
2023-02-08,0,16,"tabula",FALSE,16,50882,57680
2023-02-09,0,13,"tabula",FALSE,13,50895,57693
2023-02-10,0,6,"tabula",FALSE,6,50901,57699
2023-02-11,0,7,"tabula",FALSE,7,50908,57706
2023-02-12,0,5,"tabula",FALSE,5,50913,57711
2023-02-13,0,11,"tabula",FALSE,11,50924,57722
2023-02-14,0,42,"tabula",FALSE,42,50966,57764
2023-02-15,3,27,"tabula",FALSE,24,50990,57791
2023-02-16,0,10,"tabula",FALSE,10,51000,57801
2023-02-17,0,8,"tabula",FALSE,8,51008,57809
2023-02-18,0,10,"tabula",FALSE,10,51018,57819
2023-02-19,2,22,"tabula",FALSE,20,51038,57841
2023-02-20,0,10,"tabula",FALSE,10,51048,57851
2023-02-21,0,15,"tabula",FALSE,15,51063,57866
2023-02-22,0,17,"tabula",FALSE,17,51080,57883
2023-02-23,1,29,"tabula",FALSE,28,51108,57912
2023-02-24,0,18,"tabula",FALSE,18,51126,57930
2023-02-25,0,3,"tabula",FALSE,3,51129,57933
2023-02-26,0,4,"tabula",FALSE,4,51133,57937
2023-02-27,0,11,"tabula",FALSE,11,51144,57948
2023-02-28,0,7,"tabula",FALSE,7,51151,57955
2023-03-01,0,14,"tabula",FALSE,14,51165,57969
2023-03-02,0,16,"tabula",FALSE,16,51181,57985
2023-03-03,0,7,"tabula",FALSE,7,51188,57992
2023-03-04,0,8,"tabula",FALSE,8,51196,58000
2023-03-05,0,14,"tabula",FALSE,14,51210,58014
2023-03-06,3,17,"tabula",FALSE,14,51224,58031
2023-03-07,0,8,"tabula",FALSE,8,51232,58039
2023-03-08,0,11,"tabula",FALSE,11,51243,58050
2023-03-09,3,29,"tabula",FALSE,26,51269,58079
2023-03-10,2,36,"tabula",FALSE,34,51303,58115
2023-03-11,0,10,"tabula",FALSE,10,51313,58125
2023-03-12,0,10,"tabula",FALSE,10,51323,58135
2023-03-13,0,19,"tabula",FALSE,19,51342,58154
2023-03-14,0,16,"tabula",FALSE,16,51358,58170
2023-03-15,5,33,"tabula",FALSE,28,51386,58203
2023-03-16,3,19,"tabula",FALSE,16,51402,58222
2023-03-17,0,9,"tabula",FALSE,9,51411,58231
2023-03-18,2,28,"tabula",FALSE,26,51437,58259
2023-03-19,0,8,"tabula",FALSE,8,51445,58267
2023-03-20,8,31,"tabula",FALSE,23,51468,58298
2023-03-21,0,19,"tabula",FALSE,19,51487,58317
2023-03-22,2,30,"tabula",FALSE,28,51515,58347
2023-03-23,0,5,"tabula",FALSE,5,51520,58352
2023-03-24,0,11,"tabula",FALSE,11,51531,58363
2023-03-25,1,11,"tabula",FALSE,10,51541,58374
2023-03-26,0,13,"tabula",FALSE,13,51554,58387
2023-03-27,4,26,"tabula",FALSE,22,51576,58413
2023-03-28,0,12,"tabula",FALSE,12,51588,58425
2023-03-29,2,30,"tabula",FALSE,28,51616,58455
2023-03-30,0,11,"tabula",FALSE,11,51627,58466
2023-03-31,0,7,"tabula",FALSE,7,51634,58473
2023-04-01,0,14,"tabula",FALSE,14,51648,58487
2023-04-02,3,8,"tabula",FALSE,5,51653,58495
2023-04-03,0,12,"tabula",FALSE,12,51665,58507
2023-04-04,0,9,"tabula",FALSE,9,51674,58516
2023-04-05,0,10,"tabula",FALSE,10,51684,58526
2023-04-06,0,26,"tabula",FALSE,26,51710,58552
2023-04-07,0,18,"tabula",FALSE,18,51728,58570
2023-04-08,3,13,"tabula",FALSE,10,51738,58583
2023-04-09,0,5,"tabula",FALSE,5,51743,58588
2023-04-10,0,9,"tabula",FALSE,9,51752,58597
2023-04-11,0,11,"tabula",FALSE,11,51763,58608
2023-04-12,2,41,"tabula",FALSE,39,51802,58649
2023-04-13,1,19,"tabula",FALSE,18,51820,58668
2023-04-14,3,31,"tabula",FALSE,28,51848,58699
2023-04-15,0,7,"tabula",FALSE,7,51855,58706
2023-04-16,0,6,"tabula",FALSE,6,51861,58712
2023-04-17,0,14,"tabula",FALSE,14,51875,58726
2023-04-18,0,17,"tabula",FALSE,17,51892,58743
2023-04-19,9,53,"tabula",FALSE,44,51936,58796
2023-04-20,0,18,"tabula",FALSE,18,51954,58814
2023-04-21,3,19,"tabula",FALSE,16,51970,58833
2023-04-22,0,12,"tabula",FALSE,12,51982,58845
2023-04-23,0,4,"tabula",FALSE,4,51986,58849
2023-04-24,0,12,"tabula",FALSE,12,51998,58861
2023-04-25,0,14,"tabula",FALSE,14,52012,58875
2023-04-26,2,34,"tabula",FALSE,32,52044,58909
2023-04-27,0,25,"tabula",FALSE,25,52069,58934
2023-04-28,0,12,"tabula",FALSE,12,52081,58946
2023-04-29,0,3,"tabula",FALSE,3,52084,58949
2023-04-30,0,5,"tabula",FALSE,5,52089,58954
2023-05-01,0,14,"tabula",FALSE,14,52103,58968
2023-05-02,0,10,"tabula",FALSE,10,52113,58978
2023-05-03,2,34,"tabula",FALSE,32,52145,59012
2023-05-04,0,5,"tabula",FALSE,5,52150,59017
2023-05-05,0,12,"tabula",FALSE,12,52162,59029
2023-05-06,0,13,"tabula",FALSE,13,52175,59042
2023-05-07,0,4,"tabula",FALSE,4,52179,59046
2023-05-08,0,35,"tabula",FALSE,35,52214,59081
2023-05-09,0,16,"tabula",FALSE,16,52230,59097
2023-05-10,2,54,"tabula",FALSE,52,52282,59151
2023-05-11,0,23,"tabula",FALSE,23,52305,59174
2023-05-12,0,30,"tabula",FALSE,30,52335,59204
2023-05-13,0,8,"tabula",FALSE,8,52343,59212
2023-05-14,0,5,"tabula",FALSE,5,52348,59217
2023-05-15,2,25,"tabula",FALSE,23,52371,59242
2023-05-16,0,17,"tabula",FALSE,17,52388,59259
2023-05-17,2,30,"tabula",FALSE,28,52416,59289
2023-05-18,0,11,"tabula",FALSE,11,52427,59300
2023-05-19,0,17,"tabula",FALSE,17,52444,59317
2023-05-20,0,8,"tabula",FALSE,8,52452,59325
2023-05-21,0,9,"tabula",FALSE,9,52461,59334
2023-05-22,0,13,"tabula",FALSE,13,52474,59347
2023-05-23,0,17,"tabula",FALSE,17,52491,59364
2023-05-24,2,45,"tabula",FALSE,43,52534,59409
2023-05-25,0,14,"tabula",FALSE,14,52548,59423
2023-05-26,0,21,"tabula",FALSE,21,52569,59444
2023-05-27,0,4,"tabula",FALSE,4,52573,59448
2023-05-28,0,13,"tabula",FALSE,13,52586,59461
2023-05-29,0,9,"tabula",FALSE,9,52595,59470
2023-05-30,0,13,"tabula",FALSE,13,52608,59483
2023-05-31,0,12,"tabula",FALSE,12,52620,59495
2023-06-01,1,39,"tabula",FALSE,38,52658,59534
2023-06-02,0,15,"tabula",FALSE,15,52673,59549
2023-06-03,0,3,"tabula",FALSE,3,52676,59552
2023-06-04,0,9,"tabula",FALSE,9,52685,59561
2023-06-05,0,16,"tabula",FALSE,16,52701,59577
2023-06-06,0,8,"tabula",FALSE,8,52709,59585
2023-06-07,0,16,"tabula",FALSE,16,52725,59601
2023-06-08,2,25,"tabula",FALSE,23,52748,59626
2023-06-09,0,15,"tabula",FALSE,15,52763,59641
2023-06-10,0,5,"tabula",FALSE,5,52768,59646
2023-06-11,0,6,"tabula",FALSE,6,52774,59652
2023-06-12,0,15,"tabula",FALSE,15,52789,59667
2023-06-13,0,21,"tabula",FALSE,21,52810,59688
2023-06-14,0,11,"tabula",FALSE,11,52821,59699
2023-06-15,2,23,"tabula",FALSE,21,52842,59722
2023-06-16,0,16,"tabula",FALSE,16,52858,59738
2023-06-17,0,10,"tabula",FALSE,10,52868,59748
2023-06-18,0,6,"tabula",FALSE,6,52874,59754
2023-06-19,0,15,"tabula",FALSE,15,52889,59769
2023-06-20,0,9,"tabula",FALSE,9,52898,59778
2023-06-21,2,21,"tabula",FALSE,19,52917,59799
2023-06-22,0,18,"tabula",FALSE,18,52935,59817
2023-06-23,0,8,"tabula",FALSE,8,52943,59825
2023-06-24,0,12,"tabula",FALSE,12,52955,59837
2023-06-25,0,10,"tabula",FALSE,10,52965,59847
2023-06-26,0,14,"tabula",FALSE,14,52979,59861
2023-06-27,0,12,"tabula",FALSE,12,52991,59873
2023-06-28,2,42,"tabula",FALSE,40,53031,59915
2023-06-29,0,11,"tabula",FALSE,11,53042,59926
2023-06-30,0,9,"tabula",FALSE,9,53051,59935
2023-07-01,0,8,"tabula",FALSE,8,53059,59943
2023-07-02,0,9,"tabula",FALSE,9,53068,59952
2023-07-03,0,17,"tabula",FALSE,17,53085,59969
2023-07-04,0,15,"tabula",FALSE,15,53100,59984
2023-07-05,1,28,"tabula",FALSE,27,53127,60012
2023-07-06,0,13,"tabula",FALSE,13,53140,60025
2023-07-07,0,14,"tabula",FALSE,14,53154,60039
2023-07-08,0,12,"tabula",FALSE,12,53166,60051
2023-07-09,0,7,"tabula",FALSE,7,53173,60058
2023-07-10,0,12,"tabula",FALSE,12,53185,60070
2023-07-11,0,11,"tabula",FALSE,11,53196,60081
2023-07-12,2,35,"tabula",FALSE,33,53229,60116
2023-07-13,0,9,"tabula",FALSE,9,53238,60125
2023-07-14,0,6,"tabula",FALSE,6,53244,60131
2023-07-15,0,6,"tabula",FALSE,6,53250,60137
2023-07-16,0,3,"tabula",FALSE,3,53253,60140
2023-07-17,0,12,"tabula",FALSE,12,53265,60152
2023-07-18,0,19,"tabula",FALSE,19,53284,60171
2023-07-19,2,29,"tabula",FALSE,27,53311,60200
2023-07-20,0,15,"tabula",FALSE,15,53326,60215
2023-07-21,0,8,"tabula",FALSE,8,53334,60223
2023-07-22,0,2,"tabula",FALSE,2,53336,60225
2023-07-23,0,9,"tabula",FALSE,9,53345,60234
2023-07-24,0,7,"tabula",FALSE,7,53352,60241
2023-07-25,0,13,"tabula",FALSE,13,53365,60254
2023-07-26,3,42,"tabula",FALSE,39,53404,60296
2023-07-27,0,9,"tabula",FALSE,9,53413,60305
2023-07-28,0,4,"tabula",FALSE,4,53417,60309
2023-07-29,0,2,"tabula",FALSE,2,53419,60311
2023-07-30,0,3,"tabula",FALSE,3,53422,60314
2023-07-31,0,3,"tabula",FALSE,3,53425,60317
2023-08-01,0,13,"tabula",FALSE,13,53438,60330
2023-08-02,0,27,"tabula",FALSE,27,53465,60357
2023-08-03,2,24,"tabula",FALSE,22,53487,60381
2023-08-04,0,9,"tabula",FALSE,9,53496,60390
2023-08-05,0,8,"tabula",FALSE,8,53504,60398
2023-08-06,0,9,"tabula",FALSE,9,53513,60407
2023-08-07,0,11,"tabula",FALSE,11,53524,60418
2023-08-08,0,10,"tabula",FALSE,10,53534,60428
2023-08-09,2,32,"tabula",FALSE,30,53564,60460
2023-08-10,0,15,"tabula",FALSE,15,53579,60475
2023-08-11,0,4,"tabula",FALSE,4,53583,60479
2023-08-12,0,13,"tabula",FALSE,13,53596,60492
2023-08-13,0,6,"tabula",FALSE,6,53602,60498
2023-08-14,0,6,"tabula",FALSE,6,53608,60504
2023-08-15,0,15,"tabula",FALSE,15,53623,60519
2023-08-16,2,23,"tabula",FALSE,21,53644,60542
2023-08-17,0,12,"tabula",FALSE,12,53656,60554
2023-08-18,0,21,"tabula",FALSE,21,53677,60575
2023-08-19,0,9,"tabula",FALSE,9,53686,60584
2023-08-20,0,6,"tabula",FALSE,6,53692,60590
2023-08-21,0,32,"tabula",FALSE,32,53724,60622
2023-08-22,0,15,"tabula",TRUE,1,53725,60637
2023-08-23,2,52,"tabula",FALSE,1,53726,60689
2023-08-24,0,59,"tabula",FALSE,59,53785,60748
2023-08-25,0,40,"tabula",FALSE,40,53825,60788
2023-08-26,0,9,"tabula",FALSE,9,53834,60797
2023-08-27,0,17,"tabula",FALSE,17,53851,60814
2023-08-28,0,41,"tabula",FALSE,41,53892,60855
2023-08-29,0,13,"tabula",FALSE,13,53905,60868
2023-08-30,2,34,"tabula",FALSE,32,53937,60902
2023-08-31,0,21,"tabula",FALSE,21,53958,60923
2023-09-01,0,16,"tabula",FALSE,16,53974,60939
2023-09-02,0,6,"tabula",FALSE,6,53980,60945
2023-09-03,0,12,"tabula",FALSE,12,53992,60957
2023-09-04,0,17,"tabula",FALSE,17,54009,60974
2023-09-05,0,7,"tabula",FALSE,7,54016,60981
2023-09-06,1,25,"tabula",FALSE,24,54040,61006
2023-09-07,0,16,"tabula",FALSE,16,54056,61022
2023-09-08,0,8,"tabula",FALSE,8,54064,61030
2023-09-09,0,7,"tabula",FALSE,7,54071,61037
2023-09-10,0,11,"tabula",FALSE,11,54082,61048
2023-09-11,0,11,"tabula",FALSE,11,54093,61059
2023-09-12,0,29,"tabula",FALSE,29,54122,61088
2023-09-13,0,16,"tabula",FALSE,16,54138,61104
2023-09-14,0,8,"tabula",FALSE,8,54146,61112
2023-09-15,0,16,"tabula",FALSE,16,54162,61128
2023-09-16,0,14,"tabula",FALSE,14,54176,61142
2023-09-17,0,5,"tabula",FALSE,5,54181,61147
2023-09-18,0,13,"tabula",FALSE,13,54194,61160
2023-09-19,0,18,"tabula",FALSE,18,54212,61178
2023-09-20,0,8,"tabula",FALSE,8,54220,61186
2023-09-21,0,10,"tabula",FALSE,10,54230,61196
2023-09-22,0,15,"tabula",FALSE,15,54245,61211
2023-09-23,0,47,"tabula",FALSE,47,54292,61258
2023-09-24,0,3,"tabula",FALSE,3,54295,61261
2023-09-25,0,14,"tabula",FALSE,14,54309,61275
2023-09-26,0,17,"tabula",FALSE,17,54326,61292
2023-09-27,2,28,"tabula",FALSE,26,54352,61320
2023-09-28,0,18,"tabula",FALSE,18,54370,61338
2023-09-29,0,17,"tabula",FALSE,17,54387,61355
2023-09-30,0,3,"tabula",FALSE,3,54390,61358
2023-10-01,0,4,"tabula",FALSE,4,54394,61362
2023-10-02,0,15,"tabula",FALSE,15,54409,61377
2023-10-03,0,7,"tabula",FALSE,7,54416,61384
2023-10-04,1,20,"tabula",FALSE,19,54435,61404
2023-10-05,0,24,"tabula",FALSE,24,54459,61428
2023-10-06,0,10,"tabula",FALSE,10,54469,61438
2023-10-07,0,5,"tabula",FALSE,5,54474,61443
2023-10-08,0,10,"tabula",FALSE,10,54484,61453
2023-10-09,0,10,"tabula",FALSE,10,54494,61463
2023-10-10,0,11,"tabula",FALSE,11,54505,61474
2023-10-11,0,10,"tabula",FALSE,10,54515,61484
2023-10-12,0,35,"tabula",FALSE,35,54550,61519
2023-10-13,0,14,"tabula",FALSE,14,54564,61533
2023-10-14,0,15,"tabula",FALSE,15,54579,61548
2023-10-15,0,9,"tabula",FALSE,9,54588,61557
2023-10-16,0,13,"tabula",FALSE,13,54601,61570
2023-10-17,0,8,"tabula",FALSE,8,54609,61578
2023-10-18,1,30,"tabula",FALSE,29,54638,61608
2023-10-19,0,13,"tabula",FALSE,13,54651,61621
2023-10-20,0,10,"tabula",FALSE,10,54661,61631
2023-10-21,0,7,"tabula",FALSE,7,54668,61638
2023-10-22,0,14,"tabula",FALSE,14,54682,61652
2023-10-23,0,18,"tabula",FALSE,18,54700,61670
2023-10-24,0,15,"tabula",FALSE,15,54715,61685
2023-10-25,1,20,"tabula",FALSE,19,54734,61705
2023-10-26,0,25,"tabula",FALSE,25,54759,61730
2023-10-27,0,15,"tabula",FALSE,15,54774,61745
2023-10-28,0,5,"tabula",FALSE,5,54779,61750
2023-10-29,0,5,"tabula",FALSE,5,54784,61755
2023-10-30,0,14,"tabula",FALSE,14,54798,61769
2023-10-31,0,12,"tabula",FALSE,12,54810,61781
2023-11-01,1,22,"tabula",FALSE,21,54831,61803
2023-11-02,0,17,"tabula",FALSE,17,54848,61820
2023-11-03,0,16,"tabula",FALSE,16,54864,61836
2023-11-04,0,9,"tabula",FALSE,9,54873,61845
2023-11-05,0,8,"tabula",FALSE,8,54881,61853
2023-11-06,0,13,"tabula",FALSE,13,54894,61866
2023-11-07,0,13,"tabula",FALSE,13,54907,61879
2023-11-08,2,39,"tabula",FALSE,37,54944,61918
2023-11-09,0,15,"tabula",FALSE,15,54959,61933
2023-11-10,0,8,"tabula",FALSE,8,54967,61941
2023-11-11,0,3,"tabula",FALSE,3,54970,61944
2023-11-12,0,8,"tabula",FALSE,8,54978,61952
2023-11-13,0,12,"tabula",FALSE,12,54990,61964
2023-11-14,0,21,"tabula",FALSE,21,55011,61985
2023-11-15,2,34,"tabula",FALSE,32,55043,62019
2023-11-16,0,17,"tabula",FALSE,17,55060,62036
2023-11-17,0,31,"tabula",FALSE,31,55091,62067
2023-11-18,0,9,"tabula",FALSE,9,55100,62076
2023-11-19,0,10,"tabula",FALSE,10,55110,62086
2023-11-20,0,21,"tabula",FALSE,21,55131,62107
2023-11-21,0,11,"tabula",FALSE,11,55142,62118
2023-11-22,1,19,"tabula",FALSE,18,55160,62137
2023-11-23,0,9,"tabula",FALSE,9,55169,62146
2023-11-24,0,13,"tabula",FALSE,13,55182,62159
2023-11-25,0,8,"tabula",FALSE,8,55190,62167
2023-11-26,0,15,"tabula",FALSE,15,55205,62182
2023-11-27,0,21,"tabula",FALSE,21,55226,62203
2023-11-28,0,21,"tabula",TRUE,1,55227,62224
2023-11-29,3,59,"tabula",FALSE,1,55228,62283
2023-11-30,0,36,"tabula",FALSE,36,55264,62319
2023-12-01,0,20,"tabula",FALSE,20,55284,62339
2023-12-02,0,26,"tabula",FALSE,26,55310,62365
2023-12-03,0,23,"tabula",FALSE,23,55333,62388
2023-12-04,0,21,"tabula",FALSE,21,55354,62409
2023-12-05,0,22,"tabula",FALSE,22,55376,62431
2023-12-06,2,57,"tabula",FALSE,55,55431,62488
2023-12-07,0,22,"tabula",FALSE,22,55453,62510
2023-12-08,0,15,"tabula",FALSE,15,55468,62525
2023-12-09,0,12,"tabula",FALSE,12,55480,62537
2023-12-10,0,19,"tabula",FALSE,19,55499,62556
2023-12-11,0,10,"tabula",FALSE,10,55509,62566
2023-12-12,0,20,"tabula",FALSE,20,55529,62586
2023-12-13,0,11,"tabula",FALSE,11,55540,62597
2023-12-14,0,19,"tabula",FALSE,19,55559,62616
2023-12-15,2,37,"tabula",FALSE,35,55594,62653
2023-12-16,0,7,"tabula",FALSE,7,55601,62660
2023-12-17,0,7,"tabula",FALSE,7,55608,62667
2023-12-18,0,13,"tabula",FALSE,13,55621,62680
2023-12-19,0,14,"tabula",FALSE,14,55635,62694
2023-12-20,0,9,"tabula",FALSE,9,55644,62703
2023-12-21,0,36,"tabula",FALSE,36,55680,62739
2023-12-22,0,7,"tabula",FALSE,7,55687,62746
2023-12-23,0,8,"tabula",FALSE,8,55695,62754
2023-12-24,0,18,"tabula",FALSE,18,55713,62772
2023-12-25,0,10,"tabula",FALSE,10,55723,62782
2023-12-26,0,8,"tabula",FALSE,8,55731,62790
2023-12-27,2,32,"tabula",FALSE,30,55761,62822
2023-12-28,0,11,"tabula",FALSE,11,55772,62833
2023-12-29,0,11,"tabula",FALSE,11,55783,62844
2023-12-30,0,3,"tabula",FALSE,3,55786,62847
2023-12-31,0,8,"tabula",FALSE,8,55794,62855
2024-01-01,0,7,"tabula",FALSE,7,55801,62862
2024-01-02,0,12,"tabula",FALSE,12,55813,62874
2024-01-03,1,27,"tabula",FALSE,26,55839,62901
2024-01-04,0,9,"tabula",FALSE,9,55848,62910
2024-01-05,0,8,"tabula",FALSE,8,55856,62918
2024-01-06,0,11,"tabula",FALSE,11,55867,62929
2024-01-07,0,8,"tabula",FALSE,8,55875,62937
2024-01-08,0,13,"tabula",FALSE,13,55888,62950
2024-01-09,0,8,"tabula",FALSE,8,55896,62958
2024-01-10,2,36,"tabula",FALSE,34,55930,62994
2024-01-11,0,20,"tabula",FALSE,20,55950,63014
2024-01-12,0,42,"tabula",FALSE,42,55992,63056
2024-01-13,0,9,"tabula",FALSE,9,56001,63065
2024-01-14,0,10,"tabula",FALSE,10,56011,63075
2024-01-15,0,13,"tabula",FALSE,13,56024,63088
2024-01-16,0,12,"tabula",FALSE,12,56036,63100
2024-01-17,2,36,"tabula",FALSE,34,56070,63136
2024-01-18,0,20,"tabula",FALSE,20,56090,63156
2024-01-19,0,15,"tabula",FALSE,15,56105,63171
2024-01-20,0,10,"tabula",FALSE,10,56115,63181
2024-01-21,0,6,"tabula",FALSE,6,56121,63187
2024-01-22,0,21,"tabula",FALSE,21,56142,63208
2024-01-23,0,29,"tabula",FALSE,29,56171,63237
2024-01-24,10,156,"tabula",FALSE,146,56317,63393
2024-01-25,1,124,"tabula",FALSE,123,56440,63517
2024-01-26,0,12,"tabula",FALSE,12,56452,63529
2024-01-27,0,3,"tabula",FALSE,3,56455,63532
2024-01-28,0,1,"tabula",FALSE,1,56456,63533
2024-01-29,0,34,"tabula",FALSE,34,56490,63567
2024-01-30,0,27,"tabula",FALSE,27,56517,63594
2024-01-31,2,39,"tabula",FALSE,37,56554,63633
2024-02-01,0,13,"tabula",FALSE,13,56567,63646
2024-02-02,0,6,"tabula",FALSE,6,56573,63652
2024-02-03,0,17,"tabula",FALSE,17,56590,63669
2024-02-04,0,9,"tabula",FALSE,9,56599,63678
2024-02-05,0,20,"tabula",FALSE,20,56619,63698
2024-02-06,0,5,"tabula",FALSE,5,56624,63703
2024-02-07,2,19,"tabula",FALSE,17,56641,63722
2024-02-08,0,31,"tabula",FALSE,31,56672,63753
2024-02-09,0,9,"tabula",FALSE,9,56681,63762
2024-02-10,0,5,"tabula",FALSE,5,56686,63767
2024-02-11,0,8,"tabula",FALSE,8,56694,63775
2024-02-12,0,5,"tabula",FALSE,5,56699,63780
2024-02-13,0,13,"tabula",FALSE,13,56712,63793
2024-02-14,2,40,"tabula",FALSE,38,56750,63833
2024-02-15,0,6,"tabula",FALSE,6,56756,63839
2024-02-16,0,7,"tabula",FALSE,7,56763,63846
2024-02-17,0,9,"tabula",FALSE,9,56772,63855
2024-02-18,0,4,"tabula",FALSE,4,56776,63859
2024-02-19,0,6,"tabula",FALSE,6,56782,63865
2024-02-20,0,14,"tabula",FALSE,14,56796,63879
2024-02-21,2,30,"tabula",FALSE,28,56824,63909
2024-02-22,0,18,"tabula",FALSE,18,56842,63927
2024-02-23,0,15,"tabula",FALSE,15,56857,63942
2024-02-24,0,18,"tabula",FALSE,18,56875,63960
2024-02-25,0,14,"tabula",FALSE,14,56889,63974
2024-02-26,0,11,"tabula",FALSE,11,56900,63985
2024-02-27,0,14,"tabula",FALSE,14,56914,63999
2024-02-28,2,41,"tabula",FALSE,39,56953,64040
2024-02-29,0,10,"tabula",FALSE,10,56963,64050
2024-03-01,1,25,"tabula",FALSE,24,56987,64075
2024-03-02,0,6,"tabula",FALSE,6,56993,64081
2024-03-03,0,3,"tabula",FALSE,3,56996,64084
2024-03-04,0,16,"tabula",FALSE,16,57012,64100
2024-03-05,0,19,"tabula",FALSE,19,57031,64119
2024-03-06,1,12,"tabula",FALSE,11,57042,64131
2024-03-07,0,40,"tabula",FALSE,40,57082,64171
2024-03-08,0,14,"tabula",FALSE,14,57096,64185
2024-03-09,0,8,"tabula",FALSE,8,57104,64193
2024-03-10,0,11,"tabula",FALSE,11,57115,64204
2024-03-11,0,8,"tabula",FALSE,8,57123,64212
2024-03-12,0,9,"tabula",FALSE,9,57132,64221
2024-03-13,2,35,"tabula",FALSE,33,57165,64256
2024-03-14,0,11,"tabula",FALSE,11,57176,64267
2024-03-15,0,14,"tabula",FALSE,14,57190,64281
2024-03-16,0,11,"tabula",FALSE,11,57201,64292
2024-03-17,0,2,"tabula",FALSE,2,57203,64294
2024-03-18,0,12,"tabula",FALSE,12,57215,64306
2024-03-19,0,16,"tabula",FALSE,16,57231,64322
2024-03-20,0,9,"tabula",FALSE,9,57240,64331
2024-03-21,2,34,"tabula",FALSE,32,57272,64365
2024-03-22,0,11,"tabula",FALSE,11,57283,64376
2024-03-23,0,6,"tabula",FALSE,6,57289,64382
2024-03-24,0,3,"tabula",FALSE,3,57292,64385
2024-03-25,0,10,"tabula",FALSE,10,57302,64395
2024-03-26,0,17,"tabula",FALSE,17,57319,64412
2024-03-27,2,37,"tabula",FALSE,35,57354,64449
2024-03-28,0,21,"tabula",FALSE,21,57375,64470
2024-03-29,0,10,"tabula",FALSE,10,57385,64480
2024-03-30,0,11,"tabula",FALSE,11,57396,64491
2024-03-31,0,4,"tabula",FALSE,4,57400,64495
2024-04-01,0,7,"tabula",FALSE,7,57407,64502
2024-04-02,0,17,"tabula",FALSE,17,57424,64519
2024-04-03,2,48,"tabula",FALSE,46,57470,64567
2024-04-04,0,11,"tabula",FALSE,11,57481,64578
2024-04-05,0,12,"tabula",FALSE,12,57493,64590
2024-04-06,0,2,"tabula",FALSE,2,57495,64592
2024-04-07,0,3,"tabula",FALSE,3,57498,64595
2024-04-08,0,8,"tabula",FALSE,8,57506,64603
2024-04-09,0,9,"tabula",FALSE,9,57515,64612
2024-04-10,2,39,"tabula",FALSE,37,57552,64651
2024-04-11,0,12,"tabula",FALSE,12,57564,64663
2024-04-12,0,5,"tabula",FALSE,5,57569,64668
2024-04-13,0,3,"tabula",FALSE,3,57572,64671
2024-04-14,0,5,"tabula",FALSE,5,57577,64676
2024-04-15,0,4,"tabula",FALSE,4,57581,64680
2024-04-16,0,7,"tabula",FALSE,7,57588,64687
2024-04-17,2,42,"tabula",FALSE,40,57628,64729
2024-04-18,0,9,"tabula",FALSE,9,57637,64738
2024-04-19,0,6,"tabula",FALSE,6,57643,64744
2024-04-20,0,7,"tabula",FALSE,7,57650,64751
2024-04-21,0,3,"tabula",FALSE,3,57653,64754
2024-04-22,0,11,"tabula",FALSE,11,57664,64765
2024-04-23,0,12,"tabula",FALSE,12,57676,64777
2024-04-24,0,22,"tabula",FALSE,22,57698,64799
2024-04-25,0,30,"tabula",FALSE,30,57728,64829
2024-04-26,0,16,"tabula",FALSE,16,57744,64845
2024-04-27,0,10,"tabula",FALSE,10,57754,64855
2024-04-28,0,4,"tabula",FALSE,4,57758,64859
2024-04-29,0,17,"tabula",FALSE,17,57775,64876
2024-04-30,0,17,"tabula",FALSE,17,57792,64893
2024-05-01,2,34,"tabula",FALSE,32,57824,64927
2024-05-02,0,19,"tabula",FALSE,19,57843,64946
2024-05-03,0,9,"tabula",FALSE,9,57852,64955
2024-05-04,0,11,"tabula",FALSE,11,57863,64966
2024-05-05,0,10,"tabula",FALSE,10,57873,64976
2024-05-06,0,17,"tabula",FALSE,17,57890,64993
2024-05-07,0,8,"tabula",FALSE,8,57898,65001
2024-05-08,2,42,"tabula",FALSE,40,57938,65043
2024-05-09,0,16,"tabula",FALSE,16,57954,65059
2024-05-10,0,13,"tabula",FALSE,13,57967,65072
2024-05-11,0,8,"tabula",FALSE,8,57975,65080
2024-05-12,0,11,"tabula",FALSE,11,57986,65091
2024-05-13,0,7,"tabula",FALSE,7,57993,65098
2024-05-14,0,12,"tabula",FALSE,12,58005,65110
2024-05-15,2,33,"tabula",FALSE,31,58036,65143
2024-05-16,0,19,"tabula",TRUE,1,58037,65162
2024-05-17,0,19,"tabula",FALSE,1,58038,65181
2024-05-18,0,13,"tabula",FALSE,13,58051,65194
2024-05-19,0,72,"tabula",FALSE,72,58123,65266
2024-05-20,0,14,"tabula",FALSE,14,58137,65280
2024-05-21,0,16,"tabula",FALSE,16,58153,65296
2024-05-22,2,87,"tabula",FALSE,85,58238,65383
2024-05-23,0,20,"tabula",FALSE,20,58258,65403
2024-05-24,0,15,"tabula",FALSE,15,58273,65418
2024-05-25,0,49,"tabula",FALSE,49,58322,65467
2024-05-26,0,45,"tabula",FALSE,45,58367,65512
2024-05-27,0,7,"tabula",FALSE,7,58374,65519
2024-05-28,0,12,"tabula",FALSE,12,58386,65531
2024-05-29,3,66,"tabula",FALSE,63,58449,65597
2024-05-30,0,29,"tabula",FALSE,29,58478,65626
2024-05-31,0,19,"tabula",FALSE,19,58497,65645
2024-06-01,0,46,"tabula",FALSE,46,58543,65691
2024-06-02,0,5,"tabula",FALSE,5,58548,65696
2024-06-03,0,6,"tabula",FALSE,6,58554,65702
2024-06-04,0,58,"tabula",FALSE,58,58612,65760
2024-06-05,2,37,"tabula",FALSE,35,58647,65797
2024-06-06,0,8,"tabula",FALSE,8,58655,65805
2024-06-07,0,48,"tabula",FALSE,48,58703,65853
2024-06-08,0,7,"tabula",FALSE,7,58710,65860
2024-06-09,0,9,"tabula",FALSE,9,58719,65869
2024-06-10,0,45,"tabula",FALSE,45,58764,65914
2024-06-11,0,18,"tabula",FALSE,18,58782,65932
2024-06-12,2,33,"tabula",FALSE,31,58813,65965
2024-06-13,0,45,"tabula",FALSE,45,58858,66010
2024-06-14,0,4,"tabula",FALSE,4,58862,66014
2024-06-15,0,1,"tabula",FALSE,1,58863,66015
2024-06-16,0,46,"tabula",FALSE,46,58909,66061
2024-06-17,0,6,"tabula",FALSE,6,58915,66067
2024-06-18,0,8,"tabula",FALSE,8,58923,66075
2024-06-19,2,73,"tabula",FALSE,71,58994,66148
2024-06-20,0,8,"tabula",FALSE,8,59002,66156
2024-06-21,0,13,"tabula",FALSE,13,59015,66169
2024-06-22,0,52,"tabula",FALSE,52,59067,66221
2024-06-23,0,6,"tabula",FALSE,6,59073,66227
2024-06-24,0,15,"tabula",FALSE,15,59088,66242
2024-06-25,0,48,"tabula",FALSE,48,59136,66290
2024-06-26,0,11,"tabula",FALSE,11,59147,66301
2024-06-27,0,33,"tabula",FALSE,33,59180,66334
2024-06-28,0,43,"tabula",FALSE,43,59223,66377
2024-06-29,0,4,"tabula",FALSE,4,59227,66381
2024-06-30,0,7,"tabula",FALSE,7,59234,66388
2024-07-01,0,55,"tabula",FALSE,55,59289,66443
2024-07-02,0,7,"tabula",FALSE,7,59296,66450
2024-07-03,2,38,"tabula",FALSE,36,59332,66488
2024-07-04,0,54,"tabula",FALSE,54,59386,66542
2024-07-05,0,9,"tabula",FALSE,9,59395,66551
2024-07-06,0,8,"tabula",FALSE,8,59403,66559
2024-07-07,0,1,"tabula",FALSE,1,59404,66560
2024-07-08,0,46,"tabula",FALSE,46,59450,66606
2024-07-09,0,9,"tabula",FALSE,9,59459,66615
2024-07-10,0,16,"tabula",FALSE,16,59475,66631
2024-07-11,0,27,"tabula",FALSE,27,59502,66658
2024-07-12,0,7,"tabula",FALSE,7,59509,66665
2024-07-13,0,4,"tabula",FALSE,4,59513,66669
2024-07-14,0,4,"tabula",FALSE,4,59517,66673
2024-07-15,0,7,"tabula",FALSE,7,59524,66680
2024-07-16,0,14,"tabula",FALSE,14,59538,66694
2024-07-17,3,40,"tabula",FALSE,37,59575,66734
2024-07-18,0,11,"tabula",FALSE,11,59586,66745
2024-07-19,0,2,"tabula",FALSE,2,59588,66747
2024-07-20,0,4,"tabula",FALSE,4,59592,66751
2024-07-21,0,4,"tabula",FALSE,4,59596,66755
2024-07-22,0,13,"tabula",FALSE,13,59609,66768
2024-07-23,0,70,"tabula",FALSE,70,59679,66838
2024-07-24,2,32,"tabula",FALSE,30,59709,66870
2024-07-25,0,26,"tabula",FALSE,26,59735,66896
2024-07-26,0,55,"tabula",FALSE,55,59790,66951
2024-07-27,0,2,"tabula",FALSE,2,59792,66953
2024-07-28,0,2,"tabula",FALSE,2,59794,66955
2024-07-29,0,46,"tabula",FALSE,46,59840,67001
2024-07-30,0,22,"tabula",FALSE,22,59862,67023
2024-07-31,0,15,"tabula",FALSE,15,59877,67038
2024-08-01,1,75,"tabula",FALSE,74,59951,67113
2024-08-02,0,1,"tabula",FALSE,1,59952,67114
2024-08-03,0,7,"tabula",FALSE,7,59959,67121
2024-08-04,0,40,"tabula",FALSE,40,59999,67161
2024-08-05,0,10,"tabula",FALSE,10,60009,67171
2024-08-06,0,14,"tabula",FALSE,14,60023,67185
2024-08-07,0,51,"tabula",FALSE,51,60074,67236
2024-08-08,2,30,"tabula",FALSE,28,60102,67266
2024-08-09,0,3,"tabula",FALSE,3,60105,67269
2024-08-10,0,41,"tabula",FALSE,41,60146,67310
2024-08-11,0,44,"tabula",FALSE,44,60190,67354
2024-08-12,0,48,"tabula",FALSE,48,60238,67402
2024-08-13,0,49,"tabula",FALSE,49,60287,67451
2024-08-14,0,46,"tabula",FALSE,46,60333,67497
2024-08-15,2,71,"tabula",FALSE,69,60402,67568
2024-08-16,0,62,"tabula",FALSE,62,60464,67630
2024-08-17,0,50,"tabula",FALSE,50,60514,67680
2024-08-18,0,41,"tabula",FALSE,41,60555,67721
2024-08-19,0,46,"tabula",FALSE,46,60601,67767
2024-08-20,0,60,"tabula",FALSE,60,60661,67827
2024-08-21,0,56,"tabula",FALSE,56,60717,67883
2024-08-22,0,79,"tabula",FALSE,79,60796,67962
2024-08-23,0,52,"tabula",FALSE,52,60848,68014
2024-08-24,0,49,"tabula",FALSE,49,60897,68063
2024-08-25,0,6,"tabula",FALSE,6,60903,68069
2024-08-26,0,11,"tabula",FALSE,11,60914,68080
2024-08-27,0,51,"tabula",FALSE,51,60965,68131
2024-08-28,2,33,"tabula",FALSE,31,60996,68164
2024-08-29,0,14,"tabula",FALSE,14,61010,68178
2024-08-30,0,42,"tabula",FALSE,42,61052,68220
2024-08-31,0,10,"tabula",FALSE,10,61062,68230
2024-09-01,0,4,"tabula",FALSE,4,61066,68234
2024-09-02,0,48,"tabula",FALSE,48,61114,68282
2024-09-03,0,13,"tabula",FALSE,13,61127,68295
2024-09-04,2,37,"tabula",FALSE,35,61162,68332
2024-09-05,0,47,"tabula",TRUE,1,61163,68379
2024-09-06,0,29,"tabula",FALSE,1,61164,68408
2024-09-07,0,7,"tabula",FALSE,7,61171,68415
2024-09-08,0,50,"tabula",FALSE,50,61221,68465
2024-09-09,0,18,"tabula",FALSE,18,61239,68483
2024-09-10,0,18,"tabula",FALSE,18,61257,68501
2024-09-11,3,75,"tabula",FALSE,72,61329,68576
2024-09-12,0,17,"tabula",FALSE,17,61346,68593
2024-09-13,0,10,"tabula",FALSE,10,61356,68603
2024-09-14,0,17,"tabula",FALSE,17,61373,68620
2024-09-15,0,1,"tabula",FALSE,1,61374,68621
2024-09-16,0,7,"tabula",FALSE,7,61381,68628
2024-09-17,0,9,"tabula",FALSE,9,61390,68637
2024-09-18,2,38,"tabula",FALSE,36,61426,68675
2024-09-19,0,7,"tabula",FALSE,7,61433,68682
2024-09-20,0,9,"tabula",FALSE,9,61442,68691
2024-09-21,0,13,"tabula",FALSE,13,61455,68704
2024-09-22,0,3,"tabula",FALSE,3,61458,68707
2024-09-23,0,13,"tabula",FALSE,13,61471,68720
2024-09-24,0,19,"tabula",FALSE,19,61490,68739
2024-09-25,0,16,"tabula",FALSE,16,61506,68755
2024-09-26,1,38,"tabula",FALSE,37,61543,68793
2024-09-27,0,9,"tabula",FALSE,9,61552,68802
2024-09-28,1,18,"tabula",FALSE,17,61569,68820
2024-09-29,0,0,"tabula",FALSE,0,61569,68820
2024-09-30,0,0,"tabula",FALSE,0,61569,68820
2022-04-27,9,0,"tesselle",FALSE,0,0,0
2022-04-28,0,7,"tesselle",TRUE,1,1,7
2022-04-29,0,8,"tesselle",FALSE,1,2,15
2022-04-30,3,9,"tesselle",FALSE,6,8,24
2022-05-01,0,5,"tesselle",FALSE,5,13,29
2022-05-02,3,33,"tesselle",FALSE,30,43,62
2022-05-03,0,4,"tesselle",FALSE,4,47,66
2022-05-04,9,18,"tesselle",FALSE,9,56,84
2022-05-05,0,4,"tesselle",FALSE,4,60,88
2022-05-06,4,19,"tesselle",FALSE,15,75,107
2022-05-07,0,3,"tesselle",FALSE,3,78,110
2022-05-08,3,10,"tesselle",FALSE,7,85,120
2022-05-09,0,5,"tesselle",FALSE,5,90,125
2022-05-10,3,9,"tesselle",FALSE,6,96,134
2022-05-11,4,5,"tesselle",FALSE,1,97,139
2022-05-12,3,16,"tesselle",FALSE,13,110,155
2022-05-13,0,4,"tesselle",FALSE,4,114,159
2022-05-14,3,4,"tesselle",FALSE,1,115,163
2022-05-15,0,6,"tesselle",FALSE,6,121,169
2022-05-16,3,7,"tesselle",FALSE,4,125,176
2022-05-17,1,8,"tesselle",FALSE,7,132,184
2022-05-18,4,9,"tesselle",FALSE,5,137,193
2022-05-19,0,11,"tesselle",FALSE,11,148,204
2022-05-20,3,5,"tesselle",FALSE,2,150,209
2022-05-21,0,0,"tesselle",FALSE,0,150,209
2022-05-22,3,7,"tesselle",FALSE,4,154,216
2022-05-23,0,5,"tesselle",FALSE,5,159,221
2022-05-24,0,4,"tesselle",FALSE,4,163,225
2022-05-25,9,8,"tesselle",FALSE,0,163,233
2022-05-26,0,8,"tesselle",FALSE,8,171,241
2022-05-27,3,5,"tesselle",FALSE,2,173,246
2022-05-28,0,5,"tesselle",FALSE,5,178,251
2022-05-29,3,5,"tesselle",FALSE,2,180,256
2022-05-30,0,4,"tesselle",FALSE,4,184,260
2022-05-31,3,9,"tesselle",FALSE,6,190,269
2022-06-01,2,4,"tesselle",FALSE,2,192,273
2022-06-02,3,7,"tesselle",FALSE,4,196,280
2022-06-03,0,2,"tesselle",FALSE,2,198,282
2022-06-04,3,6,"tesselle",FALSE,3,201,288
2022-06-05,0,2,"tesselle",FALSE,2,203,290
2022-06-06,3,5,"tesselle",FALSE,2,205,295
2022-06-07,0,1,"tesselle",FALSE,1,206,296
2022-06-08,10,6,"tesselle",FALSE,0,206,302
2022-06-09,0,3,"tesselle",FALSE,3,209,305
2022-06-10,0,0,"tesselle",FALSE,0,209,305
2022-06-11,3,6,"tesselle",FALSE,3,212,311
2022-06-12,0,3,"tesselle",FALSE,3,215,314
2022-06-13,3,6,"tesselle",FALSE,3,218,320
2022-06-14,4,6,"tesselle",FALSE,2,220,326
2022-06-15,3,4,"tesselle",FALSE,1,221,330
2022-06-16,0,5,"tesselle",FALSE,5,226,335
2022-06-17,0,5,"tesselle",FALSE,5,231,340
2022-06-18,0,4,"tesselle",FALSE,4,235,344
2022-06-19,0,2,"tesselle",FALSE,2,237,346
2022-06-20,0,8,"tesselle",FALSE,8,245,354
2022-06-21,0,4,"tesselle",FALSE,4,249,358
2022-06-22,2,7,"tesselle",FALSE,5,254,365
2022-06-23,0,4,"tesselle",FALSE,4,258,369
2022-06-24,3,9,"tesselle",FALSE,6,264,378
2022-06-25,0,2,"tesselle",FALSE,2,266,380
2022-06-26,0,5,"tesselle",FALSE,5,271,385
2022-06-27,0,8,"tesselle",FALSE,8,279,393
2022-06-28,0,3,"tesselle",FALSE,3,282,396
2022-06-29,3,6,"tesselle",FALSE,3,285,402
2022-06-30,3,8,"tesselle",FALSE,5,290,410
2022-07-01,0,6,"tesselle",FALSE,6,296,416
2022-07-02,0,1,"tesselle",FALSE,1,297,417
2022-07-03,3,9,"tesselle",FALSE,6,303,426
2022-07-04,0,5,"tesselle",FALSE,5,308,431
2022-07-05,0,1,"tesselle",FALSE,1,309,432
2022-07-06,9,9,"tesselle",FALSE,0,309,441
2022-07-07,0,5,"tesselle",FALSE,5,314,446
2022-07-08,0,2,"tesselle",FALSE,2,316,448
2022-07-09,3,8,"tesselle",FALSE,5,321,456
2022-07-10,0,3,"tesselle",FALSE,3,324,459
2022-07-11,0,1,"tesselle",FALSE,1,325,460
2022-07-12,3,12,"tesselle",FALSE,9,334,472
2022-07-13,3,4,"tesselle",FALSE,1,335,476
2022-07-14,0,6,"tesselle",FALSE,6,341,482
2022-07-15,3,6,"tesselle",FALSE,3,344,488
2022-07-16,0,11,"tesselle",FALSE,11,355,499
2022-07-17,0,2,"tesselle",FALSE,2,357,501
2022-07-18,4,6,"tesselle",FALSE,2,359,507
2022-07-19,0,2,"tesselle",FALSE,2,361,509
2022-07-20,2,3,"tesselle",FALSE,1,362,512
2022-07-21,3,5,"tesselle",FALSE,2,364,517
2022-07-22,0,5,"tesselle",FALSE,5,369,522
2022-07-23,0,2,"tesselle",FALSE,2,371,524
2022-07-24,3,8,"tesselle",FALSE,5,376,532
2022-07-25,0,4,"tesselle",FALSE,4,380,536
2022-07-26,0,4,"tesselle",FALSE,4,384,540
2022-07-27,9,12,"tesselle",FALSE,3,387,552
2022-07-28,0,7,"tesselle",FALSE,7,394,559
2022-07-29,0,7,"tesselle",FALSE,7,401,566
2022-07-30,3,10,"tesselle",FALSE,7,408,576
2022-07-31,3,3,"tesselle",FALSE,0,408,579
2022-08-01,0,3,"tesselle",FALSE,3,411,582
2022-08-02,0,6,"tesselle",FALSE,6,417,588
2022-08-03,9,7,"tesselle",FALSE,0,417,595
2022-08-04,0,3,"tesselle",FALSE,3,420,598
2022-08-05,0,4,"tesselle",FALSE,4,424,602
2022-08-06,3,5,"tesselle",FALSE,2,426,607
2022-08-07,0,1,"tesselle",FALSE,1,427,608
2022-08-08,0,0,"tesselle",FALSE,0,427,608
2022-08-09,3,4,"tesselle",FALSE,1,428,612
2022-08-10,0,3,"tesselle",FALSE,3,431,615
2022-08-11,1,2,"tesselle",FALSE,1,432,617
2022-08-12,3,6,"tesselle",FALSE,3,435,623
2022-08-13,2,4,"tesselle",FALSE,2,437,627
2022-08-14,1,1,"tesselle",FALSE,0,437,628
2022-08-15,3,6,"tesselle",FALSE,3,440,634
2022-08-16,1,3,"tesselle",FALSE,2,442,637
2022-08-17,6,2,"tesselle",FALSE,0,442,639
2022-08-18,6,5,"tesselle",FALSE,0,442,644
2022-08-19,0,3,"tesselle",FALSE,3,445,647
2022-08-20,0,0,"tesselle",FALSE,0,445,647
2022-08-21,3,11,"tesselle",TRUE,1,446,658
2022-08-22,0,6,"tesselle",FALSE,1,447,664
2022-08-23,0,10,"tesselle",FALSE,10,457,674
2022-08-24,10,43,"tesselle",FALSE,33,490,717
2022-08-25,1,14,"tesselle",FALSE,13,503,731
2022-08-26,0,4,"tesselle",FALSE,4,507,735
2022-08-27,3,17,"tesselle",FALSE,14,521,752
2022-08-28,0,7,"tesselle",FALSE,7,528,759
2022-08-29,0,6,"tesselle",FALSE,6,534,765
2022-08-30,5,11,"tesselle",FALSE,6,540,776
2022-08-31,2,6,"tesselle",FALSE,4,544,782
2022-09-01,0,3,"tesselle",FALSE,3,547,785
2022-09-02,3,8,"tesselle",FALSE,5,552,793
2022-09-03,0,1,"tesselle",FALSE,1,553,794
2022-09-04,0,4,"tesselle",FALSE,4,557,798
2022-09-05,3,6,"tesselle",FALSE,3,560,804
2022-09-06,0,8,"tesselle",FALSE,8,568,812
2022-09-07,0,4,"tesselle",FALSE,4,572,816
2022-09-08,7,10,"tesselle",FALSE,3,575,826
2022-09-09,0,4,"tesselle",FALSE,4,579,830
2022-09-10,0,6,"tesselle",FALSE,6,585,836
2022-09-11,3,11,"tesselle",FALSE,8,593,847
2022-09-12,0,6,"tesselle",FALSE,6,599,853
2022-09-13,0,6,"tesselle",FALSE,6,605,859
2022-09-14,9,14,"tesselle",FALSE,5,610,873
2022-09-15,0,4,"tesselle",FALSE,4,614,877
2022-09-16,0,6,"tesselle",FALSE,6,620,883
2022-09-17,3,4,"tesselle",FALSE,1,621,887
2022-09-18,0,2,"tesselle",FALSE,2,623,889
2022-09-19,0,2,"tesselle",FALSE,2,625,891
2022-09-20,3,8,"tesselle",FALSE,5,630,899
2022-09-21,0,7,"tesselle",FALSE,7,637,906
2022-09-22,0,6,"tesselle",FALSE,6,643,912
2022-09-23,3,8,"tesselle",FALSE,5,648,920
2022-09-24,0,2,"tesselle",FALSE,2,650,922
2022-09-25,0,4,"tesselle",FALSE,4,654,926
2022-09-26,3,10,"tesselle",FALSE,7,661,936
2022-09-27,0,5,"tesselle",FALSE,5,666,941
2022-09-28,0,7,"tesselle",FALSE,7,673,948
2022-09-29,3,4,"tesselle",FALSE,1,674,952
2022-09-30,0,4,"tesselle",FALSE,4,678,956
2022-10-01,0,3,"tesselle",FALSE,3,681,959
2022-10-02,3,5,"tesselle",FALSE,2,683,964
2022-10-03,1,9,"tesselle",FALSE,8,691,973
2022-10-04,0,5,"tesselle",FALSE,5,696,978
2022-10-05,3,11,"tesselle",FALSE,8,704,989
2022-10-06,0,7,"tesselle",FALSE,7,711,996
2022-10-07,0,14,"tesselle",FALSE,14,725,1010
2022-10-08,3,8,"tesselle",FALSE,5,730,1018
2022-10-09,0,6,"tesselle",FALSE,6,736,1024
2022-10-10,0,5,"tesselle",FALSE,5,741,1029
2022-10-11,0,6,"tesselle",FALSE,6,747,1035
2022-10-12,3,11,"tesselle",FALSE,8,755,1046
2022-10-13,0,4,"tesselle",FALSE,4,759,1050
2022-10-14,0,4,"tesselle",FALSE,4,763,1054
2022-10-15,3,7,"tesselle",FALSE,4,767,1061
2022-10-16,0,2,"tesselle",FALSE,2,769,1063
2022-10-17,0,36,"tesselle",FALSE,36,805,1099
2022-10-18,3,7,"tesselle",FALSE,4,809,1106
2022-10-19,0,4,"tesselle",FALSE,4,813,1110
2022-10-20,3,9,"tesselle",FALSE,6,819,1119
2022-10-21,0,11,"tesselle",FALSE,11,830,1130
2022-10-22,0,3,"tesselle",FALSE,3,833,1133
2022-10-23,3,8,"tesselle",FALSE,5,838,1141
2022-10-24,0,6,"tesselle",FALSE,6,844,1147
2022-10-25,0,4,"tesselle",FALSE,4,848,1151
2022-10-26,3,9,"tesselle",FALSE,6,854,1160
2022-10-27,0,4,"tesselle",FALSE,4,858,1164
2022-10-28,0,11,"tesselle",FALSE,11,869,1175
2022-10-29,0,2,"tesselle",FALSE,2,871,1177
2022-10-30,0,2,"tesselle",FALSE,2,873,1179
2022-10-31,0,2,"tesselle",FALSE,2,875,1181
2022-11-01,0,6,"tesselle",FALSE,6,881,1187
2022-11-02,1,7,"tesselle",FALSE,6,887,1194
2022-11-03,3,5,"tesselle",FALSE,2,889,1199
2022-11-04,0,4,"tesselle",FALSE,4,893,1203
2022-11-05,3,5,"tesselle",FALSE,2,895,1208
2022-11-06,0,2,"tesselle",FALSE,2,897,1210
2022-11-07,3,7,"tesselle",FALSE,4,901,1217
2022-11-08,0,12,"tesselle",FALSE,12,913,1229
2022-11-09,0,8,"tesselle",FALSE,8,921,1237
2022-11-10,3,6,"tesselle",FALSE,3,924,1243
2022-11-11,0,4,"tesselle",FALSE,4,928,1247
2022-11-12,0,20,"tesselle",TRUE,1,929,1267
2022-11-13,0,7,"tesselle",FALSE,1,930,1274
2022-11-14,3,25,"tesselle",FALSE,22,952,1299
2022-11-15,0,6,"tesselle",FALSE,6,958,1305
2022-11-16,0,6,"tesselle",FALSE,6,964,1311
2022-11-17,3,26,"tesselle",FALSE,23,987,1337
2022-11-18,7,15,"tesselle",FALSE,8,995,1352
2022-11-19,0,4,"tesselle",FALSE,4,999,1356
2022-11-20,0,14,"tesselle",FALSE,14,1013,1370
2022-11-21,3,16,"tesselle",FALSE,13,1026,1386
2022-11-22,1,12,"tesselle",FALSE,11,1037,1398
2022-11-23,0,6,"tesselle",FALSE,6,1043,1404
2022-11-24,0,7,"tesselle",FALSE,7,1050,1411
2022-11-25,0,10,"tesselle",FALSE,10,1060,1421
2022-11-26,0,11,"tesselle",FALSE,11,1071,1432
2022-11-27,0,5,"tesselle",FALSE,5,1076,1437
2022-11-28,3,5,"tesselle",FALSE,2,1078,1442
2022-11-29,0,2,"tesselle",FALSE,2,1080,1444
2022-11-30,0,4,"tesselle",FALSE,4,1084,1448
2022-12-01,0,8,"tesselle",FALSE,8,1092,1456
2022-12-02,0,6,"tesselle",FALSE,6,1098,1462
2022-12-03,0,3,"tesselle",FALSE,3,1101,1465
2022-12-04,0,9,"tesselle",FALSE,9,1110,1474
2022-12-05,0,8,"tesselle",FALSE,8,1118,1482
2022-12-06,2,2,"tesselle",FALSE,0,1118,1484
2022-12-07,0,6,"tesselle",FALSE,6,1124,1490
2022-12-08,0,3,"tesselle",FALSE,3,1127,1493
2022-12-09,0,4,"tesselle",FALSE,4,1131,1497
2022-12-10,0,1,"tesselle",FALSE,1,1132,1498
2022-12-11,0,4,"tesselle",FALSE,4,1136,1502
2022-12-12,0,3,"tesselle",FALSE,3,1139,1505
2022-12-13,0,6,"tesselle",FALSE,6,1145,1511
2022-12-14,0,2,"tesselle",FALSE,2,1147,1513
2022-12-15,0,5,"tesselle",FALSE,5,1152,1518
2022-12-16,4,13,"tesselle",FALSE,9,1161,1531
2022-12-17,0,2,"tesselle",FALSE,2,1163,1533
2022-12-18,0,3,"tesselle",FALSE,3,1166,1536
2022-12-19,0,2,"tesselle",FALSE,2,1168,1538
2022-12-20,0,4,"tesselle",FALSE,4,1172,1542
2022-12-21,0,7,"tesselle",FALSE,7,1179,1549
2022-12-22,0,5,"tesselle",FALSE,5,1184,1554
2022-12-23,0,14,"tesselle",FALSE,14,1198,1568
2022-12-24,2,14,"tesselle",FALSE,12,1210,1582
2022-12-25,1,2,"tesselle",FALSE,1,1211,1584
2022-12-26,0,2,"tesselle",FALSE,2,1213,1586
2022-12-27,0,3,"tesselle",FALSE,3,1216,1589
2022-12-28,0,6,"tesselle",FALSE,6,1222,1595
2022-12-29,0,3,"tesselle",FALSE,3,1225,1598
2022-12-30,0,3,"tesselle",FALSE,3,1228,1601
2022-12-31,0,3,"tesselle",FALSE,3,1231,1604
2023-01-01,0,1,"tesselle",FALSE,1,1232,1605
2023-01-02,0,4,"tesselle",FALSE,4,1236,1609
2023-01-03,0,2,"tesselle",FALSE,2,1238,1611
2023-01-04,3,5,"tesselle",FALSE,2,1240,1616
2023-01-05,0,4,"tesselle",FALSE,4,1244,1620
2023-01-06,1,7,"tesselle",FALSE,6,1250,1627
2023-01-07,0,4,"tesselle",FALSE,4,1254,1631
2023-01-08,0,1,"tesselle",FALSE,1,1255,1632
2023-01-09,0,11,"tesselle",FALSE,11,1266,1643
2023-01-10,0,3,"tesselle",FALSE,3,1269,1646
2023-01-11,0,5,"tesselle",FALSE,5,1274,1651
2023-01-12,0,3,"tesselle",FALSE,3,1277,1654
2023-01-13,0,7,"tesselle",FALSE,7,1284,1661
2023-01-14,0,2,"tesselle",FALSE,2,1286,1663
2023-01-15,0,3,"tesselle",FALSE,3,1289,1666
2023-01-16,3,3,"tesselle",FALSE,0,1289,1669
2023-01-17,7,13,"tesselle",FALSE,6,1295,1682
2023-01-18,2,9,"tesselle",FALSE,7,1302,1691
2023-01-19,0,8,"tesselle",FALSE,8,1310,1699
2023-01-20,0,2,"tesselle",FALSE,2,1312,1701
2023-01-21,2,5,"tesselle",FALSE,3,1315,1706
2023-01-22,0,6,"tesselle",FALSE,6,1321,1712
2023-01-23,0,4,"tesselle",FALSE,4,1325,1716
2023-01-24,0,3,"tesselle",FALSE,3,1328,1719
2023-01-25,0,3,"tesselle",FALSE,3,1331,1722
2023-01-26,0,6,"tesselle",FALSE,6,1337,1728
2023-01-27,0,3,"tesselle",FALSE,3,1340,1731
2023-01-28,0,3,"tesselle",FALSE,3,1343,1734
2023-01-29,0,7,"tesselle",FALSE,7,1350,1741
2023-01-30,0,2,"tesselle",FALSE,2,1352,1743
2023-01-31,0,5,"tesselle",FALSE,5,1357,1748
2023-02-01,0,4,"tesselle",FALSE,4,1361,1752
2023-02-02,5,12,"tesselle",FALSE,7,1368,1764
2023-02-03,0,8,"tesselle",FALSE,8,1376,1772
2023-02-04,0,1,"tesselle",FALSE,1,1377,1773
2023-02-05,0,6,"tesselle",FALSE,6,1383,1779
2023-02-06,0,4,"tesselle",FALSE,4,1387,1783
2023-02-07,0,15,"tesselle",FALSE,15,1402,1798
2023-02-08,0,8,"tesselle",FALSE,8,1410,1806
2023-02-09,0,10,"tesselle",FALSE,10,1420,1816
2023-02-10,0,4,"tesselle",FALSE,4,1424,1820
2023-02-11,0,7,"tesselle",FALSE,7,1431,1827
2023-02-12,0,4,"tesselle",FALSE,4,1435,1831
2023-02-13,0,6,"tesselle",FALSE,6,1441,1837
2023-02-14,0,9,"tesselle",FALSE,9,1450,1846
2023-02-15,3,10,"tesselle",FALSE,7,1457,1856
2023-02-16,0,3,"tesselle",FALSE,3,1460,1859
2023-02-17,0,6,"tesselle",FALSE,6,1466,1865
2023-02-18,0,3,"tesselle",FALSE,3,1469,1868
2023-02-19,2,3,"tesselle",FALSE,1,1470,1871
2023-02-20,0,1,"tesselle",FALSE,1,1471,1872
2023-02-21,0,4,"tesselle",FALSE,4,1475,1876
2023-02-22,0,7,"tesselle",FALSE,7,1482,1883
2023-02-23,1,8,"tesselle",FALSE,7,1489,1891
2023-02-24,0,3,"tesselle",FALSE,3,1492,1894
2023-02-25,0,1,"tesselle",FALSE,1,1493,1895
2023-02-26,0,3,"tesselle",FALSE,3,1496,1898
2023-02-27,0,5,"tesselle",FALSE,5,1501,1903
2023-02-28,0,2,"tesselle",FALSE,2,1503,1905
2023-03-01,0,8,"tesselle",FALSE,8,1511,1913
2023-03-02,0,15,"tesselle",FALSE,15,1526,1928
2023-03-03,0,6,"tesselle",FALSE,6,1532,1934
2023-03-04,0,2,"tesselle",FALSE,2,1534,1936
2023-03-05,0,3,"tesselle",FALSE,3,1537,1939
2023-03-06,3,9,"tesselle",FALSE,6,1543,1948
2023-03-07,0,3,"tesselle",FALSE,3,1546,1951
2023-03-08,0,4,"tesselle",FALSE,4,1550,1955
2023-03-09,3,6,"tesselle",FALSE,3,1553,1961
2023-03-10,2,10,"tesselle",FALSE,8,1561,1971
2023-03-11,0,4,"tesselle",FALSE,4,1565,1975
2023-03-12,0,4,"tesselle",FALSE,4,1569,1979
2023-03-13,0,10,"tesselle",FALSE,10,1579,1989
2023-03-14,0,5,"tesselle",FALSE,5,1584,1994
2023-03-15,5,9,"tesselle",FALSE,4,1588,2003
2023-03-16,3,7,"tesselle",FALSE,4,1592,2010
2023-03-17,0,2,"tesselle",FALSE,2,1594,2012
2023-03-18,2,9,"tesselle",FALSE,7,1601,2021
2023-03-19,0,1,"tesselle",FALSE,1,1602,2022
2023-03-20,8,16,"tesselle",FALSE,8,1610,2038
2023-03-21,0,8,"tesselle",FALSE,8,1618,2046
2023-03-22,2,11,"tesselle",FALSE,9,1627,2057
2023-03-23,0,3,"tesselle",FALSE,3,1630,2060
2023-03-24,0,2,"tesselle",FALSE,2,1632,2062
2023-03-25,1,3,"tesselle",FALSE,2,1634,2065
2023-03-26,0,10,"tesselle",FALSE,10,1644,2075
2023-03-27,4,6,"tesselle",FALSE,2,1646,2081
2023-03-28,0,6,"tesselle",FALSE,6,1652,2087
2023-03-29,2,9,"tesselle",FALSE,7,1659,2096
2023-03-30,0,2,"tesselle",FALSE,2,1661,2098
2023-03-31,0,5,"tesselle",FALSE,5,1666,2103
2023-04-01,0,2,"tesselle",FALSE,2,1668,2105
2023-04-02,3,5,"tesselle",FALSE,2,1670,2110
2023-04-03,0,5,"tesselle",FALSE,5,1675,2115
2023-04-04,0,4,"tesselle",FALSE,4,1679,2119
2023-04-05,0,4,"tesselle",FALSE,4,1683,2123
2023-04-06,0,8,"tesselle",FALSE,8,1691,2131
2023-04-07,0,18,"tesselle",FALSE,18,1709,2149
2023-04-08,3,4,"tesselle",FALSE,1,1710,2153
2023-04-09,0,3,"tesselle",FALSE,3,1713,2156
2023-04-10,0,4,"tesselle",FALSE,4,1717,2160
2023-04-11,0,2,"tesselle",FALSE,2,1719,2162
2023-04-12,2,12,"tesselle",FALSE,10,1729,2174
2023-04-13,1,7,"tesselle",FALSE,6,1735,2181
2023-04-14,3,6,"tesselle",FALSE,3,1738,2187
2023-04-15,0,3,"tesselle",FALSE,3,1741,2190
2023-04-16,0,4,"tesselle",FALSE,4,1745,2194
2023-04-17,0,5,"tesselle",FALSE,5,1750,2199
2023-04-18,0,7,"tesselle",FALSE,7,1757,2206
2023-04-19,9,15,"tesselle",FALSE,6,1763,2221
2023-04-20,0,7,"tesselle",FALSE,7,1770,2228
2023-04-21,3,3,"tesselle",FALSE,0,1770,2231
2023-04-22,0,5,"tesselle",FALSE,5,1775,2236
2023-04-23,0,2,"tesselle",FALSE,2,1777,2238
2023-04-24,0,10,"tesselle",FALSE,10,1787,2248
2023-04-25,0,6,"tesselle",FALSE,6,1793,2254
2023-04-26,2,9,"tesselle",FALSE,7,1800,2263
2023-04-27,0,11,"tesselle",FALSE,11,1811,2274
2023-04-28,0,5,"tesselle",FALSE,5,1816,2279
2023-04-29,0,2,"tesselle",FALSE,2,1818,2281
2023-04-30,0,3,"tesselle",FALSE,3,1821,2284
2023-05-01,0,4,"tesselle",FALSE,4,1825,2288
2023-05-02,0,2,"tesselle",FALSE,2,1827,2290
2023-05-03,2,8,"tesselle",FALSE,6,1833,2298
2023-05-04,0,1,"tesselle",FALSE,1,1834,2299
2023-05-05,0,4,"tesselle",FALSE,4,1838,2303
2023-05-06,0,6,"tesselle",FALSE,6,1844,2309
2023-05-07,0,4,"tesselle",FALSE,4,1848,2313
2023-05-08,0,33,"tesselle",FALSE,33,1881,2346
2023-05-09,0,6,"tesselle",FALSE,6,1887,2352
2023-05-10,2,12,"tesselle",FALSE,10,1897,2364
2023-05-11,0,6,"tesselle",FALSE,6,1903,2370
2023-05-12,0,10,"tesselle",FALSE,10,1913,2380
2023-05-13,0,6,"tesselle",FALSE,6,1919,2386
2023-05-14,0,3,"tesselle",FALSE,3,1922,2389
2023-05-15,2,5,"tesselle",FALSE,3,1925,2394
2023-05-16,0,8,"tesselle",FALSE,8,1933,2402
2023-05-17,2,13,"tesselle",FALSE,11,1944,2415
2023-05-18,0,7,"tesselle",FALSE,7,1951,2422
2023-05-19,0,7,"tesselle",FALSE,7,1958,2429
2023-05-20,0,1,"tesselle",FALSE,1,1959,2430
2023-05-21,0,1,"tesselle",FALSE,1,1960,2431
2023-05-22,0,6,"tesselle",FALSE,6,1966,2437
2023-05-23,0,9,"tesselle",FALSE,9,1975,2446
2023-05-24,2,16,"tesselle",FALSE,14,1989,2462
2023-05-25,0,7,"tesselle",FALSE,7,1996,2469
2023-05-26,0,7,"tesselle",FALSE,7,2003,2476
2023-05-27,0,3,"tesselle",FALSE,3,2006,2479
2023-05-28,0,1,"tesselle",FALSE,1,2007,2480
2023-05-29,0,6,"tesselle",FALSE,6,2013,2486
2023-05-30,0,5,"tesselle",FALSE,5,2018,2491
2023-05-31,0,3,"tesselle",FALSE,3,2021,2494
2023-06-01,1,13,"tesselle",FALSE,12,2033,2507
2023-06-02,0,11,"tesselle",FALSE,11,2044,2518
2023-06-03,0,1,"tesselle",FALSE,1,2045,2519
2023-06-04,0,5,"tesselle",FALSE,5,2050,2524
2023-06-05,0,3,"tesselle",FALSE,3,2053,2527
2023-06-06,0,4,"tesselle",FALSE,4,2057,2531
2023-06-07,0,1,"tesselle",FALSE,1,2058,2532
2023-06-08,2,9,"tesselle",FALSE,7,2065,2541
2023-06-09,0,5,"tesselle",FALSE,5,2070,2546
2023-06-10,0,4,"tesselle",FALSE,4,2074,2550
2023-06-11,0,5,"tesselle",FALSE,5,2079,2555
2023-06-12,0,7,"tesselle",FALSE,7,2086,2562
2023-06-13,0,3,"tesselle",FALSE,3,2089,2565
2023-06-14,0,5,"tesselle",FALSE,5,2094,2570
2023-06-15,2,6,"tesselle",FALSE,4,2098,2576
2023-06-16,0,7,"tesselle",FALSE,7,2105,2583
2023-06-17,0,4,"tesselle",FALSE,4,2109,2587
2023-06-18,0,5,"tesselle",FALSE,5,2114,2592
2023-06-19,0,1,"tesselle",FALSE,1,2115,2593
2023-06-20,0,8,"tesselle",FALSE,8,2123,2601
2023-06-21,2,13,"tesselle",FALSE,11,2134,2614
2023-06-22,0,7,"tesselle",FALSE,7,2141,2621
2023-06-23,0,5,"tesselle",FALSE,5,2146,2626
2023-06-24,0,6,"tesselle",FALSE,6,2152,2632
2023-06-25,0,4,"tesselle",FALSE,4,2156,2636
2023-06-26,0,8,"tesselle",FALSE,8,2164,2644
2023-06-27,0,8,"tesselle",FALSE,8,2172,2652
2023-06-28,2,16,"tesselle",FALSE,14,2186,2668
2023-06-29,0,6,"tesselle",FALSE,6,2192,2674
2023-06-30,0,4,"tesselle",FALSE,4,2196,2678
2023-07-01,0,4,"tesselle",FALSE,4,2200,2682
2023-07-02,0,5,"tesselle",FALSE,5,2205,2687
2023-07-03,0,9,"tesselle",FALSE,9,2214,2696
2023-07-04,0,9,"tesselle",FALSE,9,2223,2705
2023-07-05,1,14,"tesselle",FALSE,13,2236,2719
2023-07-06,0,10,"tesselle",FALSE,10,2246,2729
2023-07-07,0,11,"tesselle",FALSE,11,2257,2740
2023-07-08,0,4,"tesselle",FALSE,4,2261,2744
2023-07-09,0,1,"tesselle",FALSE,1,2262,2745
2023-07-10,0,6,"tesselle",FALSE,6,2268,2751
2023-07-11,0,3,"tesselle",FALSE,3,2271,2754
2023-07-12,2,12,"tesselle",FALSE,10,2281,2766
2023-07-13,0,4,"tesselle",FALSE,4,2285,2770
2023-07-14,0,2,"tesselle",FALSE,2,2287,2772
2023-07-15,0,1,"tesselle",FALSE,1,2288,2773
2023-07-16,0,3,"tesselle",FALSE,3,2291,2776
2023-07-17,0,3,"tesselle",FALSE,3,2294,2779
2023-07-18,0,8,"tesselle",FALSE,8,2302,2787
2023-07-19,2,8,"tesselle",FALSE,6,2308,2795
2023-07-20,0,3,"tesselle",FALSE,3,2311,2798
2023-07-21,0,5,"tesselle",FALSE,5,2316,2803
2023-07-22,0,3,"tesselle",FALSE,3,2319,2806
2023-07-23,0,2,"tesselle",FALSE,2,2321,2808
2023-07-24,0,2,"tesselle",FALSE,2,2323,2810
2023-07-25,0,9,"tesselle",FALSE,9,2332,2819
2023-07-26,3,12,"tesselle",FALSE,9,2341,2831
2023-07-27,0,3,"tesselle",FALSE,3,2344,2834
2023-07-28,0,3,"tesselle",FALSE,3,2347,2837
2023-07-29,0,1,"tesselle",FALSE,1,2348,2838
2023-07-30,0,1,"tesselle",FALSE,1,2349,2839
2023-07-31,0,1,"tesselle",FALSE,1,2350,2840
2023-08-01,0,9,"tesselle",FALSE,9,2359,2849
2023-08-02,0,8,"tesselle",FALSE,8,2367,2857
2023-08-03,2,7,"tesselle",FALSE,5,2372,2864
2023-08-04,0,4,"tesselle",FALSE,4,2376,2868
2023-08-05,0,2,"tesselle",FALSE,2,2378,2870
2023-08-06,0,2,"tesselle",FALSE,2,2380,2872
2023-08-07,0,2,"tesselle",FALSE,2,2382,2874
2023-08-08,0,7,"tesselle",FALSE,7,2389,2881
2023-08-09,2,9,"tesselle",FALSE,7,2396,2890
2023-08-10,0,6,"tesselle",FALSE,6,2402,2896
2023-08-11,0,2,"tesselle",FALSE,2,2404,2898
2023-08-12,0,2,"tesselle",FALSE,2,2406,2900
2023-08-13,0,2,"tesselle",FALSE,2,2408,2902
2023-08-14,0,3,"tesselle",FALSE,3,2411,2905
2023-08-15,0,6,"tesselle",FALSE,6,2417,2911
2023-08-16,2,7,"tesselle",FALSE,5,2422,2918
2023-08-17,0,5,"tesselle",FALSE,5,2427,2923
2023-08-18,0,3,"tesselle",FALSE,3,2430,2926
2023-08-19,0,4,"tesselle",FALSE,4,2434,2930
2023-08-20,0,4,"tesselle",FALSE,4,2438,2934
2023-08-21,0,5,"tesselle",FALSE,5,2443,2939
2023-08-22,0,3,"tesselle",FALSE,3,2446,2942
2023-08-23,2,6,"tesselle",FALSE,4,2450,2948
2023-08-24,0,4,"tesselle",FALSE,4,2454,2952
2023-08-25,0,7,"tesselle",FALSE,7,2461,2959
2023-08-26,0,3,"tesselle",FALSE,3,2464,2962
2023-08-27,0,3,"tesselle",FALSE,3,2467,2965
2023-08-28,0,3,"tesselle",FALSE,3,2470,2968
2023-08-29,0,3,"tesselle",FALSE,3,2473,2971
2023-08-30,2,10,"tesselle",FALSE,8,2481,2981
2023-08-31,0,5,"tesselle",FALSE,5,2486,2986
2023-09-01,0,4,"tesselle",FALSE,4,2490,2990
2023-09-02,0,4,"tesselle",FALSE,4,2494,2994
2023-09-03,0,6,"tesselle",FALSE,6,2500,3000
2023-09-04,0,5,"tesselle",FALSE,5,2505,3005
2023-09-05,0,5,"tesselle",FALSE,5,2510,3010
2023-09-06,1,6,"tesselle",FALSE,5,2515,3016
2023-09-07,0,4,"tesselle",FALSE,4,2519,3020
2023-09-08,0,3,"tesselle",FALSE,3,2522,3023
2023-09-09,0,1,"tesselle",FALSE,1,2523,3024
2023-09-10,0,7,"tesselle",FALSE,7,2530,3031
2023-09-11,0,3,"tesselle",FALSE,3,2533,3034
2023-09-12,0,5,"tesselle",FALSE,5,2538,3039
2023-09-13,0,4,"tesselle",FALSE,4,2542,3043
2023-09-14,0,3,"tesselle",FALSE,3,2545,3046
2023-09-15,0,14,"tesselle",FALSE,14,2559,3060
2023-09-16,0,5,"tesselle",FALSE,5,2564,3065
2023-09-17,0,4,"tesselle",FALSE,4,2568,3069
2023-09-18,0,4,"tesselle",FALSE,4,2572,3073
2023-09-19,0,10,"tesselle",FALSE,10,2582,3083
2023-09-20,0,5,"tesselle",FALSE,5,2587,3088
2023-09-21,0,3,"tesselle",FALSE,3,2590,3091
2023-09-22,0,4,"tesselle",FALSE,4,2594,3095
2023-09-23,0,9,"tesselle",FALSE,9,2603,3104
2023-09-24,0,1,"tesselle",FALSE,1,2604,3105
2023-09-25,0,3,"tesselle",FALSE,3,2607,3108
2023-09-26,0,3,"tesselle",FALSE,3,2610,3111
2023-09-27,2,8,"tesselle",FALSE,6,2616,3119
2023-09-28,0,7,"tesselle",FALSE,7,2623,3126
2023-09-29,0,5,"tesselle",FALSE,5,2628,3131
2023-09-30,0,4,"tesselle",FALSE,4,2632,3135
2023-10-01,0,1,"tesselle",FALSE,1,2633,3136
2023-10-02,0,4,"tesselle",FALSE,4,2637,3140
2023-10-03,0,2,"tesselle",FALSE,2,2639,3142
2023-10-04,1,5,"tesselle",FALSE,4,2643,3147
2023-10-05,0,13,"tesselle",FALSE,13,2656,3160
2023-10-06,0,6,"tesselle",FALSE,6,2662,3166
2023-10-07,0,2,"tesselle",FALSE,2,2664,3168
2023-10-08,0,2,"tesselle",FALSE,2,2666,3170
2023-10-09,0,3,"tesselle",FALSE,3,2669,3173
2023-10-10,0,6,"tesselle",FALSE,6,2675,3179
2023-10-11,0,2,"tesselle",FALSE,2,2677,3181
2023-10-12,0,5,"tesselle",FALSE,5,2682,3186
2023-10-13,0,2,"tesselle",FALSE,2,2684,3188
2023-10-14,0,2,"tesselle",FALSE,2,2686,3190
2023-10-15,0,6,"tesselle",FALSE,6,2692,3196
2023-10-16,0,9,"tesselle",FALSE,9,2701,3205
2023-10-17,0,5,"tesselle",FALSE,5,2706,3210
2023-10-18,1,17,"tesselle",TRUE,1,2707,3227
2023-10-19,0,22,"tesselle",FALSE,1,2708,3249
2023-10-20,0,12,"tesselle",FALSE,12,2720,3261
2023-10-21,0,4,"tesselle",FALSE,4,2724,3265
2023-10-22,0,38,"tesselle",FALSE,38,2762,3303
2023-10-23,0,15,"tesselle",FALSE,15,2777,3318
2023-10-24,0,2,"tesselle",FALSE,2,2779,3320
2023-10-25,1,9,"tesselle",FALSE,8,2787,3329
2023-10-26,0,22,"tesselle",FALSE,22,2809,3351
2023-10-27,0,10,"tesselle",FALSE,10,2819,3361
2023-10-28,0,5,"tesselle",FALSE,5,2824,3366
2023-10-29,0,2,"tesselle",FALSE,2,2826,3368
2023-10-30,0,6,"tesselle",FALSE,6,2832,3374
2023-10-31,0,8,"tesselle",FALSE,8,2840,3382
2023-11-01,1,15,"tesselle",FALSE,14,2854,3397
2023-11-02,0,12,"tesselle",FALSE,12,2866,3409
2023-11-03,0,6,"tesselle",FALSE,6,2872,3415
2023-11-04,0,1,"tesselle",FALSE,1,2873,3416
2023-11-05,0,1,"tesselle",FALSE,1,2874,3417
2023-11-06,0,9,"tesselle",FALSE,9,2883,3426
2023-11-07,0,9,"tesselle",FALSE,9,2892,3435
2023-11-08,2,17,"tesselle",FALSE,15,2907,3452
2023-11-09,0,6,"tesselle",FALSE,6,2913,3458
2023-11-10,0,3,"tesselle",FALSE,3,2916,3461
2023-11-11,0,2,"tesselle",FALSE,2,2918,3463
2023-11-12,0,3,"tesselle",FALSE,3,2921,3466
2023-11-13,0,8,"tesselle",FALSE,8,2929,3474
2023-11-14,0,3,"tesselle",FALSE,3,2932,3477
2023-11-15,2,16,"tesselle",FALSE,14,2946,3493
2023-11-16,0,7,"tesselle",FALSE,7,2953,3500
2023-11-17,0,9,"tesselle",FALSE,9,2962,3509
2023-11-18,0,4,"tesselle",FALSE,4,2966,3513
2023-11-19,0,6,"tesselle",FALSE,6,2972,3519
2023-11-20,0,9,"tesselle",FALSE,9,2981,3528
2023-11-21,0,3,"tesselle",FALSE,3,2984,3531
2023-11-22,1,10,"tesselle",FALSE,9,2993,3541
2023-11-23,0,4,"tesselle",FALSE,4,2997,3545
2023-11-24,0,9,"tesselle",FALSE,9,3006,3554
2023-11-25,0,5,"tesselle",FALSE,5,3011,3559
2023-11-26,0,3,"tesselle",FALSE,3,3014,3562
2023-11-27,0,2,"tesselle",FALSE,2,3016,3564
2023-11-28,0,5,"tesselle",FALSE,5,3021,3569
2023-11-29,3,10,"tesselle",FALSE,7,3028,3579
2023-11-30,0,11,"tesselle",TRUE,1,3029,3590
2023-12-01,0,18,"tesselle",FALSE,1,3030,3608
2023-12-02,0,20,"tesselle",FALSE,20,3050,3628
2023-12-03,0,12,"tesselle",FALSE,12,3062,3640
2023-12-04,0,6,"tesselle",FALSE,6,3068,3646
2023-12-05,0,8,"tesselle",FALSE,8,3076,3654
2023-12-06,2,38,"tesselle",FALSE,36,3112,3692
2023-12-07,0,13,"tesselle",FALSE,13,3125,3705
2023-12-08,0,13,"tesselle",FALSE,13,3138,3718
2023-12-09,0,5,"tesselle",FALSE,5,3143,3723
2023-12-10,0,12,"tesselle",FALSE,12,3155,3735
2023-12-11,0,6,"tesselle",FALSE,6,3161,3741
2023-12-12,0,10,"tesselle",FALSE,10,3171,3751
2023-12-13,0,3,"tesselle",FALSE,3,3174,3754
2023-12-14,0,11,"tesselle",FALSE,11,3185,3765
2023-12-15,2,12,"tesselle",FALSE,10,3195,3777
2023-12-16,0,4,"tesselle",FALSE,4,3199,3781
2023-12-17,0,5,"tesselle",FALSE,5,3204,3786
2023-12-18,0,5,"tesselle",FALSE,5,3209,3791
2023-12-19,0,15,"tesselle",FALSE,15,3224,3806
2023-12-20,0,7,"tesselle",FALSE,7,3231,3813
2023-12-21,0,11,"tesselle",FALSE,11,3242,3824
2023-12-22,0,5,"tesselle",FALSE,5,3247,3829
2023-12-23,0,2,"tesselle",FALSE,2,3249,3831
2023-12-24,0,8,"tesselle",FALSE,8,3257,3839
2023-12-25,0,13,"tesselle",FALSE,13,3270,3852
2023-12-26,0,4,"tesselle",FALSE,4,3274,3856
2023-12-27,2,11,"tesselle",FALSE,9,3283,3867
2023-12-28,0,3,"tesselle",FALSE,3,3286,3870
2023-12-29,0,2,"tesselle",FALSE,2,3288,3872
2023-12-30,0,4,"tesselle",FALSE,4,3292,3876
2023-12-31,0,2,"tesselle",FALSE,2,3294,3878
2024-01-01,0,4,"tesselle",FALSE,4,3298,3882
2024-01-02,0,4,"tesselle",FALSE,4,3302,3886
2024-01-03,1,8,"tesselle",FALSE,7,3309,3894
2024-01-04,0,3,"tesselle",FALSE,3,3312,3897
2024-01-05,0,2,"tesselle",FALSE,2,3314,3899
2024-01-06,0,4,"tesselle",FALSE,4,3318,3903
2024-01-07,0,4,"tesselle",FALSE,4,3322,3907
2024-01-08,0,6,"tesselle",FALSE,6,3328,3913
2024-01-09,0,2,"tesselle",FALSE,2,3330,3915
2024-01-10,2,18,"tesselle",FALSE,16,3346,3933
2024-01-11,0,6,"tesselle",FALSE,6,3352,3939
2024-01-12,0,39,"tesselle",FALSE,39,3391,3978
2024-01-13,0,2,"tesselle",FALSE,2,3393,3980
2024-01-14,0,2,"tesselle",FALSE,2,3395,3982
2024-01-15,0,7,"tesselle",FALSE,7,3402,3989
2024-01-16,0,6,"tesselle",FALSE,6,3408,3995
2024-01-17,2,13,"tesselle",FALSE,11,3419,4008
2024-01-18,0,11,"tesselle",FALSE,11,3430,4019
2024-01-19,0,4,"tesselle",FALSE,4,3434,4023
2024-01-20,0,4,"tesselle",FALSE,4,3438,4027
2024-01-21,0,1,"tesselle",FALSE,1,3439,4028
2024-01-22,0,5,"tesselle",FALSE,5,3444,4033
2024-01-23,0,16,"tesselle",FALSE,16,3460,4049
2024-01-24,10,105,"tesselle",FALSE,95,3555,4154
2024-01-25,1,92,"tesselle",FALSE,91,3646,4246
2024-01-26,0,2,"tesselle",FALSE,2,3648,4248
2024-01-27,0,2,"tesselle",FALSE,2,3650,4250
2024-01-28,0,1,"tesselle",FALSE,1,3651,4251
2024-01-29,0,16,"tesselle",FALSE,16,3667,4267
2024-01-30,0,16,"tesselle",FALSE,16,3683,4283
2024-01-31,2,16,"tesselle",FALSE,14,3697,4299
2024-02-01,0,2,"tesselle",FALSE,2,3699,4301
2024-02-02,0,9,"tesselle",FALSE,9,3708,4310
2024-02-03,0,16,"tesselle",FALSE,16,3724,4326
2024-02-04,0,2,"tesselle",FALSE,2,3726,4328
2024-02-05,0,2,"tesselle",FALSE,2,3728,4330
2024-02-06,0,2,"tesselle",FALSE,2,3730,4332
2024-02-07,2,8,"tesselle",FALSE,6,3736,4340
2024-02-08,0,9,"tesselle",FALSE,9,3745,4349
2024-02-09,0,1,"tesselle",FALSE,1,3746,4350
2024-02-10,0,3,"tesselle",FALSE,3,3749,4353
2024-02-11,0,0,"tesselle",FALSE,0,3749,4353
2024-02-12,0,2,"tesselle",FALSE,2,3751,4355
2024-02-13,0,6,"tesselle",FALSE,6,3757,4361
2024-02-14,2,12,"tesselle",FALSE,10,3767,4373
2024-02-15,0,3,"tesselle",FALSE,3,3770,4376
2024-02-16,0,2,"tesselle",FALSE,2,3772,4378
2024-02-17,0,2,"tesselle",FALSE,2,3774,4380
2024-02-18,0,1,"tesselle",FALSE,1,3775,4381
2024-02-19,0,2,"tesselle",FALSE,2,3777,4383
2024-02-20,0,2,"tesselle",FALSE,2,3779,4385
2024-02-21,2,10,"tesselle",FALSE,8,3787,4395
2024-02-22,0,4,"tesselle",FALSE,4,3791,4399
2024-02-23,0,4,"tesselle",FALSE,4,3795,4403
2024-02-24,0,7,"tesselle",FALSE,7,3802,4410
2024-02-25,0,4,"tesselle",FALSE,4,3806,4414
2024-02-26,0,6,"tesselle",FALSE,6,3812,4420
2024-02-27,0,4,"tesselle",FALSE,4,3816,4424
2024-02-28,2,15,"tesselle",FALSE,13,3829,4439
2024-02-29,0,4,"tesselle",FALSE,4,3833,4443
2024-03-01,1,9,"tesselle",FALSE,8,3841,4452
2024-03-02,0,4,"tesselle",FALSE,4,3845,4456
2024-03-03,0,2,"tesselle",FALSE,2,3847,4458
2024-03-04,0,1,"tesselle",FALSE,1,3848,4459
2024-03-05,0,8,"tesselle",FALSE,8,3856,4467
2024-03-06,1,6,"tesselle",FALSE,5,3861,4473
2024-03-07,0,13,"tesselle",FALSE,13,3874,4486
2024-03-08,0,7,"tesselle",FALSE,7,3881,4493
2024-03-09,0,5,"tesselle",FALSE,5,3886,4498
2024-03-10,0,6,"tesselle",FALSE,6,3892,4504
2024-03-11,0,3,"tesselle",FALSE,3,3895,4507
2024-03-12,0,3,"tesselle",FALSE,3,3898,4510
2024-03-13,2,12,"tesselle",FALSE,10,3908,4522
2024-03-14,0,8,"tesselle",FALSE,8,3916,4530
2024-03-15,0,6,"tesselle",FALSE,6,3922,4536
2024-03-16,0,8,"tesselle",FALSE,8,3930,4544
2024-03-17,0,1,"tesselle",FALSE,1,3931,4545
2024-03-18,0,4,"tesselle",FALSE,4,3935,4549
2024-03-19,0,4,"tesselle",FALSE,4,3939,4553
2024-03-20,0,5,"tesselle",FALSE,5,3944,4558
2024-03-21,2,14,"tesselle",FALSE,12,3956,4572
2024-03-22,0,6,"tesselle",FALSE,6,3962,4578
2024-03-23,0,4,"tesselle",FALSE,4,3966,4582
2024-03-24,0,2,"tesselle",FALSE,2,3968,4584
2024-03-25,0,2,"tesselle",FALSE,2,3970,4586
2024-03-26,0,5,"tesselle",FALSE,5,3975,4591
2024-03-27,2,13,"tesselle",FALSE,11,3986,4604
2024-03-28,0,4,"tesselle",FALSE,4,3990,4608
2024-03-29,0,6,"tesselle",FALSE,6,3996,4614
2024-03-30,0,10,"tesselle",FALSE,10,4006,4624
2024-03-31,0,2,"tesselle",FALSE,2,4008,4626
2024-04-01,0,4,"tesselle",FALSE,4,4012,4630
2024-04-02,0,1,"tesselle",FALSE,1,4013,4631
2024-04-03,2,13,"tesselle",FALSE,11,4024,4644
2024-04-04,0,7,"tesselle",FALSE,7,4031,4651
2024-04-05,0,4,"tesselle",FALSE,4,4035,4655
2024-04-06,0,0,"tesselle",FALSE,0,4035,4655
2024-04-07,0,0,"tesselle",FALSE,0,4035,4655
2024-04-08,0,1,"tesselle",FALSE,1,4036,4656
2024-04-09,0,2,"tesselle",FALSE,2,4038,4658
2024-04-10,2,12,"tesselle",FALSE,10,4048,4670
2024-04-11,0,2,"tesselle",FALSE,2,4050,4672
2024-04-12,0,0,"tesselle",FALSE,0,4050,4672
2024-04-13,0,2,"tesselle",FALSE,2,4052,4674
2024-04-14,0,3,"tesselle",FALSE,3,4055,4677
2024-04-15,0,2,"tesselle",FALSE,2,4057,4679
2024-04-16,0,3,"tesselle",FALSE,3,4060,4682
2024-04-17,2,17,"tesselle",FALSE,15,4075,4699
2024-04-18,0,5,"tesselle",FALSE,5,4080,4704
2024-04-19,0,3,"tesselle",FALSE,3,4083,4707
2024-04-20,0,1,"tesselle",FALSE,1,4084,4708
2024-04-21,0,3,"tesselle",FALSE,3,4087,4711
2024-04-22,0,8,"tesselle",FALSE,8,4095,4719
2024-04-23,0,5,"tesselle",FALSE,5,4100,4724
2024-04-24,0,7,"tesselle",FALSE,7,4107,4731
2024-04-25,0,13,"tesselle",FALSE,13,4120,4744
2024-04-26,0,11,"tesselle",FALSE,11,4131,4755
2024-04-27,0,8,"tesselle",FALSE,8,4139,4763
2024-04-28,0,1,"tesselle",FALSE,1,4140,4764
2024-04-29,0,10,"tesselle",FALSE,10,4150,4774
2024-04-30,0,3,"tesselle",FALSE,3,4153,4777
2024-05-01,2,14,"tesselle",FALSE,12,4165,4791
2024-05-02,0,8,"tesselle",FALSE,8,4173,4799
2024-05-03,0,2,"tesselle",FALSE,2,4175,4801
2024-05-04,0,9,"tesselle",FALSE,9,4184,4810
2024-05-05,0,2,"tesselle",FALSE,2,4186,4812
2024-05-06,0,11,"tesselle",FALSE,11,4197,4823
2024-05-07,0,4,"tesselle",FALSE,4,4201,4827
2024-05-08,2,17,"tesselle",FALSE,15,4216,4844
2024-05-09,0,2,"tesselle",FALSE,2,4218,4846
2024-05-10,0,8,"tesselle",FALSE,8,4226,4854
2024-05-11,0,3,"tesselle",FALSE,3,4229,4857
2024-05-12,0,3,"tesselle",FALSE,3,4232,4860
2024-05-13,0,3,"tesselle",FALSE,3,4235,4863
2024-05-14,0,9,"tesselle",FALSE,9,4244,4872
2024-05-15,2,14,"tesselle",FALSE,12,4256,4886
2024-05-16,0,3,"tesselle",FALSE,3,4259,4889
2024-05-17,0,4,"tesselle",FALSE,4,4263,4893
2024-05-18,0,1,"tesselle",FALSE,1,4264,4894
2024-05-19,0,4,"tesselle",FALSE,4,4268,4898
2024-05-20,0,1,"tesselle",FALSE,1,4269,4899
2024-05-21,0,5,"tesselle",FALSE,5,4274,4904
2024-05-22,2,24,"tesselle",FALSE,22,4296,4928
2024-05-23,0,5,"tesselle",FALSE,5,4301,4933
2024-05-24,0,4,"tesselle",FALSE,4,4305,4937
2024-05-25,0,1,"tesselle",FALSE,1,4306,4938
2024-05-26,0,3,"tesselle",FALSE,3,4309,4941
2024-05-27,0,6,"tesselle",FALSE,6,4315,4947
2024-05-28,0,3,"tesselle",FALSE,3,4318,4950
2024-05-29,3,9,"tesselle",FALSE,6,4324,4959
2024-05-30,0,14,"tesselle",FALSE,14,4338,4973
2024-05-31,0,10,"tesselle",FALSE,10,4348,4983
2024-06-01,0,2,"tesselle",FALSE,2,4350,4985
2024-06-02,0,5,"tesselle",FALSE,5,4355,4990
2024-06-03,0,0,"tesselle",FALSE,0,4355,4990
2024-06-04,0,15,"tesselle",FALSE,15,4370,5005
2024-06-05,2,20,"tesselle",FALSE,18,4388,5025
2024-06-06,0,1,"tesselle",FALSE,1,4389,5026
2024-06-07,0,1,"tesselle",FALSE,1,4390,5027
2024-06-08,0,3,"tesselle",FALSE,3,4393,5030
2024-06-09,0,0,"tesselle",FALSE,0,4393,5030
2024-06-10,0,3,"tesselle",FALSE,3,4396,5033
2024-06-11,0,8,"tesselle",FALSE,8,4404,5041
2024-06-12,2,12,"tesselle",FALSE,10,4414,5053
2024-06-13,0,1,"tesselle",FALSE,1,4415,5054
2024-06-14,0,3,"tesselle",FALSE,3,4418,5057
2024-06-15,0,0,"tesselle",FALSE,0,4418,5057
2024-06-16,0,7,"tesselle",FALSE,7,4425,5064
2024-06-17,0,4,"tesselle",FALSE,4,4429,5068
2024-06-18,0,5,"tesselle",FALSE,5,4434,5073
2024-06-19,2,14,"tesselle",FALSE,12,4446,5087
2024-06-20,0,2,"tesselle",FALSE,2,4448,5089
2024-06-21,0,5,"tesselle",FALSE,5,4453,5094
2024-06-22,0,3,"tesselle",FALSE,3,4456,5097
2024-06-23,0,6,"tesselle",FALSE,6,4462,5103
2024-06-24,0,8,"tesselle",FALSE,8,4470,5111
2024-06-25,0,3,"tesselle",FALSE,3,4473,5114
2024-06-26,0,1,"tesselle",FALSE,1,4474,5115
2024-06-27,0,13,"tesselle",FALSE,13,4487,5128
2024-06-28,0,1,"tesselle",FALSE,1,4488,5129
2024-06-29,0,3,"tesselle",FALSE,3,4491,5132
2024-06-30,0,0,"tesselle",FALSE,0,4491,5132
2024-07-01,0,10,"tesselle",FALSE,10,4501,5142
2024-07-02,0,3,"tesselle",FALSE,3,4504,5145
2024-07-03,2,19,"tesselle",FALSE,17,4521,5164
2024-07-04,0,5,"tesselle",FALSE,5,4526,5169
2024-07-05,0,5,"tesselle",FALSE,5,4531,5174
2024-07-06,0,2,"tesselle",FALSE,2,4533,5176
2024-07-07,0,0,"tesselle",FALSE,0,4533,5176
2024-07-08,0,5,"tesselle",FALSE,5,4538,5181
2024-07-09,0,4,"tesselle",FALSE,4,4542,5185
2024-07-10,0,5,"tesselle",FALSE,5,4547,5190
2024-07-11,0,9,"tesselle",FALSE,9,4556,5199
2024-07-12,0,2,"tesselle",FALSE,2,4558,5201
2024-07-13,0,3,"tesselle",FALSE,3,4561,5204
2024-07-14,0,6,"tesselle",FALSE,6,4567,5210
2024-07-15,0,2,"tesselle",FALSE,2,4569,5212
2024-07-16,0,5,"tesselle",FALSE,5,4574,5217
2024-07-17,3,17,"tesselle",FALSE,14,4588,5234
2024-07-18,0,5,"tesselle",FALSE,5,4593,5239
2024-07-19,0,2,"tesselle",FALSE,2,4595,5241
2024-07-20,0,2,"tesselle",FALSE,2,4597,5243
2024-07-21,0,2,"tesselle",FALSE,2,4599,5245
2024-07-22,0,5,"tesselle",FALSE,5,4604,5250
2024-07-23,0,7,"tesselle",FALSE,7,4611,5257
2024-07-24,2,16,"tesselle",FALSE,14,4625,5273
2024-07-25,0,7,"tesselle",FALSE,7,4632,5280
2024-07-26,0,9,"tesselle",FALSE,9,4641,5289
2024-07-27,0,1,"tesselle",FALSE,1,4642,5290
2024-07-28,0,1,"tesselle",FALSE,1,4643,5291
2024-07-29,0,0,"tesselle",FALSE,0,4643,5291
2024-07-30,0,13,"tesselle",FALSE,13,4656,5304
2024-07-31,0,7,"tesselle",FALSE,7,4663,5311
2024-08-01,1,13,"tesselle",FALSE,12,4675,5324
2024-08-02,0,1,"tesselle",FALSE,1,4676,5325
2024-08-03,0,2,"tesselle",FALSE,2,4678,5327
2024-08-04,0,1,"tesselle",FALSE,1,4679,5328
2024-08-05,0,4,"tesselle",FALSE,4,4683,5332
2024-08-06,0,10,"tesselle",FALSE,10,4693,5342
2024-08-07,0,10,"tesselle",FALSE,10,4703,5352
2024-08-08,2,11,"tesselle",FALSE,9,4712,5363
2024-08-09,0,0,"tesselle",FALSE,0,4712,5363
2024-08-10,0,2,"tesselle",FALSE,2,4714,5365
2024-08-11,0,4,"tesselle",FALSE,4,4718,5369
2024-08-12,0,6,"tesselle",FALSE,6,4724,5375
2024-08-13,0,5,"tesselle",FALSE,5,4729,5380
2024-08-14,0,5,"tesselle",FALSE,5,4734,5385
2024-08-15,2,11,"tesselle",FALSE,9,4743,5396
2024-08-16,0,5,"tesselle",FALSE,5,4748,5401
2024-08-17,0,7,"tesselle",FALSE,7,4755,5408
2024-08-18,0,0,"tesselle",FALSE,0,4755,5408
2024-08-19,0,2,"tesselle",FALSE,2,4757,5410
2024-08-20,0,5,"tesselle",FALSE,5,4762,5415
2024-08-21,0,7,"tesselle",FALSE,7,4769,5422
2024-08-22,0,22,"tesselle",FALSE,22,4791,5444
2024-08-23,0,10,"tesselle",FALSE,10,4801,5454
2024-08-24,0,4,"tesselle",FALSE,4,4805,5458
2024-08-25,0,2,"tesselle",FALSE,2,4807,5460
2024-08-26,0,4,"tesselle",FALSE,4,4811,5464
2024-08-27,0,6,"tesselle",FALSE,6,4817,5470
2024-08-28,2,14,"tesselle",FALSE,12,4829,5484
2024-08-29,0,3,"tesselle",FALSE,3,4832,5487
2024-08-30,0,2,"tesselle",FALSE,2,4834,5489
2024-08-31,0,0,"tesselle",FALSE,0,4834,5489
2024-09-01,0,3,"tesselle",FALSE,3,4837,5492
2024-09-02,0,1,"tesselle",FALSE,1,4838,5493
2024-09-03,0,3,"tesselle",FALSE,3,4841,5496
2024-09-04,2,19,"tesselle",FALSE,17,4858,5515
2024-09-05,0,7,"tesselle",FALSE,7,4865,5522
2024-09-06,0,6,"tesselle",FALSE,6,4871,5528
2024-09-07,0,0,"tesselle",FALSE,0,4871,5528
2024-09-08,0,2,"tesselle",FALSE,2,4873,5530
2024-09-09,0,9,"tesselle",FALSE,9,4882,5539
2024-09-10,0,10,"tesselle",FALSE,10,4892,5549
2024-09-11,3,32,"tesselle",FALSE,29,4921,5581
2024-09-12,0,10,"tesselle",FALSE,10,4931,5591
2024-09-13,0,4,"tesselle",FALSE,4,4935,5595
2024-09-14,0,7,"tesselle",FALSE,7,4942,5602
2024-09-15,0,5,"tesselle",FALSE,5,4947,5607
2024-09-16,0,0,"tesselle",FALSE,0,4947,5607
2024-09-17,0,1,"tesselle",FALSE,1,4948,5608
2024-09-18,2,10,"tesselle",FALSE,8,4956,5618
2024-09-19,0,2,"tesselle",FALSE,2,4958,5620
2024-09-20,0,2,"tesselle",FALSE,2,4960,5622
2024-09-21,0,10,"tesselle",FALSE,10,4970,5632
2024-09-22,0,0,"tesselle",FALSE,0,4970,5632
2024-09-23,0,6,"tesselle",FALSE,6,4976,5638
2024-09-24,0,5,"tesselle",FALSE,5,4981,5643
2024-09-25,0,8,"tesselle",FALSE,8,4989,5651
2024-09-26,1,10,"tesselle",FALSE,9,4998,5661
2024-09-27,0,4,"tesselle",FALSE,4,5002,5665
2024-09-28,1,8,"tesselle",FALSE,7,5009,5673
2024-09-29,0,0,"tesselle",FALSE,0,5009,5673
2024-09-30,0,0,"tesselle",FALSE,0,5009,5673
2024-10-01,0,0,"alkahest",FALSE,0,0,0
2024-10-01,0,0,"arkhe",FALSE,0,0,0
2024-10-01,0,0,"dimensio",FALSE,0,0,0
2024-10-01,0,0,"folio",FALSE,0,0,0
2024-10-01,0,0,"isopleuros",FALSE,0,0,0
2024-10-01,0,0,"kairos",FALSE,0,0,0
2024-10-01,0,0,"khroma",FALSE,0,0,0
2024-10-01,0,0,"nexus",FALSE,0,0,0
2024-10-01,0,0,"tabula",FALSE,0,0,0
2024-10-01,0,0,"tesselle",FALSE,0,0,0
2024-10-03,0,10,"aion",FALSE,10,10,10
2024-10-06,0,17,"aion",FALSE,17,27,27
2024-10-07,0,24,"aion",FALSE,24,51,51
2024-10-08,0,40,"aion",FALSE,40,91,91
2024-10-09,1,39,"aion",FALSE,38,129,130
2024-10-10,0,17,"aion",FALSE,17,146,147
2024-10-11,0,35,"aion",FALSE,35,181,182
2024-10-12,2,21,"aion",FALSE,19,200,203
2024-10-13,0,0,"aion",FALSE,0,200,203
2024-10-14,0,0,"aion",FALSE,0,200,203
2024-10-02,2,13,"alkahest",FALSE,11,11,13
2024-10-03,0,11,"alkahest",FALSE,11,22,24
2024-10-04,0,5,"alkahest",FALSE,5,27,29
2024-10-05,0,4,"alkahest",FALSE,4,31,33
2024-10-06,0,5,"alkahest",FALSE,5,36,38
2024-10-07,0,5,"alkahest",FALSE,5,41,43
2024-10-08,0,5,"alkahest",FALSE,5,46,48
2024-10-09,1,16,"alkahest",FALSE,15,61,64
2024-10-10,0,2,"alkahest",FALSE,2,63,66
2024-10-11,0,7,"alkahest",FALSE,7,70,73
2024-10-12,2,8,"alkahest",FALSE,6,76,81
2024-10-13,0,0,"alkahest",FALSE,0,76,81
2024-10-14,0,0,"alkahest",FALSE,0,76,81
2024-10-02,2,52,"arkhe",FALSE,50,50,52
2024-10-03,0,12,"arkhe",FALSE,12,62,64
2024-10-04,0,21,"arkhe",FALSE,21,83,85
2024-10-05,0,18,"arkhe",FALSE,18,101,103
2024-10-06,0,7,"arkhe",FALSE,7,108,110
2024-10-07,0,15,"arkhe",FALSE,15,123,125
2024-10-08,0,24,"arkhe",FALSE,24,147,149
2024-10-09,1,52,"arkhe",FALSE,51,198,201
2024-10-10,0,11,"arkhe",FALSE,11,209,212
2024-10-11,0,29,"arkhe",FALSE,29,238,241
2024-10-12,2,18,"arkhe",FALSE,16,254,259
2024-10-13,0,0,"arkhe",FALSE,0,254,259
2024-10-14,0,0,"arkhe",FALSE,0,254,259
2024-10-02,2,29,"dimensio",FALSE,27,27,29
2024-10-03,0,9,"dimensio",FALSE,9,36,38
2024-10-04,0,6,"dimensio",FALSE,6,42,44
2024-10-05,0,3,"dimensio",FALSE,3,45,47
2024-10-06,0,3,"dimensio",FALSE,3,48,50
2024-10-07,0,9,"dimensio",FALSE,9,57,59
2024-10-08,0,7,"dimensio",FALSE,7,64,66
2024-10-09,1,31,"dimensio",FALSE,30,94,97
2024-10-10,0,5,"dimensio",FALSE,5,99,102
2024-10-11,0,11,"dimensio",FALSE,11,110,113
2024-10-12,2,6,"dimensio",FALSE,4,114,119
2024-10-13,0,0,"dimensio",FALSE,0,114,119
2024-10-14,0,0,"dimensio",FALSE,0,114,119
2024-10-02,2,30,"folio",FALSE,28,28,30
2024-10-03,0,8,"folio",FALSE,8,36,38
2024-10-04,0,4,"folio",FALSE,4,40,42
2024-10-05,0,17,"folio",FALSE,17,57,59
2024-10-06,0,4,"folio",FALSE,4,61,63
2024-10-07,0,4,"folio",FALSE,4,65,67
2024-10-08,0,21,"folio",FALSE,21,86,88
2024-10-09,1,13,"folio",FALSE,12,98,101
2024-10-10,0,7,"folio",FALSE,7,105,108
2024-10-11,0,23,"folio",FALSE,23,128,131
2024-10-12,2,9,"folio",FALSE,7,135,140
2024-10-13,0,0,"folio",FALSE,0,135,140
2024-10-14,0,0,"folio",FALSE,0,135,140
2024-10-02,2,7,"isopleuros",FALSE,5,5,7
2024-10-03,0,6,"isopleuros",FALSE,6,11,13
2024-10-04,0,3,"isopleuros",FALSE,3,14,16
2024-10-05,0,3,"isopleuros",FALSE,3,17,19
2024-10-06,0,1,"isopleuros",FALSE,1,18,20
2024-10-07,0,2,"isopleuros",FALSE,2,20,22
2024-10-08,0,5,"isopleuros",FALSE,5,25,27
2024-10-09,1,7,"isopleuros",FALSE,6,31,34
2024-10-10,0,6,"isopleuros",FALSE,6,37,40
2024-10-11,0,7,"isopleuros",FALSE,7,44,47
2024-10-12,2,9,"isopleuros",FALSE,7,51,56
2024-10-13,0,0,"isopleuros",FALSE,0,51,56
2024-10-14,0,0,"isopleuros",FALSE,0,51,56
2024-10-02,2,19,"kairos",FALSE,17,17,19
2024-10-03,0,6,"kairos",FALSE,6,23,25
2024-10-04,0,4,"kairos",FALSE,4,27,29
2024-10-05,0,2,"kairos",FALSE,2,29,31
2024-10-06,0,2,"kairos",FALSE,2,31,33
2024-10-07,0,4,"kairos",FALSE,4,35,37
2024-10-08,0,4,"kairos",FALSE,4,39,41
2024-10-09,1,12,"kairos",FALSE,11,50,53
2024-10-10,0,9,"kairos",FALSE,9,59,62
2024-10-11,0,9,"kairos",FALSE,9,68,71
2024-10-12,2,6,"kairos",FALSE,4,72,77
2024-10-13,0,0,"kairos",FALSE,0,72,77
2024-10-14,0,0,"kairos",FALSE,0,72,77
2024-10-02,2,69,"khroma",FALSE,67,67,69
2024-10-03,0,49,"khroma",FALSE,49,116,118
2024-10-04,0,24,"khroma",FALSE,24,140,142
2024-10-05,0,16,"khroma",FALSE,16,156,158
2024-10-06,0,22,"khroma",FALSE,22,178,180
2024-10-07,0,39,"khroma",FALSE,39,217,219
2024-10-08,0,38,"khroma",FALSE,38,255,257
2024-10-09,1,57,"khroma",FALSE,56,311,314
2024-10-10,0,71,"khroma",FALSE,71,382,385
2024-10-11,0,51,"khroma",FALSE,51,433,436
2024-10-12,2,17,"khroma",FALSE,15,448,453
2024-10-13,0,0,"khroma",FALSE,0,448,453
2024-10-14,0,0,"khroma",FALSE,0,448,453
2024-10-02,2,12,"nexus",FALSE,10,10,12
2024-10-03,0,6,"nexus",FALSE,6,16,18
2024-10-04,0,4,"nexus",FALSE,4,20,22
2024-10-05,0,2,"nexus",FALSE,2,22,24
2024-10-06,0,2,"nexus",FALSE,2,24,26
2024-10-07,0,4,"nexus",FALSE,4,28,30
2024-10-08,0,4,"nexus",FALSE,4,32,34
2024-10-09,1,9,"nexus",FALSE,8,40,43
2024-10-10,0,3,"nexus",FALSE,3,43,46
2024-10-11,0,5,"nexus",FALSE,5,48,51
2024-10-12,2,5,"nexus",FALSE,3,51,56
2024-10-13,0,0,"nexus",FALSE,0,51,56
2024-10-14,0,0,"nexus",FALSE,0,51,56
2024-10-02,2,40,"tabula",FALSE,38,38,40
2024-10-03,0,9,"tabula",FALSE,9,47,49
2024-10-04,0,4,"tabula",FALSE,4,51,53
2024-10-05,0,6,"tabula",FALSE,6,57,59
2024-10-06,0,5,"tabula",FALSE,5,62,64
2024-10-07,0,6,"tabula",FALSE,6,68,70
2024-10-08,0,15,"tabula",FALSE,15,83,85
2024-10-09,1,15,"tabula",FALSE,14,97,100
2024-10-10,0,44,"tabula",FALSE,44,141,144
2024-10-11,0,13,"tabula",FALSE,13,154,157
2024-10-12,2,10,"tabula",FALSE,8,162,167
2024-10-13,0,0,"tabula",FALSE,0,162,167
2024-10-14,0,0,"tabula",FALSE,0,162,167
2024-10-02,2,9,"tesselle",FALSE,7,7,9
2024-10-03,0,5,"tesselle",FALSE,5,12,14
2024-10-04,0,2,"tesselle",FALSE,2,14,16
2024-10-05,0,1,"tesselle",FALSE,1,15,17
2024-10-06,0,0,"tesselle",FALSE,0,15,17
2024-10-07,0,1,"tesselle",FALSE,1,16,18
2024-10-08,0,2,"tesselle",FALSE,2,18,20
2024-10-09,1,4,"tesselle",FALSE,3,21,24
2024-10-10,0,11,"tesselle",FALSE,11,32,35
2024-10-11,0,4,"tesselle",FALSE,4,36,39
2024-10-12,2,4,"tesselle",FALSE,2,38,43
2024-10-13,0,0,"tesselle",FALSE,0,38,43
2024-10-14,0,0,"tesselle",FALSE,0,38,43
2024-10-15,0,0,"alkahest",FALSE,0,0,0
2024-10-15,0,0,"arkhe",FALSE,0,0,0
2024-10-15,0,0,"dimensio",FALSE,0,0,0
2024-10-15,0,0,"folio",FALSE,0,0,0
2024-10-15,0,0,"isopleuros",FALSE,0,0,0
2024-10-15,0,0,"kairos",FALSE,0,0,0
2024-10-15,0,0,"khroma",FALSE,0,0,0
2024-10-15,0,0,"nexus",FALSE,0,0,0
2024-10-15,0,0,"tabula",FALSE,0,0,0
2024-10-15,0,0,"tesselle",FALSE,0,0,0
2024-10-17,0,0,"aion",FALSE,0,0,0
2024-10-16,0,0,"alkahest",FALSE,0,0,0
2024-10-17,0,0,"alkahest",FALSE,0,0,0
2024-10-16,0,0,"arkhe",FALSE,0,0,0
2024-10-17,0,0,"arkhe",FALSE,0,0,0
2024-10-16,0,0,"dimensio",FALSE,0,0,0
2024-10-17,0,0,"dimensio",FALSE,0,0,0
2024-10-16,0,0,"folio",FALSE,0,0,0
2024-10-17,0,0,"folio",FALSE,0,0,0
2024-10-16,0,0,"isopleuros",FALSE,0,0,0
2024-10-17,0,0,"isopleuros",FALSE,0,0,0
2024-10-16,0,0,"kairos",FALSE,0,0,0
2024-10-17,0,0,"kairos",FALSE,0,0,0
2024-10-16,0,0,"khroma",FALSE,0,0,0
2024-10-17,0,0,"khroma",FALSE,0,0,0
2024-10-16,0,0,"nexus",FALSE,0,0,0
2024-10-17,0,0,"nexus",FALSE,0,0,0
2024-10-16,0,0,"tabula",FALSE,0,0,0
2024-10-17,0,0,"tabula",FALSE,0,0,0
2024-10-16,0,0,"tesselle",FALSE,0,0,0
2024-10-17,0,0,"tesselle",FALSE,0,0,0
